date,geography,geography code,Disability: Total: All usual residents,Disability: Disabled under the Equality Act,Disability: Disabled under the Equality Act: Day-to-day activities limited a lot,Disability: Disabled under the Equality Act: Day-to-day activities limited a little,Disability: Not disabled under the Equality Act,Disability: Not disabled under the Equality Act: Has long term physical or mental health condition but day-to-day activities are not limited,Disability: Not disabled under the Equality Act: No long term physical or mental health conditions
2021,City of London 001,E02000001,8583,919,280,639,7664,651,7013
2021,Barking and Dagenham 001,E02000002,8281,1286,667,619,6995,314,6681
2021,Barking and Dagenham 002,E02000003,11542,1413,625,788,10129,453,9676
2021,Barking and Dagenham 003,E02000004,6640,995,466,529,5645,309,5336
2021,Barking and Dagenham 004,E02000005,11081,1387,644,743,9694,411,9283
2021,Barking and Dagenham 006,E02000007,10162,1603,772,831,8559,389,8170
2021,Barking and Dagenham 007,E02000008,13250,2084,1007,1077,11166,524,10642
2021,Barking and Dagenham 008,E02000009,12861,1578,774,804,11283,425,10858
2021,Barking and Dagenham 009,E02000010,9485,1292,631,661,8193,384,7809
2021,Barking and Dagenham 010,E02000011,7031,971,454,517,6060,246,5814
2021,Barking and Dagenham 011,E02000012,11510,1342,590,752,10168,389,9779
2021,Barking and Dagenham 012,E02000013,9398,1368,668,700,8030,367,7663
2021,Barking and Dagenham 013,E02000014,9865,1500,709,791,8365,366,7999
2021,Barking and Dagenham 014,E02000015,8228,1155,523,632,7073,253,6820
2021,Barking and Dagenham 015,E02000016,10568,1021,421,600,9547,342,9205
2021,Barking and Dagenham 016,E02000017,9133,1090,510,580,8043,253,7790
2021,Barking and Dagenham 017,E02000018,9551,1356,633,723,8195,329,7866
2021,Barking and Dagenham 018,E02000019,9663,1385,643,742,8278,375,7903
2021,Barking and Dagenham 019,E02000020,14055,1514,726,788,12541,489,12052
2021,Barking and Dagenham 020,E02000021,8759,1091,558,533,7668,316,7352
2021,Barking and Dagenham 021,E02000022,7741,757,320,437,6984,210,6774
2021,Barking and Dagenham 022,E02000023,8019,1049,537,512,6970,254,6716
2021,Barnet 001,E02000024,10841,1524,596,928,9317,747,8570
2021,Barnet 002,E02000025,8582,1343,575,768,7239,556,6683
2021,Barnet 003,E02000026,6457,875,370,505,5582,407,5175
2021,Barnet 004,E02000027,9647,1542,729,813,8105,552,7553
2021,Barnet 005,E02000028,6533,810,335,475,5723,416,5307
2021,Barnet 006,E02000029,9678,1284,508,776,8394,509,7885
2021,Barnet 007,E02000030,9457,1225,564,661,8232,539,7693
2021,Barnet 008,E02000031,8331,1112,504,608,7219,460,6759
2021,Barnet 009,E02000032,7939,1042,410,632,6897,444,6453
2021,Barnet 010,E02000033,8891,1245,532,713,7646,517,7129
2021,Barnet 011,E02000034,9088,1156,531,625,7932,483,7449
2021,Barnet 012,E02000035,8530,1159,503,656,7371,487,6884
2021,Barnet 013,E02000036,11244,1405,648,757,9839,580,9259
2021,Barnet 014,E02000037,10833,1293,559,734,9540,560,8980
2021,Barnet 015,E02000038,10719,1500,700,800,9219,579,8640
2021,Barnet 016,E02000039,7168,763,321,442,6405,395,6010
2021,Barnet 017,E02000040,9139,1223,538,685,7916,461,7455
2021,Barnet 018,E02000041,9455,1172,533,639,8283,416,7867
2021,Barnet 019,E02000042,11559,1673,731,942,9886,611,9275
2021,Barnet 020,E02000043,7570,858,349,509,6712,405,6307
2021,Barnet 021,E02000044,8844,1163,561,602,7681,354,7327
2021,Barnet 022,E02000045,10522,1469,717,752,9053,527,8526
2021,Barnet 023,E02000046,6959,760,301,459,6199,428,5771
2021,Barnet 024,E02000047,12397,1577,786,791,10820,424,10396
2021,Barnet 025,E02000048,10284,1194,502,692,9090,569,8521
2021,Barnet 026,E02000049,10532,1345,660,685,9187,377,8810
2021,Barnet 027,E02000050,10378,1512,668,844,8866,652,8214
2021,Barnet 028,E02000051,9160,1163,490,673,7997,527,7470
2021,Barnet 029,E02000052,9848,1307,482,825,8541,672,7869
2021,Barnet 031,E02000054,7631,973,424,549,6658,355,6303
2021,Barnet 032,E02000055,11725,1360,538,822,10365,465,9900
2021,Barnet 033,E02000056,9128,978,384,594,8150,536,7614
2021,Barnet 034,E02000057,8013,878,365,513,7135,313,6822
2021,Barnet 035,E02000058,10227,1183,490,693,9044,582,8462
2021,Barnet 036,E02000059,11626,1349,638,711,10277,463,9814
2021,Barnet 037,E02000060,11557,1353,703,650,10204,471,9733
2021,Barnet 038,E02000061,8345,1089,505,584,7256,425,6831
2021,Barnet 039,E02000062,6958,940,435,505,6018,262,5756
2021,Barnet 040,E02000063,7584,1002,506,496,6582,305,6277
2021,Barnet 041,E02000064,6673,870,407,463,5803,331,5472
2021,Bexley 001,E02000065,8062,977,461,516,7085,360,6725
2021,Bexley 002,E02000066,9430,1445,670,775,7985,423,7562
2021,Bexley 003,E02000067,10230,1435,594,841,8795,490,8305
2021,Bexley 004,E02000068,8176,1227,524,703,6949,433,6516
2021,Bexley 005,E02000069,7212,1095,476,619,6117,403,5714
2021,Bexley 006,E02000070,8109,1255,523,732,6854,522,6332
2021,Bexley 007,E02000071,7671,1166,448,718,6505,442,6063
2021,Bexley 008,E02000072,12924,2008,895,1113,10916,606,10310
2021,Bexley 009,E02000073,10726,1338,561,777,9388,638,8750
2021,Bexley 010,E02000074,8861,1591,735,856,7270,471,6799
2021,Bexley 011,E02000075,7986,1146,469,677,6840,539,6301
2021,Bexley 013,E02000077,8142,1220,519,701,6922,456,6466
2021,Bexley 014,E02000078,7930,1112,426,686,6818,568,6250
2021,Bexley 015,E02000079,8768,1398,648,750,7370,536,6834
2021,Bexley 016,E02000080,10069,1310,517,793,8759,574,8185
2021,Bexley 017,E02000081,8303,1366,612,754,6937,517,6420
2021,Bexley 018,E02000082,9338,1092,442,650,8246,554,7692
2021,Bexley 019,E02000083,11270,1769,778,991,9501,645,8856
2021,Bexley 020,E02000084,11115,1406,540,866,9709,665,9044
2021,Bexley 021,E02000085,7961,1018,416,602,6943,484,6459
2021,Bexley 022,E02000086,7178,902,335,567,6276,436,5840
2021,Bexley 023,E02000087,8209,1124,432,692,7085,557,6528
2021,Bexley 024,E02000088,7750,1029,399,630,6721,553,6168
2021,Bexley 025,E02000089,7869,1134,492,642,6735,521,6214
2021,Bexley 026,E02000090,9641,1540,681,859,8101,672,7429
2021,Bexley 027,E02000091,10164,1669,720,949,8495,695,7800
2021,Bexley 028,E02000092,6754,1306,638,668,5448,397,5051
2021,Brent 001,E02000093,11877,1232,549,683,10645,396,10249
2021,Brent 002,E02000094,10461,1174,556,618,9287,388,8899
2021,Brent 003,E02000095,10462,1089,480,609,9373,386,8987
2021,Brent 004,E02000096,7632,932,431,501,6700,327,6373
2021,Brent 005,E02000097,9534,1142,529,613,8392,349,8043
2021,Brent 006,E02000098,8742,1174,628,546,7568,323,7245
2021,Brent 007,E02000099,9560,918,396,522,8642,300,8342
2021,Brent 008,E02000100,8319,996,396,600,7323,342,6981
2021,Brent 009,E02000101,9938,1411,737,674,8527,320,8207
2021,Brent 010,E02000102,8328,1016,510,506,7312,238,7074
2021,Brent 011,E02000103,9973,1274,588,686,8699,354,8345
2021,Brent 012,E02000104,7505,1096,550,546,6409,265,6144
2021,Brent 013,E02000105,9843,1106,476,630,8737,324,8413
2021,Brent 014,E02000106,10355,1247,584,663,9108,332,8776
2021,Brent 015,E02000107,10939,1329,586,743,9610,466,9144
2021,Brent 016,E02000108,7259,767,340,427,6492,272,6220
2021,Brent 018,E02000110,8175,1103,507,596,7072,446,6626
2021,Brent 019,E02000111,11284,1186,593,593,10098,302,9796
2021,Brent 020,E02000112,11749,1167,569,598,10582,368,10214
2021,Brent 021,E02000113,9630,1568,784,784,8062,325,7737
2021,Brent 022,E02000114,8996,1106,465,641,7890,387,7503
2021,Brent 023,E02000115,8622,1247,564,683,7375,462,6913
2021,Brent 024,E02000116,8549,1201,548,653,7348,337,7011
2021,Brent 025,E02000117,12733,1919,986,933,10814,467,10347
2021,Brent 026,E02000118,11293,959,464,495,10334,316,10018
2021,Brent 027,E02000119,10625,1535,799,736,9090,361,8729
2021,Brent 028,E02000120,9017,1130,489,641,7887,510,7377
2021,Brent 029,E02000121,12240,1056,466,590,11184,361,10823
2021,Brent 030,E02000122,8178,1034,439,595,7144,371,6773
2021,Brent 031,E02000123,13578,1834,840,994,11744,533,11211
2021,Brent 032,E02000124,9954,1112,435,677,8842,565,8277
2021,Brent 033,E02000125,9940,1268,559,709,8672,506,8166
2021,Brent 034,E02000126,8195,1265,580,685,6930,366,6564
2021,Bromley 001,E02000127,9330,1610,787,823,7720,526,7194
2021,Bromley 002,E02000128,7788,1076,430,646,6712,486,6226
2021,Bromley 004,E02000130,8427,1133,432,701,7294,664,6630
2021,Bromley 005,E02000131,10485,1371,513,858,9114,730,8384
2021,Bromley 006,E02000132,9834,1237,452,785,8597,724,7873
2021,Bromley 007,E02000133,10753,1216,489,727,9537,745,8792
2021,Bromley 008,E02000134,11751,1593,643,950,10158,785,9373
2021,Bromley 009,E02000135,9871,1809,858,951,8062,499,7563
2021,Bromley 010,E02000136,5744,982,466,516,4762,345,4417
2021,Bromley 011,E02000137,8400,1048,425,623,7352,576,6776
2021,Bromley 012,E02000138,8503,1107,393,714,7396,596,6800
2021,Bromley 013,E02000139,7714,984,385,599,6730,575,6155
2021,Bromley 014,E02000140,8680,1693,779,914,6987,474,6513
2021,Bromley 015,E02000141,7233,947,384,563,6286,529,5757
2021,Bromley 016,E02000142,8817,1072,434,638,7745,601,7144
2021,Bromley 018,E02000144,10063,1141,377,764,8922,652,8270
2021,Bromley 019,E02000145,8824,1574,748,826,7250,443,6807
2021,Bromley 020,E02000146,9702,1363,582,781,8339,689,7650
2021,Bromley 021,E02000147,8190,873,288,585,7317,584,6733
2021,Bromley 022,E02000148,6723,823,288,535,5900,453,5447
2021,Bromley 023,E02000149,8166,1242,523,719,6924,504,6420
2021,Bromley 024,E02000150,8516,1086,399,687,7430,632,6798
2021,Bromley 025,E02000151,7543,902,303,599,6641,518,6123
2021,Bromley 026,E02000152,7963,1268,602,666,6695,449,6246
2021,Bromley 027,E02000153,8103,890,323,567,7213,512,6701
2021,Bromley 028,E02000154,8528,1121,400,721,7407,607,6800
2021,Bromley 029,E02000155,7155,1214,512,702,5941,537,5404
2021,Bromley 030,E02000156,12293,1721,645,1076,10572,897,9675
2021,Bromley 031,E02000157,8367,1075,318,757,7292,632,6660
2021,Bromley 032,E02000158,7788,1236,534,702,6552,514,6038
2021,Bromley 033,E02000159,7117,869,355,514,6248,493,5755
2021,Bromley 034,E02000160,8108,1088,384,704,7020,605,6415
2021,Bromley 035,E02000161,8702,1088,390,698,7614,604,7010
2021,Bromley 036,E02000162,7121,1172,462,710,5949,477,5472
2021,Bromley 037,E02000163,7716,1087,389,698,6629,578,6051
2021,Bromley 039,E02000165,7172,930,324,606,6242,504,5738
2021,Camden 001,E02000166,7741,1336,612,724,6405,540,5865
2021,Camden 002,E02000167,7198,789,267,522,6409,517,5892
2021,Camden 003,E02000168,7813,1214,497,717,6599,545,6054
2021,Camden 004,E02000169,7177,698,249,449,6479,399,6080
2021,Camden 005,E02000170,7916,1007,430,577,6909,500,6409
2021,Camden 006,E02000171,7391,1130,432,698,6261,465,5796
2021,Camden 007,E02000172,9998,1949,971,978,8049,518,7531
2021,Camden 008,E02000173,7493,787,313,474,6706,398,6308
2021,Camden 009,E02000174,8085,1396,610,786,6689,494,6195
2021,Camden 010,E02000175,9084,1211,517,694,7873,544,7329
2021,Camden 011,E02000176,5914,646,249,397,5268,347,4921
2021,Camden 012,E02000177,8488,1534,725,809,6954,445,6509
2021,Camden 013,E02000178,8903,1443,701,742,7460,472,6988
2021,Camden 014,E02000179,5747,733,311,422,5014,340,4674
2021,Camden 015,E02000180,7878,1312,563,749,6566,467,6099
2021,Camden 016,E02000181,8076,908,357,551,7168,489,6679
2021,Camden 017,E02000182,7116,846,361,485,6270,320,5950
2021,Camden 018,E02000183,7591,1192,523,669,6399,455,5944
2021,Camden 019,E02000184,8911,1543,684,859,7368,513,6855
2021,Camden 020,E02000185,8882,1508,734,774,7374,377,6997
2021,Camden 021,E02000186,6223,897,371,526,5326,386,4940
2021,Camden 022,E02000187,9784,1744,830,914,8040,418,7622
2021,Camden 023,E02000188,7180,1196,589,607,5984,333,5651
2021,Camden 026,E02000191,5337,739,249,490,4598,352,4246
2021,Camden 027,E02000192,6659,1145,552,593,5514,378,5136
2021,Camden 028,E02000193,5960,969,426,543,4991,351,4640
2021,Croydon 001,E02000194,9211,1304,469,835,7907,649,7258
2021,Croydon 002,E02000195,9649,1222,557,665,8427,540,7887
2021,Croydon 003,E02000196,7914,1229,588,641,6685,374,6311
2021,Croydon 004,E02000197,9025,1138,531,607,7887,439,7448
2021,Croydon 005,E02000198,8888,1223,533,690,7665,468,7197
2021,Croydon 006,E02000199,8414,1017,415,602,7397,487,6910
2021,Croydon 007,E02000200,9049,1255,513,742,7794,553,7241
2021,Croydon 008,E02000201,8692,1272,523,749,7420,444,6976
2021,Croydon 009,E02000202,8928,1183,503,680,7745,392,7353
2021,Croydon 010,E02000203,7965,1145,577,568,6820,338,6482
2021,Croydon 011,E02000204,9655,1218,570,648,8437,403,8034
2021,Croydon 013,E02000206,10817,1533,690,843,9284,514,8770
2021,Croydon 014,E02000207,8899,1409,666,743,7490,499,6991
2021,Croydon 015,E02000208,10863,1539,770,769,9324,462,8862
2021,Croydon 016,E02000209,9068,1066,468,598,8002,397,7605
2021,Croydon 017,E02000210,8714,1132,442,690,7582,502,7080
2021,Croydon 018,E02000211,8274,1121,452,669,7153,536,6617
2021,Croydon 019,E02000212,9461,1272,566,706,8189,350,7839
2021,Croydon 020,E02000213,12798,1696,796,900,11102,569,10533
2021,Croydon 021,E02000214,6236,828,302,526,5408,442,4966
2021,Croydon 022,E02000215,11826,1731,769,962,10095,615,9480
2021,Croydon 023,E02000216,7162,933,406,527,6229,403,5826
2021,Croydon 024,E02000217,11925,1562,653,909,10363,605,9758
2021,Croydon 025,E02000218,6669,945,396,549,5724,347,5377
2021,Croydon 026,E02000219,7629,1120,445,675,6509,527,5982
2021,Croydon 028,E02000221,10858,1678,786,892,9180,554,8626
2021,Croydon 029,E02000222,8350,1092,419,673,7258,511,6747
2021,Croydon 030,E02000223,8530,1545,728,817,6985,336,6649
2021,Croydon 031,E02000224,8053,938,337,601,7115,528,6587
2021,Croydon 032,E02000225,7499,1328,598,730,6171,364,5807
2021,Croydon 033,E02000226,7614,1029,395,634,6585,533,6052
2021,Croydon 034,E02000227,11680,1822,693,1129,9858,832,9026
2021,Croydon 035,E02000228,7959,1036,416,620,6923,545,6378
2021,Croydon 036,E02000229,6235,1306,675,631,4929,345,4584
2021,Croydon 037,E02000230,10502,1544,706,838,8958,716,8242
2021,Croydon 038,E02000231,7930,1061,471,590,6869,506,6363
2021,Croydon 039,E02000232,6198,968,412,556,5230,457,4773
2021,Croydon 040,E02000233,6364,867,415,452,5497,389,5108
2021,Croydon 041,E02000234,9449,1389,567,822,8060,574,7486
2021,Croydon 042,E02000235,6893,921,392,529,5972,531,5441
2021,Croydon 043,E02000236,9130,1036,406,630,8094,679,7415
2021,Croydon 044,E02000237,7600,1126,440,686,6474,523,5951
2021,Ealing 001,E02000238,10706,1102,483,619,9604,446,9158
2021,Ealing 002,E02000239,9042,958,394,564,8084,351,7733
2021,Ealing 003,E02000240,11209,1467,705,762,9742,449,9293
2021,Ealing 004,E02000241,7395,841,327,514,6554,347,6207
2021,Ealing 005,E02000242,6885,774,354,420,6111,239,5872
2021,Ealing 006,E02000243,8722,1184,569,615,7538,320,7218
2021,Ealing 007,E02000244,7889,883,401,482,7006,313,6693
2021,Ealing 008,E02000245,9308,1291,577,714,8017,346,7671
2021,Ealing 009,E02000246,9461,1202,555,647,8259,355,7904
2021,Ealing 010,E02000247,11155,1585,792,793,9570,437,9133
2021,Ealing 011,E02000248,7716,883,393,490,6833,321,6512
2021,Ealing 012,E02000249,8378,1079,520,559,7299,314,6985
2021,Ealing 013,E02000250,6483,735,269,466,5748,419,5329
2021,Ealing 014,E02000251,8313,982,455,527,7331,311,7020
2021,Ealing 015,E02000252,12238,1502,609,893,10736,596,10140
2021,Ealing 016,E02000253,10344,1607,757,850,8737,468,8269
2021,Ealing 017,E02000254,9209,1133,547,586,8076,283,7793
2021,Ealing 018,E02000255,9862,1268,553,715,8594,563,8031
2021,Ealing 019,E02000256,9183,1017,408,609,8166,578,7588
2021,Ealing 021,E02000258,6901,804,354,450,6097,341,5756
2021,Ealing 022,E02000259,6585,817,298,519,5768,385,5383
2021,Ealing 023,E02000260,9837,1302,686,616,8535,286,8249
2021,Ealing 024,E02000261,12652,1459,620,839,11193,546,10647
2021,Ealing 025,E02000262,9348,1284,547,737,8064,478,7586
2021,Ealing 026,E02000263,13706,1613,773,840,12093,343,11750
2021,Ealing 027,E02000264,8494,1042,470,572,7452,520,6932
2021,Ealing 028,E02000265,11232,1577,687,890,9655,590,9065
2021,Ealing 029,E02000266,13114,1926,964,962,11188,543,10645
2021,Ealing 030,E02000267,8151,926,361,565,7225,460,6765
2021,Ealing 031,E02000268,9251,1290,535,755,7961,584,7377
2021,Ealing 032,E02000269,8168,870,325,545,7298,544,6754
2021,Ealing 033,E02000270,9607,1203,567,636,8404,475,7929
2021,Ealing 034,E02000271,6950,589,191,398,6361,499,5862
2021,Ealing 035,E02000272,6713,804,323,481,5909,440,5469
2021,Ealing 038,E02000275,8169,1039,516,523,7130,287,6843
2021,Ealing 039,E02000276,6761,755,270,485,6006,430,5576
2021,Enfield 001,E02000277,7523,1143,562,581,6380,305,6075
2021,Enfield 002,E02000278,9430,1609,820,789,7821,325,7496
2021,Enfield 003,E02000279,12320,1682,804,878,10638,453,10185
2021,Enfield 004,E02000280,8634,1349,605,744,7285,515,6770
2021,Enfield 005,E02000281,9652,1381,710,671,8271,421,7850
2021,Enfield 006,E02000282,9951,1514,814,700,8437,368,8069
2021,Enfield 007,E02000283,8538,1191,557,634,7347,334,7013
2021,Enfield 008,E02000284,8741,1255,511,744,7486,576,6910
2021,Enfield 009,E02000285,6643,824,327,497,5819,386,5433
2021,Enfield 010,E02000286,8688,1167,459,708,7521,572,6949
2021,Enfield 011,E02000287,7355,939,439,500,6416,353,6063
2021,Enfield 012,E02000288,12787,1671,844,827,11116,381,10735
2021,Enfield 013,E02000289,6774,818,321,497,5956,393,5563
2021,Enfield 014,E02000290,6684,926,469,457,5758,229,5529
2021,Enfield 015,E02000291,10162,1469,705,764,8693,511,8182
2021,Enfield 016,E02000292,9837,1238,543,695,8599,453,8146
2021,Enfield 017,E02000293,6394,804,317,487,5590,389,5201
2021,Enfield 018,E02000294,9368,1301,630,671,8067,319,7748
2021,Enfield 019,E02000295,8691,1096,500,596,7595,449,7146
2021,Enfield 020,E02000296,10343,1490,706,784,8853,463,8390
2021,Enfield 021,E02000297,9398,1252,521,731,8146,520,7626
2021,Enfield 022,E02000298,8253,952,388,564,7301,475,6826
2021,Enfield 023,E02000299,9494,1231,679,552,8263,348,7915
2021,Enfield 024,E02000300,8855,1184,569,615,7671,274,7397
2021,Enfield 025,E02000301,10220,1430,729,701,8790,342,8448
2021,Enfield 026,E02000302,8668,1115,506,609,7553,395,7158
2021,Enfield 027,E02000303,8367,1304,669,635,7063,288,6775
2021,Enfield 028,E02000304,8041,975,398,577,7066,499,6567
2021,Enfield 029,E02000305,8877,1068,451,617,7809,485,7324
2021,Enfield 030,E02000306,9133,1434,762,672,7699,271,7428
2021,Enfield 031,E02000307,10112,1236,589,647,8876,383,8493
2021,Enfield 032,E02000308,8759,1184,507,677,7575,390,7185
2021,Enfield 033,E02000309,11794,1471,707,764,10323,331,9992
2021,Enfield 035,E02000311,10544,1378,673,705,9166,377,8789
2021,Enfield 036,E02000312,11303,1400,558,842,9903,559,9344
2021,Greenwich 001,E02000313,6489,1003,494,509,5486,250,5236
2021,Greenwich 002,E02000314,14106,1955,883,1072,12151,651,11500
2021,Greenwich 003,E02000315,9871,1543,781,762,8328,391,7937
2021,Greenwich 005,E02000317,7561,1208,567,641,6353,339,6014
2021,Greenwich 006,E02000318,11064,1438,669,769,9626,411,9215
2021,Greenwich 007,E02000319,10618,1426,614,812,9192,483,8709
2021,Greenwich 008,E02000320,7041,995,490,505,6046,352,5694
2021,Greenwich 009,E02000321,7721,1252,595,657,6469,322,6147
2021,Greenwich 011,E02000323,12861,1641,763,878,11220,575,10645
2021,Greenwich 012,E02000324,7867,1419,673,746,6448,402,6046
2021,Greenwich 014,E02000326,7798,993,399,594,6805,537,6268
2021,Greenwich 015,E02000327,6625,935,446,489,5690,314,5376
2021,Greenwich 016,E02000328,6509,1000,424,576,5509,465,5044
2021,Greenwich 017,E02000329,6332,1063,523,540,5269,349,4920
2021,Greenwich 019,E02000331,8235,1337,687,650,6898,401,6497
2021,Greenwich 020,E02000332,7451,1066,434,632,6385,481,5904
2021,Greenwich 021,E02000333,6242,885,344,541,5357,443,4914
2021,Greenwich 022,E02000334,6640,1035,484,551,5605,352,5253
2021,Greenwich 023,E02000335,6675,981,377,604,5694,458,5236
2021,Greenwich 025,E02000337,8471,1599,757,842,6872,424,6448
2021,Greenwich 027,E02000339,6289,933,387,546,5356,410,4946
2021,Greenwich 028,E02000340,6864,1038,434,604,5826,414,5412
2021,Greenwich 029,E02000341,7995,1537,752,785,6458,373,6085
2021,Greenwich 030,E02000342,6346,984,404,580,5362,358,5004
2021,Greenwich 031,E02000343,7047,1263,629,634,5784,377,5407
2021,Greenwich 032,E02000344,6430,875,406,469,5555,402,5153
2021,Hackney 001,E02000345,8199,808,390,418,7391,245,7146
2021,Hackney 002,E02000346,9398,1370,633,737,8028,459,7569
2021,Hackney 003,E02000347,8153,890,463,427,7263,281,6982
2021,Hackney 004,E02000348,8106,1006,516,490,7100,245,6855
2021,Hackney 006,E02000350,10242,1254,499,755,8988,535,8453
2021,Hackney 007,E02000351,9286,1279,521,758,8007,624,7383
2021,Hackney 008,E02000352,6749,997,475,522,5752,414,5338
2021,Hackney 009,E02000353,7763,1043,432,611,6720,483,6237
2021,Hackney 010,E02000354,9609,1529,706,823,8080,535,7545
2021,Hackney 011,E02000355,8194,1272,531,741,6922,466,6456
2021,Hackney 012,E02000356,7034,917,326,591,6117,464,5653
2021,Hackney 013,E02000357,6845,1144,564,580,5701,334,5367
2021,Hackney 014,E02000358,11090,1686,689,997,9404,575,8829
2021,Hackney 015,E02000359,6697,974,449,525,5723,392,5331
2021,Hackney 016,E02000360,11511,1923,879,1044,9588,585,9003
2021,Hackney 017,E02000361,8059,1158,444,714,6901,489,6412
2021,Hackney 018,E02000362,6961,1275,629,646,5686,333,5353
2021,Hackney 019,E02000363,11882,1824,883,941,10058,488,9570
2021,Hackney 020,E02000364,9217,1393,604,789,7824,537,7287
2021,Hackney 022,E02000366,8326,1507,713,794,6819,466,6353
2021,Hackney 023,E02000367,10420,1371,564,807,9049,616,8433
2021,Hackney 024,E02000368,9921,1749,872,877,8172,452,7720
2021,Hackney 025,E02000369,13458,1845,866,979,11613,659,10954
2021,Hackney 026,E02000370,8863,1207,569,638,7656,436,7220
2021,Hammersmith and Fulham 001,E02000372,9984,1643,758,885,8341,523,7818
2021,Hammersmith and Fulham 002,E02000373,7035,989,467,522,6046,237,5809
2021,Hammersmith and Fulham 003,E02000374,6914,980,450,530,5934,322,5612
2021,Hammersmith and Fulham 004,E02000375,7485,1050,491,559,6435,385,6050
2021,Hammersmith and Fulham 005,E02000376,6701,901,409,492,5800,364,5436
2021,Hammersmith and Fulham 006,E02000377,7795,1099,488,611,6696,450,6246
2021,Hammersmith and Fulham 007,E02000378,6435,769,337,432,5666,363,5303
2021,Hammersmith and Fulham 008,E02000379,7386,947,470,477,6439,420,6019
2021,Hammersmith and Fulham 009,E02000380,5509,666,304,362,4843,316,4527
2021,Hammersmith and Fulham 010,E02000381,7628,948,420,528,6680,370,6310
2021,Hammersmith and Fulham 011,E02000382,6190,767,315,452,5423,370,5053
2021,Hammersmith and Fulham 012,E02000383,8462,1185,524,661,7277,442,6835
2021,Hammersmith and Fulham 013,E02000384,8267,1236,572,664,7031,439,6592
2021,Hammersmith and Fulham 014,E02000385,5614,617,222,395,4997,346,4651
2021,Hammersmith and Fulham 015,E02000386,7582,1116,495,621,6466,418,6048
2021,Hammersmith and Fulham 016,E02000387,6025,848,399,449,5177,285,4892
2021,Hammersmith and Fulham 017,E02000388,8657,1018,451,567,7639,459,7180
2021,Hammersmith and Fulham 018,E02000389,8645,870,309,561,7775,527,7248
2021,Hammersmith and Fulham 019,E02000390,6197,736,313,423,5461,360,5101
2021,Hammersmith and Fulham 020,E02000391,7587,825,365,460,6762,370,6392
2021,Hammersmith and Fulham 021,E02000392,9229,965,416,549,8264,456,7808
2021,Hammersmith and Fulham 022,E02000393,5976,505,181,324,5471,328,5143
2021,Hammersmith and Fulham 023,E02000394,9281,1049,453,596,8232,434,7798
2021,Hammersmith and Fulham 024,E02000395,5680,539,189,350,5141,340,4801
2021,Hammersmith and Fulham 025,E02000396,6898,706,309,397,6192,341,5851
2021,Haringey 001,E02000397,7907,1121,496,625,6786,434,6352
2021,Haringey 002,E02000398,7519,1153,624,529,6366,253,6113
2021,Haringey 004,E02000400,7987,1012,463,549,6975,429,6546
2021,Haringey 005,E02000401,6864,1165,615,550,5699,267,5432
2021,Haringey 006,E02000402,6472,1001,511,490,5471,225,5246
2021,Haringey 007,E02000403,7513,955,413,542,6558,318,6240
2021,Haringey 008,E02000404,7111,1091,558,533,6020,261,5759
2021,Haringey 009,E02000405,6472,757,260,497,5715,468,5247
2021,Haringey 010,E02000406,6738,1046,519,527,5692,305,5387
2021,Haringey 011,E02000407,7605,1131,549,582,6474,285,6189
2021,Haringey 012,E02000408,8253,1247,672,575,7006,286,6720
2021,Haringey 013,E02000409,6062,947,465,482,5115,237,4878
2021,Haringey 014,E02000410,6420,685,205,480,5735,476,5259
2021,Haringey 015,E02000411,11428,1474,636,838,9954,447,9507
2021,Haringey 016,E02000412,7323,1179,620,559,6144,379,5765
2021,Haringey 017,E02000413,7763,938,380,558,6825,530,6295
2021,Haringey 018,E02000414,7081,891,384,507,6190,343,5847
2021,Haringey 019,E02000415,7242,960,413,547,6282,345,5937
2021,Haringey 020,E02000416,8453,1271,584,687,7182,524,6658
2021,Haringey 021,E02000417,6556,859,268,591,5697,459,5238
2021,Haringey 022,E02000418,5431,732,285,447,4699,438,4261
2021,Haringey 023,E02000419,8736,1114,475,639,7622,508,7114
2021,Haringey 024,E02000420,7988,1143,558,585,6845,406,6439
2021,Haringey 025,E02000421,8509,1246,649,597,7263,329,6934
2021,Haringey 026,E02000422,7458,1126,539,587,6332,300,6032
2021,Haringey 027,E02000423,6907,918,389,529,5989,390,5599
2021,Haringey 028,E02000424,6754,989,412,577,5765,474,5291
2021,Haringey 029,E02000425,8169,691,321,370,7478,198,7280
2021,Haringey 030,E02000426,6493,848,337,511,5645,438,5207
2021,Haringey 031,E02000427,6623,873,325,548,5750,408,5342
2021,Haringey 032,E02000428,8434,1178,537,641,7256,381,6875
2021,Haringey 033,E02000429,6792,817,288,529,5975,534,5441
2021,Haringey 034,E02000430,6922,839,287,552,6083,524,5559
2021,Haringey 035,E02000431,5848,658,225,433,5190,462,4728
2021,Haringey 036,E02000432,6120,886,331,555,5234,473,4761
2021,Harrow 001,E02000433,8600,1234,606,628,7366,474,6892
2021,Harrow 002,E02000434,9850,1236,572,664,8614,454,8160
2021,Harrow 003,E02000435,8191,1192,581,611,6999,398,6601
2021,Harrow 004,E02000436,5758,666,262,404,5092,383,4709
2021,Harrow 005,E02000437,8760,1364,675,689,7396,428,6968
2021,Harrow 006,E02000438,8548,1283,595,688,7265,375,6890
2021,Harrow 007,E02000439,9267,951,456,495,8316,299,8017
2021,Harrow 008,E02000440,9605,973,413,560,8632,392,8240
2021,Harrow 009,E02000441,7483,1026,460,566,6457,419,6038
2021,Harrow 010,E02000442,9585,925,386,539,8660,250,8410
2021,Harrow 011,E02000443,10747,1414,667,747,9333,374,8959
2021,Harrow 012,E02000444,8715,877,389,488,7838,306,7532
2021,Harrow 013,E02000445,11773,1506,711,795,10267,415,9852
2021,Harrow 015,E02000447,8192,910,382,528,7282,405,6877
2021,Harrow 016,E02000448,7070,864,335,529,6206,504,5702
2021,Harrow 017,E02000449,8295,956,419,537,7339,232,7107
2021,Harrow 019,E02000451,6711,704,278,426,6007,379,5628
2021,Harrow 020,E02000452,9501,1060,488,572,8441,406,8035
2021,Harrow 021,E02000453,8386,931,392,539,7455,419,7036
2021,Harrow 022,E02000454,7338,777,273,504,6561,461,6100
2021,Harrow 023,E02000455,11670,1296,597,699,10374,502,9872
2021,Harrow 024,E02000456,7823,949,402,547,6874,326,6548
2021,Harrow 025,E02000457,7059,885,385,500,6174,366,5808
2021,Harrow 027,E02000459,9326,1094,446,648,8232,378,7854
2021,Harrow 028,E02000460,7312,917,414,503,6395,274,6121
2021,Harrow 029,E02000461,7290,797,289,508,6493,390,6103
2021,Harrow 030,E02000462,6983,818,373,445,6165,266,5899
2021,Harrow 031,E02000463,8705,1099,502,597,7606,323,7283
2021,Havering 001,E02000464,7757,1382,681,701,6375,420,5955
2021,Havering 002,E02000465,9346,1487,679,808,7859,485,7374
2021,Havering 003,E02000466,9069,1584,741,843,7485,476,7009
2021,Havering 004,E02000467,11457,2076,979,1097,9381,536,8845
2021,Havering 005,E02000468,8652,1285,567,718,7367,510,6857
2021,Havering 006,E02000469,7283,1234,602,632,6049,364,5685
2021,Havering 007,E02000470,9779,1402,561,841,8377,611,7766
2021,Havering 008,E02000471,7822,1047,443,604,6775,457,6318
2021,Havering 009,E02000472,9472,1335,560,775,8137,522,7615
2021,Havering 010,E02000473,10493,1357,540,817,9136,625,8511
2021,Havering 011,E02000474,9185,1378,606,772,7807,475,7332
2021,Havering 012,E02000475,9612,1349,584,765,8263,561,7702
2021,Havering 013,E02000476,9363,1382,627,755,7981,485,7496
2021,Havering 014,E02000477,9535,1272,502,770,8263,610,7653
2021,Havering 015,E02000478,5989,767,370,397,5222,337,4885
2021,Havering 016,E02000479,9449,1334,570,764,8115,454,7661
2021,Havering 017,E02000480,13842,1855,826,1029,11987,627,11360
2021,Havering 018,E02000481,8234,1338,535,803,6896,592,6304
2021,Havering 019,E02000482,6588,808,306,502,5780,471,5309
2021,Havering 020,E02000483,7999,1246,517,729,6753,542,6211
2021,Havering 021,E02000484,8492,1175,475,700,7317,556,6761
2021,Havering 022,E02000485,8476,1116,439,677,7360,541,6819
2021,Havering 023,E02000486,7354,1105,445,660,6249,493,5756
2021,Havering 024,E02000487,7912,1073,417,656,6839,500,6339
2021,Havering 025,E02000488,7579,949,383,566,6630,495,6135
2021,Havering 026,E02000489,8638,1265,525,740,7373,540,6833
2021,Havering 027,E02000490,8469,1229,526,703,7240,440,6800
2021,Havering 028,E02000491,10639,1623,744,879,9016,485,8531
2021,Havering 029,E02000492,6830,1026,465,561,5804,409,5395
2021,Havering 030,E02000493,6736,968,395,573,5768,316,5452
2021,Hillingdon 001,E02000494,7958,1078,489,589,6880,462,6418
2021,Hillingdon 002,E02000495,10417,1409,609,800,9008,638,8370
2021,Hillingdon 003,E02000496,7801,1305,565,740,6496,500,5996
2021,Hillingdon 004,E02000497,9522,1404,613,791,8118,535,7583
2021,Hillingdon 005,E02000498,6377,959,379,580,5418,417,5001
2021,Hillingdon 006,E02000499,7727,1056,389,667,6671,459,6212
2021,Hillingdon 007,E02000500,8277,1056,387,669,7221,551,6670
2021,Hillingdon 008,E02000501,8475,1082,410,672,7393,520,6873
2021,Hillingdon 009,E02000502,8929,1072,450,622,7857,508,7349
2021,Hillingdon 010,E02000503,8688,996,342,654,7692,510,7182
2021,Hillingdon 011,E02000504,7643,861,332,529,6782,510,6272
2021,Hillingdon 013,E02000506,7961,1012,406,606,6949,453,6496
2021,Hillingdon 014,E02000507,8244,1019,431,588,7225,422,6803
2021,Hillingdon 015,E02000508,11949,1532,583,949,10417,637,9780
2021,Hillingdon 016,E02000509,10555,1443,602,841,9112,578,8534
2021,Hillingdon 017,E02000510,9115,1217,535,682,7898,470,7428
2021,Hillingdon 018,E02000511,9931,1209,530,679,8722,435,8287
2021,Hillingdon 019,E02000512,8823,1296,582,714,7527,399,7128
2021,Hillingdon 020,E02000513,9760,1165,526,639,8595,376,8219
2021,Hillingdon 021,E02000514,10674,1103,508,595,9571,389,9182
2021,Hillingdon 022,E02000515,13293,1772,762,1010,11521,659,10862
2021,Hillingdon 023,E02000516,8646,1051,454,597,7595,295,7300
2021,Hillingdon 024,E02000517,10470,1487,777,710,8983,397,8586
2021,Hillingdon 025,E02000518,9632,1408,650,758,8224,448,7776
2021,Hillingdon 026,E02000519,9554,1405,722,683,8149,320,7829
2021,Hillingdon 027,E02000520,14062,1642,759,883,12420,492,11928
2021,Hillingdon 028,E02000521,13190,1714,811,903,11476,516,10960
2021,Hillingdon 029,E02000522,9576,1387,596,791,8189,458,7731
2021,Hillingdon 030,E02000523,11367,1099,476,623,10268,396,9872
2021,Hillingdon 031,E02000524,7535,943,425,518,6592,307,6285
2021,Hillingdon 032,E02000525,10061,1071,492,579,8990,315,8675
2021,Hounslow 001,E02000526,8640,857,326,531,7783,551,7232
2021,Hounslow 004,E02000529,9716,1147,551,596,8569,340,8229
2021,Hounslow 005,E02000530,8116,1029,481,548,7087,256,6831
2021,Hounslow 006,E02000531,11583,1554,650,904,10029,716,9313
2021,Hounslow 007,E02000532,8976,1086,441,645,7890,541,7349
2021,Hounslow 008,E02000533,8401,1027,391,636,7374,526,6848
2021,Hounslow 009,E02000534,8558,911,396,515,7647,410,7237
2021,Hounslow 010,E02000535,10052,1195,566,629,8857,274,8583
2021,Hounslow 011,E02000536,10839,1356,628,728,9483,344,9139
2021,Hounslow 012,E02000537,9845,967,421,546,8878,417,8461
2021,Hounslow 013,E02000538,10109,1069,503,566,9040,313,8727
2021,Hounslow 014,E02000539,12223,1601,697,904,10622,662,9960
2021,Hounslow 015,E02000540,12122,1378,567,811,10744,475,10269
2021,Hounslow 016,E02000541,10617,1329,657,672,9288,323,8965
2021,Hounslow 017,E02000542,12303,1449,746,703,10854,370,10484
2021,Hounslow 018,E02000543,14001,1369,569,800,12632,478,12154
2021,Hounslow 019,E02000544,8555,939,368,571,7616,391,7225
2021,Hounslow 020,E02000545,9237,1339,601,738,7898,451,7447
2021,Hounslow 021,E02000546,10427,1223,576,647,9204,289,8915
2021,Hounslow 022,E02000547,10999,1430,592,838,9569,487,9082
2021,Hounslow 023,E02000548,10576,1554,702,852,9022,462,8560
2021,Hounslow 024,E02000549,12535,1634,713,921,10901,552,10349
2021,Hounslow 025,E02000550,10712,1279,531,748,9433,520,8913
2021,Hounslow 026,E02000551,9752,1442,673,769,8310,426,7884
2021,Hounslow 027,E02000552,9260,1060,405,655,8200,515,7685
2021,Hounslow 028,E02000553,7115,1036,413,623,6079,357,5722
2021,Islington 001,E02000554,9354,1834,901,933,7520,523,6997
2021,Islington 002,E02000555,9571,1625,747,878,7946,647,7299
2021,Islington 003,E02000556,11396,1791,794,997,9605,746,8859
2021,Islington 004,E02000557,8783,1512,633,879,7271,508,6763
2021,Islington 005,E02000558,9433,1677,888,789,7756,391,7365
2021,Islington 006,E02000559,9582,1208,536,672,8374,661,7713
2021,Islington 007,E02000560,7355,1109,453,656,6246,460,5786
2021,Islington 008,E02000561,7387,1087,437,650,6300,554,5746
2021,Islington 009,E02000562,7865,1265,555,710,6600,515,6085
2021,Islington 010,E02000563,8682,1715,796,919,6967,506,6461
2021,Islington 011,E02000564,12418,1742,683,1059,10676,796,9880
2021,Islington 012,E02000565,8542,1302,576,726,7240,500,6740
2021,Islington 013,E02000566,8559,1197,480,717,7362,578,6784
2021,Islington 014,E02000567,10438,1812,859,953,8626,615,8011
2021,Islington 015,E02000568,11341,2138,977,1161,9203,660,8543
2021,Islington 016,E02000569,9939,1732,771,961,8207,609,7598
2021,Islington 017,E02000570,8286,1116,448,668,7170,574,6596
2021,Islington 018,E02000571,8922,1416,686,730,7506,467,7039
2021,Islington 019,E02000572,8602,1567,780,787,7035,440,6595
2021,Islington 020,E02000573,10313,1447,668,779,8866,632,8234
2021,Islington 021,E02000574,7833,1348,600,748,6485,503,5982
2021,Islington 022,E02000575,11313,1687,725,962,9626,710,8916
2021,Islington 023,E02000576,10673,1735,779,956,8938,541,8397
2021,Kensington and Chelsea 001,E02000577,7711,1476,756,720,6235,326,5909
2021,Kensington and Chelsea 002,E02000578,6003,1324,734,590,4679,225,4454
2021,Kensington and Chelsea 003,E02000579,8993,1406,663,743,7587,427,7160
2021,Kensington and Chelsea 004,E02000580,7899,1533,748,785,6366,356,6010
2021,Kensington and Chelsea 005,E02000581,7391,1596,832,764,5795,304,5491
2021,Kensington and Chelsea 006,E02000582,6543,716,301,415,5827,368,5459
2021,Kensington and Chelsea 007,E02000583,6430,647,277,370,5783,276,5507
2021,Kensington and Chelsea 008,E02000584,7175,583,234,349,6592,351,6241
2021,Kensington and Chelsea 009,E02000585,8088,827,351,476,7261,372,6889
2021,Kensington and Chelsea 010,E02000586,6473,457,145,312,6016,294,5722
2021,Kensington and Chelsea 011,E02000587,6496,505,181,324,5991,312,5679
2021,Kensington and Chelsea 012,E02000588,5984,421,149,272,5563,231,5332
2021,Kensington and Chelsea 013,E02000589,7250,651,239,412,6599,357,6242
2021,Kensington and Chelsea 014,E02000590,5974,821,395,426,5153,272,4881
2021,Kensington and Chelsea 015,E02000591,6212,861,389,472,5351,281,5070
2021,Kensington and Chelsea 016,E02000592,5764,444,165,279,5320,245,5075
2021,Kensington and Chelsea 017,E02000593,7393,799,360,439,6594,337,6257
2021,Kensington and Chelsea 018,E02000594,6482,807,357,450,5675,372,5303
2021,Kensington and Chelsea 019,E02000595,6164,685,279,406,5479,292,5187
2021,Kensington and Chelsea 020,E02000596,6618,629,260,369,5989,301,5688
2021,Kensington and Chelsea 021,E02000597,6338,1126,577,549,5212,305,4907
2021,Kingston upon Thames 001,E02000598,8093,895,298,597,7198,537,6661
2021,Kingston upon Thames 002,E02000599,7009,901,409,492,6108,385,5723
2021,Kingston upon Thames 003,E02000600,8360,1001,394,607,7359,517,6842
2021,Kingston upon Thames 004,E02000601,11904,1260,465,795,10644,773,9871
2021,Kingston upon Thames 005,E02000602,10313,1497,542,955,8816,709,8107
2021,Kingston upon Thames 006,E02000603,8635,1238,528,710,7397,464,6933
2021,Kingston upon Thames 007,E02000604,9242,1032,397,635,8210,565,7645
2021,Kingston upon Thames 008,E02000605,8489,1153,516,637,7336,565,6771
2021,Kingston upon Thames 009,E02000606,10561,1320,411,909,9241,764,8477
2021,Kingston upon Thames 010,E02000607,6793,871,280,591,5922,531,5391
2021,Kingston upon Thames 011,E02000608,7199,909,321,588,6290,572,5718
2021,Kingston upon Thames 012,E02000609,7625,1115,476,639,6510,413,6097
2021,Kingston upon Thames 013,E02000610,7953,1218,480,738,6735,571,6164
2021,Kingston upon Thames 014,E02000611,7440,957,326,631,6483,522,5961
2021,Kingston upon Thames 015,E02000612,8252,1068,442,626,7184,554,6630
2021,Kingston upon Thames 016,E02000613,8096,1128,478,650,6968,524,6444
2021,Kingston upon Thames 017,E02000614,9294,1134,412,722,8160,529,7631
2021,Kingston upon Thames 018,E02000615,7881,1095,418,677,6786,521,6265
2021,Kingston upon Thames 019,E02000616,6060,773,258,515,5287,465,4822
2021,Kingston upon Thames 020,E02000617,8863,1423,575,848,7440,605,6835
2021,Lambeth 002,E02000619,9099,1415,649,766,7684,526,7158
2021,Lambeth 003,E02000620,9845,1379,543,836,8466,642,7824
2021,Lambeth 004,E02000621,12520,1506,557,949,11014,759,10255
2021,Lambeth 005,E02000622,8404,1100,450,650,7304,601,6703
2021,Lambeth 006,E02000623,7859,1105,456,649,6754,463,6291
2021,Lambeth 007,E02000624,9632,1316,538,778,8316,654,7662
2021,Lambeth 008,E02000625,9304,1118,471,647,8186,465,7721
2021,Lambeth 009,E02000626,8362,1196,531,665,7166,416,6750
2021,Lambeth 010,E02000627,9553,1295,507,788,8258,584,7674
2021,Lambeth 011,E02000628,10785,1545,716,829,9240,559,8681
2021,Lambeth 012,E02000629,9117,1041,386,655,8076,600,7476
2021,Lambeth 013,E02000630,7537,961,364,597,6576,489,6087
2021,Lambeth 014,E02000631,9525,1299,493,806,8226,563,7663
2021,Lambeth 015,E02000632,9586,1024,390,634,8562,681,7881
2021,Lambeth 016,E02000633,9160,1291,522,769,7869,559,7310
2021,Lambeth 017,E02000634,6773,974,417,557,5799,416,5383
2021,Lambeth 018,E02000635,9812,1355,591,764,8457,708,7749
2021,Lambeth 019,E02000636,7717,736,278,458,6981,520,6461
2021,Lambeth 020,E02000637,8401,1000,353,647,7401,636,6765
2021,Lambeth 021,E02000638,10255,1550,626,924,8705,704,8001
2021,Lambeth 022,E02000639,8321,1049,415,634,7272,439,6833
2021,Lambeth 023,E02000640,9294,993,365,628,8301,693,7608
2021,Lambeth 024,E02000641,8630,1308,595,713,7322,440,6882
2021,Lambeth 025,E02000642,9809,1338,549,789,8471,653,7818
2021,Lambeth 026,E02000643,9379,1119,458,661,8260,586,7674
2021,Lambeth 027,E02000644,8521,1000,369,631,7521,516,7005
2021,Lambeth 028,E02000645,9533,1365,541,824,8168,579,7589
2021,Lambeth 029,E02000646,9499,1184,463,721,8315,579,7736
2021,Lambeth 030,E02000647,8592,1217,537,680,7375,594,6781
2021,Lambeth 031,E02000648,7825,1263,591,672,6562,462,6100
2021,Lambeth 032,E02000649,12477,1590,581,1009,10887,726,10161
2021,Lambeth 033,E02000650,7665,1223,536,687,6442,427,6015
2021,Lambeth 034,E02000651,8738,1111,438,673,7627,538,7089
2021,Lambeth 035,E02000652,7559,919,390,529,6640,341,6299
2021,Lewisham 001,E02000653,12608,1511,650,861,11097,675,10422
2021,Lewisham 002,E02000654,8787,1307,568,739,7480,452,7028
2021,Lewisham 003,E02000655,10283,1380,545,835,8903,535,8368
2021,Lewisham 005,E02000657,9905,1451,561,890,8454,663,7791
2021,Lewisham 006,E02000658,8619,1268,481,787,7351,597,6754
2021,Lewisham 007,E02000659,8063,1163,468,695,6900,527,6373
2021,Lewisham 008,E02000660,8205,1112,389,723,7093,605,6488
2021,Lewisham 009,E02000661,6492,869,319,550,5623,462,5161
2021,Lewisham 010,E02000662,8296,1224,502,722,7072,492,6580
2021,Lewisham 011,E02000663,6796,950,317,633,5846,466,5380
2021,Lewisham 013,E02000665,8155,1127,443,684,7028,546,6482
2021,Lewisham 014,E02000666,7189,1062,430,632,6127,482,5645
2021,Lewisham 015,E02000667,6687,832,273,559,5855,448,5407
2021,Lewisham 016,E02000668,6861,828,313,515,6033,478,5555
2021,Lewisham 017,E02000669,7972,1120,462,658,6852,494,6358
2021,Lewisham 018,E02000670,6705,921,412,509,5784,356,5428
2021,Lewisham 019,E02000671,8740,1148,435,713,7592,607,6985
2021,Lewisham 020,E02000672,10272,1583,724,859,8689,575,8114
2021,Lewisham 021,E02000673,8139,1013,334,679,7126,622,6504
2021,Lewisham 022,E02000674,8457,1198,548,650,7259,493,6766
2021,Lewisham 023,E02000675,8527,1193,485,708,7334,486,6848
2021,Lewisham 024,E02000676,7817,1009,359,650,6808,554,6254
2021,Lewisham 025,E02000677,7210,1064,506,558,6146,433,5713
2021,Lewisham 026,E02000678,6960,1137,492,645,5823,334,5489
2021,Lewisham 027,E02000679,8132,1231,498,733,6901,551,6350
2021,Lewisham 028,E02000680,7035,1056,429,627,5979,430,5549
2021,Lewisham 029,E02000681,8473,1378,634,744,7095,448,6647
2021,Lewisham 030,E02000682,8934,1272,561,711,7662,383,7279
2021,Lewisham 031,E02000683,6768,1116,547,569,5652,349,5303
2021,Lewisham 033,E02000685,8130,1284,530,754,6846,499,6347
2021,Lewisham 034,E02000686,7536,1229,586,643,6307,399,5908
2021,Lewisham 035,E02000687,8267,1314,530,784,6953,502,6451
2021,Merton 001,E02000689,9053,783,279,504,8270,599,7671
2021,Merton 002,E02000690,5524,646,271,375,4878,374,4504
2021,Merton 003,E02000691,7354,771,278,493,6583,447,6136
2021,Merton 004,E02000692,7654,794,281,513,6860,529,6331
2021,Merton 005,E02000693,9853,1098,436,662,8755,655,8100
2021,Merton 006,E02000694,9103,975,385,590,8128,602,7526
2021,Merton 007,E02000695,8641,969,395,574,7672,467,7205
2021,Merton 008,E02000696,8631,1015,395,620,7616,445,7171
2021,Merton 009,E02000697,8728,760,203,557,7968,604,7364
2021,Merton 010,E02000698,8238,910,301,609,7328,506,6822
2021,Merton 011,E02000699,8214,787,231,556,7427,577,6850
2021,Merton 012,E02000700,8661,1240,517,723,7421,417,7004
2021,Merton 013,E02000701,9011,1132,465,667,7879,407,7472
2021,Merton 014,E02000702,9323,1224,539,685,8099,462,7637
2021,Merton 015,E02000703,7964,947,323,624,7017,558,6459
2021,Merton 016,E02000704,8601,1090,436,654,7511,541,6970
2021,Merton 017,E02000705,9329,1146,502,644,8183,423,7760
2021,Merton 018,E02000706,10035,1382,649,733,8653,467,8186
2021,Merton 019,E02000707,8303,1095,500,595,7208,369,6839
2021,Merton 020,E02000708,8887,981,364,617,7906,556,7350
2021,Merton 021,E02000709,7977,1011,387,624,6966,501,6465
2021,Merton 022,E02000710,9186,1411,671,740,7775,481,7294
2021,Merton 023,E02000711,9446,1262,518,744,8184,427,7757
2021,Merton 024,E02000712,9666,1492,672,820,8174,520,7654
2021,Merton 025,E02000713,7803,977,381,596,6826,457,6369
2021,Newham 001,E02000714,7711,981,422,559,6730,365,6365
2021,Newham 002,E02000715,7297,981,481,500,6316,219,6097
2021,Newham 003,E02000716,7350,944,474,470,6406,281,6125
2021,Newham 004,E02000717,8357,1009,494,515,7348,220,7128
2021,Newham 005,E02000718,7406,904,424,480,6502,239,6263
2021,Newham 006,E02000719,8076,1034,458,576,7042,341,6701
2021,Newham 007,E02000720,7489,833,355,478,6656,269,6387
2021,Newham 008,E02000721,9545,1136,536,600,8409,278,8131
2021,Newham 009,E02000722,8140,1066,475,591,7074,342,6732
2021,Newham 010,E02000723,11195,1370,677,693,9825,310,9515
2021,Newham 011,E02000724,10027,1188,574,614,8839,285,8554
2021,Newham 012,E02000725,9987,1140,458,682,8847,419,8428
2021,Newham 014,E02000727,8515,1010,461,549,7505,200,7305
2021,Newham 015,E02000728,8526,889,418,471,7637,244,7393
2021,Newham 016,E02000729,7328,953,465,488,6375,250,6125
2021,Newham 017,E02000730,9930,1124,521,603,8806,281,8525
2021,Newham 018,E02000731,9962,1118,540,578,8844,292,8552
2021,Newham 019,E02000732,8901,1176,556,620,7725,251,7474
2021,Newham 020,E02000733,10096,1332,622,710,8764,409,8355
2021,Newham 021,E02000734,7303,968,455,513,6335,270,6065
2021,Newham 022,E02000735,8608,1024,509,515,7584,292,7292
2021,Newham 023,E02000736,9204,1168,578,590,8036,297,7739
2021,Newham 024,E02000737,10379,1303,661,642,9076,377,8699
2021,Newham 025,E02000738,9576,983,430,553,8593,335,8258
2021,Newham 026,E02000739,7724,927,430,497,6797,273,6524
2021,Newham 027,E02000740,6764,989,479,510,5775,264,5511
2021,Newham 028,E02000741,8245,1011,437,574,7234,278,6956
2021,Newham 029,E02000742,8705,1062,540,522,7643,283,7360
2021,Newham 030,E02000743,10281,1316,634,682,8965,374,8591
2021,Newham 031,E02000744,9173,1128,552,576,8045,358,7687
2021,Newham 032,E02000745,8598,1046,552,494,7552,275,7277
2021,Newham 033,E02000746,9427,1207,597,610,8220,364,7856
2021,Newham 034,E02000747,13098,1627,764,863,11471,477,10994
2021,Newham 035,E02000748,6272,798,373,425,5474,199,5275
2021,Newham 036,E02000749,9552,1384,750,634,8168,320,7848
2021,Redbridge 001,E02000751,11159,1420,609,811,9739,692,9047
2021,Redbridge 002,E02000752,8779,1230,577,653,7549,360,7189
2021,Redbridge 003,E02000753,6915,1025,464,561,5890,279,5611
2021,Redbridge 004,E02000754,6768,857,344,513,5911,395,5516
2021,Redbridge 005,E02000755,5481,712,312,400,4769,303,4466
2021,Redbridge 006,E02000756,14594,1739,734,1005,12855,633,12222
2021,Redbridge 007,E02000757,12393,1377,549,828,11016,735,10281
2021,Redbridge 008,E02000758,6885,911,447,464,5974,296,5678
2021,Redbridge 009,E02000759,13086,1471,599,872,11615,672,10943
2021,Redbridge 010,E02000760,7535,1042,483,559,6493,283,6210
2021,Redbridge 012,E02000762,6621,784,329,455,5837,348,5489
2021,Redbridge 013,E02000763,8015,962,386,576,7053,298,6755
2021,Redbridge 014,E02000764,12307,1600,624,976,10707,828,9879
2021,Redbridge 015,E02000765,7526,815,378,437,6711,262,6449
2021,Redbridge 017,E02000767,8624,985,449,536,7639,362,7277
2021,Redbridge 018,E02000768,5787,649,219,430,5138,377,4761
2021,Redbridge 020,E02000770,8122,995,430,565,7127,334,6793
2021,Redbridge 022,E02000772,8385,1018,462,556,7367,282,7085
2021,Redbridge 023,E02000773,10731,1099,508,591,9632,447,9185
2021,Redbridge 024,E02000774,8109,893,450,443,7216,241,6975
2021,Redbridge 026,E02000776,7039,784,345,439,6255,308,5947
2021,Redbridge 027,E02000777,6003,821,336,485,5182,389,4793
2021,Redbridge 029,E02000779,8418,989,510,479,7429,273,7156
2021,Redbridge 031,E02000781,16293,1776,814,962,14517,561,13956
2021,Redbridge 032,E02000782,11485,1303,654,649,10182,352,9830
2021,Redbridge 033,E02000783,7395,872,425,447,6523,213,6310
2021,Richmond upon Thames 001,E02000784,10130,1242,515,727,8888,606,8282
2021,Richmond upon Thames 002,E02000785,9714,1040,343,697,8674,714,7960
2021,Richmond upon Thames 003,E02000786,11372,1259,443,816,10113,716,9397
2021,Richmond upon Thames 004,E02000787,12086,1476,565,911,10610,805,9805
2021,Richmond upon Thames 005,E02000788,9094,884,286,598,8210,574,7636
2021,Richmond upon Thames 006,E02000789,6301,749,304,445,5552,419,5133
2021,Richmond upon Thames 007,E02000790,6586,571,160,411,6015,495,5520
2021,Richmond upon Thames 008,E02000791,6471,600,191,409,5871,394,5477
2021,Richmond upon Thames 009,E02000792,7148,834,292,542,6314,502,5812
2021,Richmond upon Thames 010,E02000793,8106,1145,459,686,6961,546,6415
2021,Richmond upon Thames 011,E02000794,7015,731,225,506,6284,477,5807
2021,Richmond upon Thames 012,E02000795,6926,789,302,487,6137,424,5713
2021,Richmond upon Thames 013,E02000796,11088,1611,659,952,9477,631,8846
2021,Richmond upon Thames 014,E02000797,7868,820,256,564,7048,599,6449
2021,Richmond upon Thames 015,E02000798,11305,1354,494,860,9951,806,9145
2021,Richmond upon Thames 016,E02000799,6605,825,237,588,5780,495,5285
2021,Richmond upon Thames 017,E02000800,5411,782,333,449,4629,340,4289
2021,Richmond upon Thames 018,E02000801,7110,757,226,531,6353,542,5811
2021,Richmond upon Thames 019,E02000802,7022,903,369,534,6119,581,5538
2021,Richmond upon Thames 020,E02000803,9716,1528,689,839,8188,691,7497
2021,Richmond upon Thames 021,E02000804,7149,862,336,526,6287,591,5696
2021,Richmond upon Thames 022,E02000805,10755,1382,529,853,9373,834,8539
2021,Richmond upon Thames 023,E02000806,10299,1334,509,825,8965,742,8223
2021,Southwark 001,E02000807,8227,895,300,595,7332,540,6792
2021,Southwark 002,E02000808,10168,1270,456,814,8898,717,8181
2021,Southwark 004,E02000810,11896,1649,750,899,10247,712,9535
2021,Southwark 006,E02000812,10788,1541,643,898,9247,558,8689
2021,Southwark 007,E02000813,10223,1393,589,804,8830,504,8326
2021,Southwark 008,E02000814,10291,1204,456,748,9087,610,8477
2021,Southwark 009,E02000815,7614,854,283,571,6760,461,6299
2021,Southwark 010,E02000816,9608,1481,673,808,8127,546,7581
2021,Southwark 011,E02000817,6821,1317,642,675,5504,370,5134
2021,Southwark 012,E02000818,9791,1422,620,802,8369,555,7814
2021,Southwark 013,E02000819,8499,1300,609,691,7199,424,6775
2021,Southwark 014,E02000820,9245,1424,583,841,7821,587,7234
2021,Southwark 015,E02000821,9358,1087,467,620,8271,435,7836
2021,Southwark 016,E02000822,6719,958,390,568,5761,311,5450
2021,Southwark 017,E02000823,8685,1252,519,733,7433,532,6901
2021,Southwark 018,E02000824,9902,1386,623,763,8516,461,8055
2021,Southwark 019,E02000825,10225,1455,703,752,8770,457,8313
2021,Southwark 020,E02000826,9881,1308,564,744,8573,559,8014
2021,Southwark 021,E02000827,11311,1548,637,911,9763,577,9186
2021,Southwark 022,E02000828,8813,1270,520,750,7543,410,7133
2021,Southwark 023,E02000829,10925,1830,868,962,9095,598,8497
2021,Southwark 024,E02000830,8884,1165,419,746,7719,633,7086
2021,Southwark 025,E02000831,9355,1339,527,812,8016,616,7400
2021,Southwark 026,E02000832,9686,1678,785,893,8008,568,7440
2021,Southwark 027,E02000833,7487,1014,430,584,6473,432,6041
2021,Southwark 028,E02000834,9389,1170,435,735,8219,685,7534
2021,Southwark 029,E02000835,7680,1011,397,614,6669,546,6123
2021,Southwark 030,E02000836,8296,1012,344,668,7284,604,6680
2021,Southwark 031,E02000837,8559,931,313,618,7628,654,6974
2021,Southwark 032,E02000838,9497,1277,486,791,8220,616,7604
2021,Southwark 033,E02000839,8480,1076,418,658,7404,495,6909
2021,Sutton 001,E02000840,9321,1642,747,895,7679,464,7215
2021,Sutton 002,E02000841,9188,1576,736,840,7612,459,7153
2021,Sutton 003,E02000842,8279,1087,424,663,7192,498,6694
2021,Sutton 004,E02000843,9473,1176,472,704,8297,599,7698
2021,Sutton 005,E02000844,8657,1386,597,789,7271,554,6717
2021,Sutton 006,E02000845,9420,1123,411,712,8297,572,7725
2021,Sutton 007,E02000846,7615,984,425,559,6631,483,6148
2021,Sutton 008,E02000847,9423,1259,521,738,8164,615,7549
2021,Sutton 009,E02000848,8139,935,332,603,7204,493,6711
2021,Sutton 010,E02000849,8178,1221,527,694,6957,562,6395
2021,Sutton 011,E02000850,10834,1501,593,908,9333,685,8648
2021,Sutton 012,E02000851,11581,1606,647,959,9975,631,9344
2021,Sutton 013,E02000852,8146,1048,397,651,7098,552,6546
2021,Sutton 014,E02000853,8170,1113,438,675,7057,513,6544
2021,Sutton 015,E02000854,7612,1035,355,680,6577,585,5992
2021,Sutton 016,E02000855,8204,1085,419,666,7119,581,6538
2021,Sutton 017,E02000856,9330,1204,463,741,8126,643,7483
2021,Sutton 018,E02000857,8995,1208,520,688,7787,589,7198
2021,Sutton 019,E02000858,8569,1682,775,907,6887,476,6411
2021,Sutton 020,E02000859,8486,1397,602,795,7089,598,6491
2021,Sutton 021,E02000860,8784,1328,617,711,7456,492,6964
2021,Sutton 022,E02000861,7776,977,348,629,6799,628,6171
2021,Sutton 024,E02000863,6737,946,360,586,5791,460,5331
2021,Tower Hamlets 001,E02000864,11261,1716,771,945,9545,633,8912
2021,Tower Hamlets 002,E02000865,7961,1276,627,649,6685,349,6336
2021,Tower Hamlets 003,E02000866,10646,1521,636,885,9125,647,8478
2021,Tower Hamlets 004,E02000867,11328,1479,586,893,9849,668,9181
2021,Tower Hamlets 005,E02000868,7197,986,418,568,6211,404,5807
2021,Tower Hamlets 006,E02000869,5931,905,427,478,5026,341,4685
2021,Tower Hamlets 007,E02000870,6371,965,437,528,5406,312,5094
2021,Tower Hamlets 008,E02000871,11514,1588,670,918,9926,448,9478
2021,Tower Hamlets 009,E02000872,8145,1152,497,655,6993,339,6654
2021,Tower Hamlets 010,E02000873,9852,1309,494,815,8543,449,8094
2021,Tower Hamlets 011,E02000874,7496,1046,487,559,6450,316,6134
2021,Tower Hamlets 012,E02000875,13571,1935,885,1050,11636,584,11052
2021,Tower Hamlets 013,E02000876,7276,1024,474,550,6252,290,5962
2021,Tower Hamlets 014,E02000877,13809,1768,768,1000,12041,676,11365
2021,Tower Hamlets 015,E02000878,10433,1403,618,785,9030,422,8608
2021,Tower Hamlets 016,E02000879,8343,1277,616,661,7066,351,6715
2021,Tower Hamlets 017,E02000880,6513,891,381,510,5622,285,5337
2021,Tower Hamlets 018,E02000881,10831,1455,673,782,9376,395,8981
2021,Tower Hamlets 019,E02000882,11501,1725,908,817,9776,474,9302
2021,Tower Hamlets 020,E02000883,9286,1391,688,703,7895,325,7570
2021,Tower Hamlets 021,E02000884,12769,1208,510,698,11561,546,11015
2021,Tower Hamlets 022,E02000885,7054,1144,533,611,5910,297,5613
2021,Tower Hamlets 023,E02000886,9591,1117,446,671,8474,471,8003
2021,Tower Hamlets 024,E02000887,10801,1475,724,751,9326,390,8936
2021,Tower Hamlets 025,E02000888,8621,1029,455,574,7592,355,7237
2021,Tower Hamlets 026,E02000889,8968,985,372,613,7983,469,7514
2021,Tower Hamlets 027,E02000890,5815,574,196,378,5241,361,4880
2021,Tower Hamlets 030,E02000893,7412,1038,449,589,6374,352,6022
2021,Tower Hamlets 031,E02000894,11007,1191,462,729,9816,534,9282
2021,Waltham Forest 001,E02000895,8371,1354,622,732,7017,430,6587
2021,Waltham Forest 002,E02000896,9328,1344,526,818,7984,615,7369
2021,Waltham Forest 003,E02000897,8568,1486,728,758,7082,494,6588
2021,Waltham Forest 004,E02000898,8011,1337,630,707,6674,443,6231
2021,Waltham Forest 005,E02000899,8814,1197,534,663,7617,413,7204
2021,Waltham Forest 006,E02000900,8975,1267,585,682,7708,388,7320
2021,Waltham Forest 007,E02000901,10492,1295,522,773,9197,680,8517
2021,Waltham Forest 008,E02000902,9960,1191,527,664,8769,449,8320
2021,Waltham Forest 009,E02000903,10275,1501,739,762,8774,430,8344
2021,Waltham Forest 010,E02000904,8423,1013,359,654,7410,433,6977
2021,Waltham Forest 011,E02000905,10473,1154,476,678,9319,574,8745
2021,Waltham Forest 012,E02000906,9653,1190,518,672,8463,552,7911
2021,Waltham Forest 013,E02000907,10580,1506,670,836,9074,536,8538
2021,Waltham Forest 014,E02000908,12903,1611,573,1038,11292,777,10515
2021,Waltham Forest 015,E02000909,9247,1178,471,707,8069,565,7504
2021,Waltham Forest 016,E02000910,11428,1470,598,872,9958,619,9339
2021,Waltham Forest 017,E02000911,12965,1542,650,892,11423,710,10713
2021,Waltham Forest 018,E02000912,9740,1292,600,692,8448,404,8044
2021,Waltham Forest 019,E02000913,9642,1316,562,754,8326,458,7868
2021,Waltham Forest 020,E02000914,11798,1658,815,843,10140,483,9657
2021,Waltham Forest 021,E02000915,8111,1135,460,675,6976,493,6483
2021,Waltham Forest 022,E02000916,10561,1215,520,695,9346,436,8910
2021,Waltham Forest 023,E02000917,9587,1058,418,640,8529,444,8085
2021,Waltham Forest 024,E02000918,9324,1235,532,703,8089,464,7625
2021,Waltham Forest 025,E02000919,9239,1052,443,609,8187,452,7735
2021,Waltham Forest 026,E02000920,10299,1362,582,780,8937,424,8513
2021,Waltham Forest 027,E02000921,11199,1539,732,807,9660,484,9176
2021,Waltham Forest 028,E02000922,10463,1268,546,722,9195,480,8715
2021,Wandsworth 001,E02000923,7526,848,362,486,6678,415,6263
2021,Wandsworth 003,E02000925,7900,1056,452,604,6844,386,6458
2021,Wandsworth 004,E02000926,11639,1192,454,738,10447,711,9736
2021,Wandsworth 005,E02000927,7100,1063,477,586,6037,399,5638
2021,Wandsworth 006,E02000928,8356,795,259,536,7561,598,6963
2021,Wandsworth 007,E02000929,8103,1175,556,619,6928,466,6462
2021,Wandsworth 008,E02000930,10081,859,296,563,9222,628,8594
2021,Wandsworth 009,E02000931,8817,653,209,444,8164,578,7586
2021,Wandsworth 010,E02000932,12842,1080,319,761,11762,827,10935
2021,Wandsworth 011,E02000933,8869,1012,366,646,7857,619,7238
2021,Wandsworth 012,E02000934,8916,916,339,577,8000,612,7388
2021,Wandsworth 013,E02000935,7372,1257,490,767,6115,342,5773
2021,Wandsworth 014,E02000936,9365,1064,366,698,8301,617,7684
2021,Wandsworth 015,E02000937,8161,656,216,440,7505,485,7020
2021,Wandsworth 016,E02000938,10766,1592,753,839,9174,585,8589
2021,Wandsworth 017,E02000939,7818,720,282,438,7098,462,6636
2021,Wandsworth 018,E02000940,9324,1040,417,623,8284,566,7718
2021,Wandsworth 019,E02000941,10175,1011,360,651,9164,643,8521
2021,Wandsworth 020,E02000942,9686,930,293,637,8756,647,8109
2021,Wandsworth 021,E02000943,8724,880,297,583,7844,635,7209
2021,Wandsworth 022,E02000944,7637,1220,669,551,6417,359,6058
2021,Wandsworth 023,E02000945,7842,1225,573,652,6617,385,6232
2021,Wandsworth 024,E02000946,8435,1215,501,714,7220,531,6689
2021,Wandsworth 025,E02000947,9341,873,279,594,8468,634,7834
2021,Wandsworth 026,E02000948,10027,1043,432,611,8984,745,8239
2021,Wandsworth 027,E02000949,10005,972,352,620,9033,729,8304
2021,Wandsworth 028,E02000950,7584,824,322,502,6760,450,6310
2021,Wandsworth 029,E02000951,6432,840,347,493,5592,407,5185
2021,Wandsworth 030,E02000952,6147,725,279,446,5422,423,4999
2021,Wandsworth 031,E02000953,7506,739,255,484,6767,479,6288
2021,Wandsworth 032,E02000954,6102,706,270,436,5396,403,4993
2021,Wandsworth 033,E02000955,6891,944,385,559,5947,371,5576
2021,Wandsworth 034,E02000956,7421,1012,383,629,6409,459,5950
2021,Wandsworth 035,E02000957,10861,1306,531,775,9555,682,8873
2021,Wandsworth 036,E02000958,8276,1081,409,672,7195,545,6650
2021,Wandsworth 037,E02000959,7866,1021,433,588,6845,464,6381
2021,Westminster 001,E02000960,6156,658,290,368,5498,294,5204
2021,Westminster 002,E02000961,9817,1240,553,687,8577,420,8157
2021,Westminster 003,E02000962,7700,1005,534,471,6695,353,6342
2021,Westminster 004,E02000963,10522,1906,1015,891,8616,414,8202
2021,Westminster 005,E02000964,12142,2049,1038,1011,10093,577,9516
2021,Westminster 006,E02000965,7876,923,379,544,6953,379,6574
2021,Westminster 007,E02000966,9251,1091,406,685,8160,422,7738
2021,Westminster 008,E02000967,6056,550,221,329,5506,308,5198
2021,Westminster 009,E02000968,14480,3038,1699,1339,11442,519,10923
2021,Westminster 010,E02000969,9607,1824,935,889,7783,359,7424
2021,Westminster 011,E02000970,6837,663,233,430,6174,329,5845
2021,Westminster 012,E02000971,7476,794,373,421,6682,340,6342
2021,Westminster 013,E02000972,7879,1091,484,607,6788,437,6351
2021,Westminster 014,E02000973,9953,1238,564,674,8715,462,8253
2021,Westminster 015,E02000974,8705,955,448,507,7750,407,7343
2021,Westminster 016,E02000975,7417,676,280,396,6741,372,6369
2021,Westminster 017,E02000976,8432,1005,475,530,7427,400,7027
2021,Westminster 018,E02000977,6388,696,304,392,5692,334,5358
2021,Westminster 019,E02000978,7128,455,122,333,6673,289,6384
2021,Westminster 020,E02000979,8087,1129,474,655,6958,456,6502
2021,Westminster 021,E02000980,8724,1416,629,787,7308,496,6812
2021,Westminster 022,E02000981,8271,1264,589,675,7007,504,6503
2021,Westminster 023,E02000982,7638,1174,564,610,6464,388,6076
2021,Westminster 024,E02000983,7695,1289,651,638,6406,402,6004
2021,Bolton 001,E02000984,7677,971,360,611,6706,618,6088
2021,Bolton 002,E02000985,7417,1257,473,784,6160,598,5562
2021,Bolton 003,E02000986,8400,1365,612,753,7035,619,6416
2021,Bolton 004,E02000987,7300,1774,891,883,5526,488,5038
2021,Bolton 005,E02000988,9044,1719,833,886,7325,447,6878
2021,Bolton 006,E02000989,8350,1497,651,846,6853,621,6232
2021,Bolton 007,E02000990,8352,1338,565,773,7014,675,6339
2021,Bolton 008,E02000991,7811,1233,546,687,6578,552,6026
2021,Bolton 009,E02000992,6304,1094,473,621,5210,455,4755
2021,Bolton 010,E02000993,8434,1731,865,866,6703,474,6229
2021,Bolton 011,E02000994,9047,1593,873,720,7454,320,7134
2021,Bolton 012,E02000995,8347,1555,748,807,6792,569,6223
2021,Bolton 013,E02000996,8575,2054,1053,1001,6521,434,6087
2021,Bolton 014,E02000997,6478,1274,548,726,5204,471,4733
2021,Bolton 015,E02000998,10434,1626,771,855,8808,442,8366
2021,Bolton 016,E02000999,8530,2028,1098,930,6502,367,6135
2021,Bolton 017,E02001000,9178,1947,947,1000,7231,616,6615
2021,Bolton 018,E02001001,8858,1357,641,716,7501,533,6968
2021,Bolton 019,E02001002,9725,1990,887,1103,7735,607,7128
2021,Bolton 020,E02001003,7354,1080,454,626,6274,531,5743
2021,Bolton 021,E02001004,9343,1427,785,642,7916,266,7650
2021,Bolton 022,E02001005,9845,1532,775,757,8313,377,7936
2021,Bolton 023,E02001006,8471,1239,631,608,7232,337,6895
2021,Bolton 024,E02001007,10064,2103,936,1167,7961,783,7178
2021,Bolton 025,E02001008,9155,1398,760,638,7757,281,7476
2021,Bolton 026,E02001009,7481,1351,662,689,6130,378,5752
2021,Bolton 027,E02001010,6524,1171,572,599,5353,316,5037
2021,Bolton 028,E02001011,9747,1488,634,854,8259,710,7549
2021,Bolton 029,E02001012,9802,1476,692,784,8326,415,7911
2021,Bolton 030,E02001013,6106,1045,493,552,5061,395,4666
2021,Bolton 031,E02001014,8465,1847,881,966,6618,579,6039
2021,Bolton 032,E02001015,8204,1952,1015,937,6252,489,5763
2021,Bolton 033,E02001016,8706,1905,970,935,6801,510,6291
2021,Bolton 034,E02001017,10773,1943,869,1074,8830,705,8125
2021,Bolton 035,E02001018,7663,1238,515,723,6425,601,5824
2021,Bury 001,E02001019,9040,1474,616,858,7566,768,6798
2021,Bury 002,E02001020,5917,959,369,590,4958,517,4441
2021,Bury 003,E02001021,7504,1298,521,777,6206,666,5540
2021,Bury 004,E02001022,8072,1767,833,934,6305,547,5758
2021,Bury 005,E02001023,5695,1036,448,588,4659,450,4209
2021,Bury 006,E02001024,8058,1354,543,811,6704,639,6065
2021,Bury 007,E02001025,8152,1818,852,966,6334,515,5819
2021,Bury 008,E02001026,11350,1969,967,1002,9381,567,8814
2021,Bury 009,E02001027,7282,1429,633,796,5853,498,5355
2021,Bury 010,E02001028,7333,1217,509,708,6116,592,5524
2021,Bury 011,E02001029,7778,1428,667,761,6350,406,5944
2021,Bury 012,E02001030,6180,997,430,567,5183,467,4716
2021,Bury 013,E02001031,6877,1244,586,658,5633,470,5163
2021,Bury 014,E02001032,7675,1634,754,880,6041,552,5489
2021,Bury 015,E02001033,6180,1115,487,628,5065,392,4673
2021,Bury 016,E02001034,8617,2176,1101,1075,6441,528,5913
2021,Bury 017,E02001035,7216,1215,477,738,6001,535,5466
2021,Bury 018,E02001036,7484,1310,567,743,6174,500,5674
2021,Bury 019,E02001037,7215,1211,520,691,6004,593,5411
2021,Bury 020,E02001038,5679,1230,543,687,4449,458,3991
2021,Bury 021,E02001039,8601,1699,784,915,6902,540,6362
2021,Bury 022,E02001040,6405,1215,538,677,5190,496,4694
2021,Bury 023,E02001041,7730,1558,702,856,6172,583,5589
2021,Bury 024,E02001042,6560,1133,457,676,5427,507,4920
2021,Bury 025,E02001043,5686,1159,578,581,4527,389,4138
2021,Bury 026,E02001044,9565,1243,517,726,8322,522,7800
2021,Manchester 001,E02001045,8433,1872,1015,857,6561,423,6138
2021,Manchester 002,E02001046,11215,2183,1137,1046,9032,530,8502
2021,Manchester 003,E02001047,10474,2272,1232,1040,8202,538,7664
2021,Manchester 004,E02001048,9446,1579,749,830,7867,424,7443
2021,Manchester 005,E02001049,10494,2082,996,1086,8412,546,7866
2021,Manchester 006,E02001050,8429,1503,829,674,6926,345,6581
2021,Manchester 007,E02001051,9267,1576,804,772,7691,419,7272
2021,Manchester 008,E02001052,15014,2140,1047,1093,12874,403,12471
2021,Manchester 009,E02001053,11908,2340,1344,996,9568,390,9178
2021,Manchester 011,E02001055,9687,2153,1243,910,7534,469,7065
2021,Manchester 012,E02001056,8935,1953,1101,852,6982,330,6652
2021,Manchester 015,E02001059,11850,2157,1137,1020,9693,496,9197
2021,Manchester 017,E02001061,10962,2094,1077,1017,8868,453,8415
2021,Manchester 018,E02001062,10138,1684,813,871,8454,433,8021
2021,Manchester 019,E02001063,11070,1622,542,1080,9448,655,8793
2021,Manchester 020,E02001064,10779,2005,1119,886,8774,354,8420
2021,Manchester 021,E02001065,9526,1718,837,881,7808,443,7365
2021,Manchester 022,E02001066,11566,1822,727,1095,9744,622,9122
2021,Manchester 023,E02001067,11548,1984,996,988,9564,407,9157
2021,Manchester 024,E02001068,11886,1770,856,914,10116,432,9684
2021,Manchester 025,E02001069,12493,1822,686,1136,10671,570,10101
2021,Manchester 026,E02001070,11993,1968,782,1186,10025,677,9348
2021,Manchester 028,E02001072,8939,1609,718,891,7330,532,6798
2021,Manchester 029,E02001073,9363,1497,551,946,7866,818,7048
2021,Manchester 030,E02001074,11798,2281,1156,1125,9517,563,8954
2021,Manchester 031,E02001075,9135,1485,671,814,7650,511,7139
2021,Manchester 032,E02001076,11272,1677,428,1249,9595,746,8849
2021,Manchester 033,E02001077,7427,1168,457,711,6259,583,5676
2021,Manchester 034,E02001078,10687,1808,819,989,8879,574,8305
2021,Manchester 035,E02001079,9461,1825,856,969,7636,554,7082
2021,Manchester 036,E02001080,9730,1583,542,1041,8147,775,7372
2021,Manchester 037,E02001081,6306,1000,399,601,5306,490,4816
2021,Manchester 038,E02001082,6673,1045,386,659,5628,596,5032
2021,Manchester 039,E02001083,8242,1145,469,676,7097,632,6465
2021,Manchester 040,E02001084,8604,1471,550,921,7133,695,6438
2021,Manchester 041,E02001085,8969,1904,1008,896,7065,416,6649
2021,Manchester 042,E02001086,6882,1254,595,659,5628,502,5126
2021,Manchester 043,E02001087,9281,1328,531,797,7953,786,7167
2021,Manchester 044,E02001088,9124,1987,1017,970,7137,481,6656
2021,Manchester 045,E02001089,8042,1134,462,672,6908,634,6274
2021,Manchester 046,E02001090,6981,1368,633,735,5613,528,5085
2021,Manchester 047,E02001091,8382,1778,856,922,6604,584,6020
2021,Manchester 048,E02001092,9230,1843,891,952,7387,480,6907
2021,Manchester 049,E02001093,9894,2236,1194,1042,7658,505,7153
2021,Manchester 050,E02001094,9989,2318,1181,1137,7671,494,7177
2021,Manchester 051,E02001095,9034,2143,1137,1006,6891,476,6415
2021,Manchester 052,E02001096,8022,1779,919,860,6243,475,5768
2021,Manchester 053,E02001097,8566,1933,1004,929,6633,422,6211
2021,Oldham 001,E02001098,5941,1262,549,713,4679,456,4223
2021,Oldham 002,E02001099,5682,1246,567,679,4436,369,4067
2021,Oldham 003,E02001100,6038,1298,591,707,4740,439,4301
2021,Oldham 004,E02001101,5676,993,394,599,4683,429,4254
2021,Oldham 005,E02001102,6030,1035,447,588,4995,447,4548
2021,Oldham 006,E02001103,5504,971,402,569,4533,469,4064
2021,Oldham 007,E02001104,7312,1282,575,707,6030,498,5532
2021,Oldham 008,E02001105,5953,1207,531,676,4746,420,4326
2021,Oldham 009,E02001106,6028,1243,583,660,4785,383,4402
2021,Oldham 010,E02001107,6923,1076,452,624,5847,377,5470
2021,Oldham 011,E02001108,5954,1175,581,594,4779,325,4454
2021,Oldham 012,E02001109,7750,1670,841,829,6080,448,5632
2021,Oldham 013,E02001110,6478,964,359,605,5514,529,4985
2021,Oldham 014,E02001111,9135,1830,962,868,7305,383,6922
2021,Oldham 015,E02001112,5994,931,374,557,5063,416,4647
2021,Oldham 016,E02001113,9434,1351,692,659,8083,289,7794
2021,Oldham 017,E02001114,8851,1766,902,864,7085,470,6615
2021,Oldham 018,E02001115,5990,1150,494,656,4840,426,4414
2021,Oldham 019,E02001116,7911,1121,517,604,6790,314,6476
2021,Oldham 020,E02001117,6000,943,347,596,5057,552,4505
2021,Oldham 021,E02001118,6063,1082,423,659,4981,491,4490
2021,Oldham 022,E02001119,12317,1934,1083,851,10383,285,10098
2021,Oldham 024,E02001121,8679,1322,663,659,7357,238,7119
2021,Oldham 026,E02001123,7060,1440,707,733,5620,390,5230
2021,Oldham 027,E02001124,6876,1428,718,710,5448,384,5064
2021,Oldham 028,E02001125,7917,1528,721,807,6389,481,5908
2021,Oldham 029,E02001126,9164,1887,927,960,7277,430,6847
2021,Oldham 030,E02001127,7755,1702,805,897,6053,432,5621
2021,Oldham 031,E02001128,7456,1482,697,785,5974,449,5525
2021,Oldham 032,E02001129,6787,1443,711,732,5344,408,4936
2021,Oldham 033,E02001130,5803,1205,580,625,4598,363,4235
2021,Oldham 034,E02001131,5458,983,464,519,4475,355,4120
2021,Rochdale 001,E02001132,6625,1369,568,801,5256,519,4737
2021,Rochdale 002,E02001133,6603,1072,436,636,5531,476,5055
2021,Rochdale 003,E02001134,6325,1104,448,656,5221,537,4684
2021,Rochdale 004,E02001135,8403,1777,892,885,6626,408,6218
2021,Rochdale 005,E02001136,9545,1843,823,1020,7702,612,7090
2021,Rochdale 006,E02001137,6201,908,355,553,5293,474,4819
2021,Rochdale 007,E02001138,8651,1452,639,813,7199,642,6557
2021,Rochdale 008,E02001139,10362,1633,830,803,8729,327,8402
2021,Rochdale 009,E02001140,8149,1534,718,816,6615,462,6153
2021,Rochdale 010,E02001141,12014,2279,1202,1077,9735,475,9260
2021,Rochdale 011,E02001142,6017,1059,433,626,4958,422,4536
2021,Rochdale 012,E02001143,11640,2150,1069,1081,9490,487,9003
2021,Rochdale 013,E02001144,6338,1332,588,744,5006,435,4571
2021,Rochdale 014,E02001145,7040,1363,576,787,5677,552,5125
2021,Rochdale 015,E02001146,10294,1731,954,777,8563,289,8274
2021,Rochdale 016,E02001147,10402,1977,960,1017,8425,558,7867
2021,Rochdale 017,E02001148,10459,2200,1025,1175,8259,618,7641
2021,Rochdale 018,E02001149,10321,2291,1111,1180,8030,616,7414
2021,Rochdale 019,E02001150,8981,1942,923,1019,7039,542,6497
2021,Rochdale 020,E02001151,10103,1735,748,987,8368,699,7669
2021,Rochdale 021,E02001152,9776,1969,919,1050,7807,558,7249
2021,Rochdale 022,E02001153,12281,2607,1376,1231,9674,631,9043
2021,Rochdale 023,E02001154,10132,2026,1001,1025,8106,614,7492
2021,Rochdale 024,E02001155,7209,1539,754,785,5670,459,5211
2021,Rochdale 025,E02001156,9903,1674,722,952,8229,663,7566
2021,Salford 001,E02001157,8704,2104,1078,1026,6600,400,6200
2021,Salford 002,E02001158,6061,1523,764,759,4538,329,4209
2021,Salford 003,E02001159,7494,1364,654,710,6130,498,5632
2021,Salford 004,E02001160,7272,1643,839,804,5629,397,5232
2021,Salford 005,E02001161,5843,1173,565,608,4670,375,4295
2021,Salford 006,E02001162,5820,1258,610,648,4562,399,4163
2021,Salford 007,E02001163,9918,1783,788,995,8135,726,7409
2021,Salford 008,E02001164,7676,1599,783,816,6077,478,5599
2021,Salford 009,E02001165,6171,1140,505,635,5031,470,4561
2021,Salford 010,E02001166,8245,954,422,532,7291,320,6971
2021,Salford 011,E02001167,6969,1203,579,624,5766,362,5404
2021,Salford 012,E02001168,9893,2053,968,1085,7840,582,7258
2021,Salford 013,E02001169,10905,1514,628,886,9391,759,8632
2021,Salford 014,E02001170,9851,1310,513,797,8541,721,7820
2021,Salford 015,E02001171,6161,1072,433,639,5089,392,4697
2021,Salford 017,E02001173,9504,2004,956,1048,7500,515,6985
2021,Salford 018,E02001174,5722,1032,462,570,4690,444,4246
2021,Salford 019,E02001175,7503,1402,670,732,6101,513,5588
2021,Salford 020,E02001176,11752,2340,1106,1234,9412,801,8611
2021,Salford 021,E02001177,13344,2647,1300,1347,10697,856,9841
2021,Salford 023,E02001179,7018,1379,616,763,5639,445,5194
2021,Salford 024,E02001180,5684,1307,682,625,4377,271,4106
2021,Salford 025,E02001181,5976,1380,655,725,4596,347,4249
2021,Salford 026,E02001182,7352,1573,769,804,5779,450,5329
2021,Salford 027,E02001183,7329,1494,645,849,5835,462,5373
2021,Salford 029,E02001185,9698,2020,954,1066,7678,642,7036
2021,Salford 030,E02001186,10557,1996,908,1088,8561,749,7812
2021,Stockport 001,E02001187,7004,1361,631,730,5643,475,5168
2021,Stockport 002,E02001188,8650,1651,680,971,6999,540,6459
2021,Stockport 003,E02001189,8298,1477,650,827,6821,607,6214
2021,Stockport 004,E02001190,7957,2249,1200,1049,5708,419,5289
2021,Stockport 005,E02001191,5741,1162,529,633,4579,469,4110
2021,Stockport 006,E02001192,6557,1079,453,626,5478,518,4960
2021,Stockport 007,E02001193,6410,1303,557,746,5107,453,4654
2021,Stockport 008,E02001194,6376,923,337,586,5453,515,4938
2021,Stockport 009,E02001195,7553,1440,637,803,6113,567,5546
2021,Stockport 010,E02001196,7831,1534,643,891,6297,688,5609
2021,Stockport 011,E02001197,6278,938,367,571,5340,495,4845
2021,Stockport 012,E02001198,7522,1784,834,950,5738,566,5172
2021,Stockport 013,E02001199,7905,1124,403,721,6781,701,6080
2021,Stockport 014,E02001200,7887,2065,1015,1050,5822,495,5327
2021,Stockport 015,E02001201,5789,988,375,613,4801,445,4356
2021,Stockport 016,E02001202,6454,1229,535,694,5225,480,4745
2021,Stockport 017,E02001203,5861,795,265,530,5066,585,4481
2021,Stockport 018,E02001204,8923,1594,649,945,7329,709,6620
2021,Stockport 019,E02001205,8429,1764,726,1038,6665,664,6001
2021,Stockport 020,E02001206,7270,1310,581,729,5960,674,5286
2021,Stockport 021,E02001207,6849,1181,470,711,5668,535,5133
2021,Stockport 022,E02001208,7570,1481,657,824,6089,579,5510
2021,Stockport 023,E02001209,7769,1441,580,861,6328,594,5734
2021,Stockport 024,E02001210,7438,1723,807,916,5715,482,5233
2021,Stockport 025,E02001211,6667,1013,428,585,5654,493,5161
2021,Stockport 026,E02001212,6989,1609,784,825,5380,395,4985
2021,Stockport 027,E02001213,9919,1657,649,1008,8262,856,7406
2021,Stockport 028,E02001214,8020,1431,642,789,6589,535,6054
2021,Stockport 029,E02001215,5974,1127,485,642,4847,507,4340
2021,Stockport 030,E02001216,7841,1180,437,743,6661,632,6029
2021,Stockport 031,E02001217,6759,1248,486,762,5511,535,4976
2021,Stockport 032,E02001218,6022,964,377,587,5058,523,4535
2021,Stockport 033,E02001219,5283,744,267,477,4539,434,4105
2021,Stockport 034,E02001220,5675,886,359,527,4789,486,4303
2021,Stockport 035,E02001221,5866,896,365,531,4970,548,4422
2021,Stockport 036,E02001222,6478,1076,466,610,5402,455,4947
2021,Stockport 037,E02001223,6667,966,378,588,5701,551,5150
2021,Stockport 038,E02001224,5784,1128,480,648,4656,507,4149
2021,Stockport 039,E02001225,7377,1106,382,724,6271,617,5654
2021,Stockport 040,E02001226,7179,1226,545,681,5953,491,5462
2021,Stockport 041,E02001227,5690,774,285,489,4916,461,4455
2021,Stockport 042,E02001228,6259,868,314,554,5391,525,4866
2021,Tameside 001,E02001229,10311,1839,772,1067,8472,852,7620
2021,Tameside 002,E02001230,5871,1027,487,540,4844,349,4495
2021,Tameside 003,E02001231,7101,1301,561,740,5800,489,5311
2021,Tameside 004,E02001232,8694,1650,756,894,7044,494,6550
2021,Tameside 005,E02001233,7992,1821,919,902,6171,497,5674
2021,Tameside 006,E02001234,7942,1685,836,849,6257,482,5775
2021,Tameside 007,E02001235,7214,1330,588,742,5884,473,5411
2021,Tameside 008,E02001236,6114,1475,681,794,4639,404,4235
2021,Tameside 009,E02001237,7218,1374,605,769,5844,479,5365
2021,Tameside 010,E02001238,7993,1573,678,895,6420,476,5944
2021,Tameside 011,E02001239,9538,1955,933,1022,7583,573,7010
2021,Tameside 012,E02001240,6383,1246,548,698,5137,388,4749
2021,Tameside 013,E02001241,11207,2367,1157,1210,8840,491,8349
2021,Tameside 014,E02001242,7055,1067,485,582,5988,438,5550
2021,Tameside 015,E02001243,8237,1545,661,884,6692,607,6085
2021,Tameside 016,E02001244,5409,939,406,533,4470,414,4056
2021,Tameside 017,E02001245,8041,1753,811,942,6288,561,5727
2021,Tameside 018,E02001246,7438,1817,861,956,5621,454,5167
2021,Tameside 019,E02001247,7418,1469,721,748,5949,484,5465
2021,Tameside 020,E02001248,11983,2417,1117,1300,9566,774,8792
2021,Tameside 021,E02001249,6371,1323,544,779,5048,437,4611
2021,Tameside 022,E02001250,6476,1110,454,656,5366,513,4853
2021,Tameside 023,E02001251,6095,1212,480,732,4883,525,4358
2021,Tameside 024,E02001252,7540,1288,549,739,6252,532,5720
2021,Tameside 025,E02001253,5012,1012,464,548,4000,341,3659
2021,Tameside 026,E02001254,5634,1164,521,643,4470,403,4067
2021,Tameside 027,E02001255,7681,1761,867,894,5920,446,5474
2021,Tameside 028,E02001256,10545,2283,1075,1208,8262,581,7681
2021,Tameside 029,E02001257,9120,2126,1072,1054,6994,600,6394
2021,Tameside 030,E02001258,7437,1281,528,753,6156,563,5593
2021,Trafford 001,E02001259,11722,1983,935,1048,9739,629,9110
2021,Trafford 002,E02001260,7581,1227,503,724,6354,538,5816
2021,Trafford 003,E02001261,8878,1462,586,876,7416,591,6825
2021,Trafford 004,E02001262,8676,1529,740,789,7147,455,6692
2021,Trafford 005,E02001263,8393,1438,627,811,6955,664,6291
2021,Trafford 006,E02001264,8655,1288,532,756,7367,584,6783
2021,Trafford 007,E02001265,8196,1553,667,886,6643,630,6013
2021,Trafford 008,E02001266,6924,1395,626,769,5529,447,5082
2021,Trafford 009,E02001267,7247,1506,680,826,5741,567,5174
2021,Trafford 010,E02001268,7040,1199,517,682,5841,614,5227
2021,Trafford 011,E02001269,8353,1497,625,872,6856,593,6263
2021,Trafford 012,E02001270,8551,1255,517,738,7296,686,6610
2021,Trafford 013,E02001271,6644,1158,529,629,5486,465,5021
2021,Trafford 014,E02001272,8024,1120,436,684,6904,687,6217
2021,Trafford 015,E02001273,9535,1318,472,846,8217,774,7443
2021,Trafford 016,E02001274,8057,1273,493,780,6784,673,6111
2021,Trafford 017,E02001275,8189,2000,972,1028,6189,449,5740
2021,Trafford 018,E02001276,8116,1459,673,786,6657,580,6077
2021,Trafford 019,E02001277,9350,1593,724,869,7757,679,7078
2021,Trafford 020,E02001278,8692,1082,440,642,7610,671,6939
2021,Trafford 021,E02001279,8286,1073,389,684,7213,630,6583
2021,Trafford 022,E02001280,8401,1656,772,884,6745,550,6195
2021,Trafford 023,E02001281,7738,1024,391,633,6714,643,6071
2021,Trafford 024,E02001282,10105,1195,475,720,8910,712,8198
2021,Trafford 025,E02001283,9514,1286,511,775,8228,714,7514
2021,Trafford 026,E02001284,8153,824,258,566,7329,656,6673
2021,Trafford 027,E02001285,7755,1066,425,641,6689,595,6094
2021,Trafford 028,E02001286,8277,1088,403,685,7189,523,6666
2021,Wigan 001,E02001287,6630,961,380,581,5669,533,5136
2021,Wigan 002,E02001288,8334,1380,576,804,6954,656,6298
2021,Wigan 003,E02001289,10174,1906,780,1126,8268,766,7502
2021,Wigan 004,E02001290,6129,1199,557,642,4930,445,4485
2021,Wigan 005,E02001291,7815,1694,797,897,6121,520,5601
2021,Wigan 006,E02001292,8030,1324,576,748,6706,605,6101
2021,Wigan 007,E02001293,6260,1169,548,621,5091,399,4692
2021,Wigan 008,E02001294,7998,1536,707,829,6462,598,5864
2021,Wigan 009,E02001295,7232,1945,1042,903,5287,415,4872
2021,Wigan 010,E02001296,9050,2306,1203,1103,6744,453,6291
2021,Wigan 011,E02001297,6608,1501,770,731,5107,416,4691
2021,Wigan 012,E02001298,8122,1771,884,887,6351,424,5927
2021,Wigan 013,E02001299,8690,1770,872,898,6920,633,6287
2021,Wigan 014,E02001300,7888,1728,836,892,6160,525,5635
2021,Wigan 015,E02001301,9029,1949,922,1027,7080,599,6481
2021,Wigan 016,E02001302,7985,1804,884,920,6181,568,5613
2021,Wigan 017,E02001303,9028,2099,1045,1054,6929,535,6394
2021,Wigan 018,E02001304,12767,2216,911,1305,10551,977,9574
2021,Wigan 019,E02001305,8519,1726,743,983,6793,586,6207
2021,Wigan 020,E02001306,7149,1438,668,770,5711,480,5231
2021,Wigan 021,E02001307,11653,1709,725,984,9944,855,9089
2021,Wigan 022,E02001308,5971,1260,582,678,4711,477,4234
2021,Wigan 023,E02001309,8353,1565,713,852,6788,587,6201
2021,Wigan 024,E02001310,9227,2053,1015,1038,7174,556,6618
2021,Wigan 025,E02001311,8192,1638,771,867,6554,610,5944
2021,Wigan 026,E02001312,8687,1815,812,1003,6872,628,6244
2021,Wigan 027,E02001313,8167,1959,990,969,6208,487,5721
2021,Wigan 028,E02001314,8008,1199,503,696,6809,634,6175
2021,Wigan 029,E02001315,9436,1501,620,881,7935,666,7269
2021,Wigan 030,E02001316,7360,1399,588,811,5961,466,5495
2021,Wigan 031,E02001317,9005,1858,911,947,7147,590,6557
2021,Wigan 032,E02001318,7830,1662,785,877,6168,569,5599
2021,Wigan 033,E02001319,8322,1881,943,938,6441,515,5926
2021,Wigan 034,E02001320,7389,1596,699,897,5793,492,5301
2021,Wigan 035,E02001321,8005,1485,693,792,6520,583,5937
2021,Wigan 036,E02001322,7206,1486,720,766,5720,510,5210
2021,Wigan 037,E02001323,7705,1521,672,849,6184,548,5636
2021,Wigan 038,E02001324,8267,1744,790,954,6523,538,5985
2021,Wigan 039,E02001325,8956,1547,663,884,7409,699,6710
2021,Wigan 040,E02001326,8163,1569,654,915,6594,603,5991
2021,Knowsley 001,E02001327,9422,2238,1273,965,7184,456,6728
2021,Knowsley 002,E02001328,10526,2100,1101,999,8426,614,7812
2021,Knowsley 003,E02001329,7472,2000,1172,828,5472,354,5118
2021,Knowsley 004,E02001330,9083,2166,1217,949,6917,452,6465
2021,Knowsley 005,E02001331,10127,2582,1461,1121,7545,490,7055
2021,Knowsley 006,E02001332,7565,1949,1135,814,5616,343,5273
2021,Knowsley 007,E02001333,9467,2259,1231,1028,7208,541,6667
2021,Knowsley 008,E02001334,6595,1667,997,670,4928,304,4624
2021,Knowsley 009,E02001335,8232,1527,772,755,6705,519,6186
2021,Knowsley 010,E02001336,7001,1987,1128,859,5014,285,4729
2021,Knowsley 011,E02001337,5847,1278,687,591,4569,330,4239
2021,Knowsley 012,E02001338,6133,1407,767,640,4726,287,4439
2021,Knowsley 013,E02001339,6404,1504,751,753,4900,359,4541
2021,Knowsley 014,E02001340,9740,1613,791,822,8127,588,7539
2021,Knowsley 015,E02001341,7499,1888,1063,825,5611,381,5230
2021,Knowsley 016,E02001342,7838,1528,790,738,6310,544,5766
2021,Knowsley 017,E02001343,7214,1265,629,636,5949,493,5456
2021,Knowsley 018,E02001344,5495,1254,681,573,4241,345,3896
2021,Knowsley 019,E02001345,5402,1017,485,532,4385,343,4042
2021,Knowsley 020,E02001346,7451,1758,958,800,5693,397,5296
2021,Liverpool 001,E02001347,8040,1841,1033,808,6199,463,5736
2021,Liverpool 002,E02001348,6662,1527,718,809,5135,444,4691
2021,Liverpool 003,E02001349,8042,1774,876,898,6268,596,5672
2021,Liverpool 004,E02001350,8066,2084,1303,781,5982,385,5597
2021,Liverpool 005,E02001351,8996,2539,1408,1131,6457,476,5981
2021,Liverpool 006,E02001352,6449,1660,856,804,4789,351,4438
2021,Liverpool 007,E02001353,7250,1397,747,650,5853,466,5387
2021,Liverpool 008,E02001354,7914,1945,1092,853,5969,410,5559
2021,Liverpool 009,E02001355,6344,1615,868,747,4729,346,4383
2021,Liverpool 010,E02001356,9178,1863,971,892,7315,390,6925
2021,Liverpool 011,E02001357,7229,1970,1096,874,5259,305,4954
2021,Liverpool 012,E02001358,6976,1850,934,916,5126,342,4784
2021,Liverpool 013,E02001359,5512,1198,664,534,4314,303,4011
2021,Liverpool 014,E02001360,8798,2309,1372,937,6489,373,6116
2021,Liverpool 015,E02001361,7275,1825,1022,803,5450,339,5111
2021,Liverpool 016,E02001362,7579,1853,1013,840,5726,400,5326
2021,Liverpool 017,E02001363,7895,1973,1084,889,5922,373,5549
2021,Liverpool 018,E02001364,6286,1615,927,688,4671,308,4363
2021,Liverpool 019,E02001365,9288,2009,1016,993,7279,406,6873
2021,Liverpool 020,E02001366,8802,2182,1111,1071,6620,480,6140
2021,Liverpool 021,E02001367,9689,1809,921,888,7880,600,7280
2021,Liverpool 022,E02001368,7165,1967,1247,720,5198,282,4916
2021,Liverpool 023,E02001369,8069,2222,1334,888,5847,364,5483
2021,Liverpool 024,E02001370,7115,2066,1258,808,5049,259,4790
2021,Liverpool 025,E02001371,7639,1801,1031,770,5838,347,5491
2021,Liverpool 026,E02001372,6065,1558,927,631,4507,319,4188
2021,Liverpool 027,E02001373,8911,2124,1083,1041,6787,548,6239
2021,Liverpool 028,E02001374,8622,1948,1014,934,6674,419,6255
2021,Liverpool 029,E02001375,6903,1702,908,794,5201,397,4804
2021,Liverpool 030,E02001376,9323,1877,946,931,7446,440,7006
2021,Liverpool 031,E02001377,12382,2183,979,1204,10199,708,9491
2021,Liverpool 032,E02001378,7373,1741,958,783,5632,464,5168
2021,Liverpool 034,E02001380,7551,1317,631,686,6234,450,5784
2021,Liverpool 035,E02001381,9837,1908,911,997,7929,562,7367
2021,Liverpool 036,E02001382,6902,1080,443,637,5822,502,5320
2021,Liverpool 037,E02001383,9557,2024,871,1153,7533,660,6873
2021,Liverpool 038,E02001384,10805,1797,693,1104,9008,692,8316
2021,Liverpool 039,E02001385,9078,1798,990,808,7280,326,6954
2021,Liverpool 040,E02001386,8178,2414,1353,1061,5764,438,5326
2021,Liverpool 041,E02001387,7872,1213,535,678,6659,681,5978
2021,Liverpool 042,E02001388,8282,1310,505,805,6972,662,6310
2021,Liverpool 043,E02001389,6592,1456,671,785,5136,469,4667
2021,Liverpool 044,E02001390,9713,2431,1422,1009,7282,449,6833
2021,Liverpool 045,E02001391,5991,1632,917,715,4359,322,4037
2021,Liverpool 046,E02001392,6328,1163,509,654,5165,471,4694
2021,Liverpool 047,E02001393,7488,1098,424,674,6390,617,5773
2021,Liverpool 048,E02001394,8644,1908,950,958,6736,678,6058
2021,Liverpool 049,E02001395,5944,1003,411,592,4941,504,4437
2021,Liverpool 050,E02001396,7667,1667,852,815,6000,499,5501
2021,Liverpool 051,E02001397,7186,1649,848,801,5537,557,4980
2021,Liverpool 052,E02001398,7453,1580,692,888,5873,577,5296
2021,Liverpool 053,E02001399,7021,1172,504,668,5849,475,5374
2021,Liverpool 054,E02001400,6899,1586,858,728,5313,457,4856
2021,Liverpool 055,E02001401,7989,1434,681,753,6555,534,6021
2021,Liverpool 056,E02001402,9035,1551,756,795,7484,700,6784
2021,Liverpool 057,E02001403,6459,1533,799,734,4926,404,4522
2021,Liverpool 058,E02001404,7829,1846,1034,812,5983,410,5573
2021,Liverpool 059,E02001405,9909,2478,1420,1058,7431,508,6923
2021,St. Helens 001,E02001406,7848,1517,720,797,6331,678,5653
2021,St. Helens 002,E02001407,5835,1229,554,675,4606,461,4145
2021,St. Helens 003,E02001408,5447,1069,497,572,4378,430,3948
2021,St. Helens 004,E02001409,10274,2365,1207,1158,7909,697,7212
2021,St. Helens 005,E02001410,5767,1436,725,711,4331,378,3953
2021,St. Helens 006,E02001411,5798,1323,603,720,4475,397,4078
2021,St. Helens 007,E02001412,9077,1902,882,1020,7175,675,6500
2021,St. Helens 008,E02001413,9259,2174,1063,1111,7085,672,6413
2021,St. Helens 009,E02001414,5542,922,376,546,4620,441,4179
2021,St. Helens 010,E02001415,6914,1425,688,737,5489,493,4996
2021,St. Helens 011,E02001416,6429,1673,891,782,4756,344,4412
2021,St. Helens 012,E02001417,7319,2095,1140,955,5224,514,4710
2021,St. Helens 013,E02001418,6563,1420,708,712,5143,425,4718
2021,St. Helens 014,E02001419,7676,2038,1008,1030,5638,450,5188
2021,St. Helens 015,E02001420,11883,2287,1049,1238,9596,834,8762
2021,St. Helens 016,E02001421,10506,2298,1137,1161,8208,731,7477
2021,St. Helens 017,E02001422,6709,1795,946,849,4914,423,4491
2021,St. Helens 018,E02001423,6574,1218,565,653,5356,491,4865
2021,St. Helens 020,E02001425,10689,2451,1227,1224,8238,746,7492
2021,St. Helens 021,E02001426,5443,1227,583,644,4216,421,3795
2021,St. Helens 022,E02001427,10854,2397,1171,1226,8457,704,7753
2021,St. Helens 023,E02001428,5576,1094,501,593,4482,403,4079
2021,Sefton 001,E02001429,6681,1418,631,787,5263,548,4715
2021,Sefton 002,E02001430,6850,1350,557,793,5500,586,4914
2021,Sefton 003,E02001431,7525,2233,1212,1021,5292,534,4758
2021,Sefton 004,E02001432,9524,2745,1440,1305,6779,600,6179
2021,Sefton 005,E02001433,7449,1479,637,842,5970,523,5447
2021,Sefton 006,E02001434,7372,1509,692,817,5863,547,5316
2021,Sefton 007,E02001435,8839,1861,866,995,6978,604,6374
2021,Sefton 008,E02001436,9672,2014,923,1091,7658,688,6970
2021,Sefton 009,E02001437,9277,2101,1034,1067,7176,693,6483
2021,Sefton 010,E02001438,7192,1334,593,741,5858,590,5268
2021,Sefton 011,E02001439,6581,1467,691,776,5114,452,4662
2021,Sefton 012,E02001440,6021,1187,516,671,4834,550,4284
2021,Sefton 013,E02001441,6331,1133,477,656,5198,496,4702
2021,Sefton 014,E02001442,6056,1213,587,626,4843,484,4359
2021,Sefton 015,E02001443,5644,995,421,574,4649,430,4219
2021,Sefton 016,E02001444,5594,994,419,575,4600,402,4198
2021,Sefton 017,E02001445,6833,1229,580,649,5604,509,5095
2021,Sefton 018,E02001446,7326,1442,700,742,5884,521,5363
2021,Sefton 019,E02001447,6070,1282,580,702,4788,405,4383
2021,Sefton 020,E02001448,6747,1182,551,631,5565,487,5078
2021,Sefton 021,E02001449,9282,1887,929,958,7395,684,6711
2021,Sefton 022,E02001450,8365,1457,631,826,6908,646,6262
2021,Sefton 023,E02001451,5978,1713,948,765,4265,301,3964
2021,Sefton 024,E02001452,6278,1822,1070,752,4456,334,4122
2021,Sefton 025,E02001453,8812,1453,635,818,7359,621,6738
2021,Sefton 026,E02001454,7284,1363,670,693,5921,438,5483
2021,Sefton 027,E02001455,7109,1412,670,742,5697,441,5256
2021,Sefton 028,E02001456,7414,1474,652,822,5940,617,5323
2021,Sefton 029,E02001457,6820,1795,950,845,5025,441,4584
2021,Sefton 030,E02001458,7689,1460,615,845,6229,585,5644
2021,Sefton 031,E02001459,6857,1543,727,816,5314,371,4943
2021,Sefton 032,E02001460,7911,2152,1193,959,5759,517,5242
2021,Sefton 033,E02001461,6903,1311,631,680,5592,445,5147
2021,Sefton 034,E02001462,7669,2057,1103,954,5612,486,5126
2021,Sefton 035,E02001463,7474,1786,967,819,5688,412,5276
2021,Sefton 036,E02001464,7072,1861,992,869,5211,390,4821
2021,Sefton 037,E02001465,7691,2314,1273,1041,5377,407,4970
2021,Sefton 038,E02001466,9038,2104,1100,1004,6934,471,6463
2021,Wirral 001,E02001467,7595,2099,1015,1084,5496,614,4882
2021,Wirral 002,E02001468,7605,1950,969,981,5655,582,5073
2021,Wirral 003,E02001469,7614,1541,686,855,6073,566,5507
2021,Wirral 004,E02001470,8298,1519,661,858,6779,684,6095
2021,Wirral 005,E02001471,7338,2069,1027,1042,5269,500,4769
2021,Wirral 006,E02001472,7046,1638,743,895,5408,492,4916
2021,Wirral 007,E02001473,7618,1801,817,984,5817,529,5288
2021,Wirral 008,E02001474,6954,1999,1076,923,4955,382,4573
2021,Wirral 009,E02001475,6391,1906,988,918,4485,360,4125
2021,Wirral 010,E02001476,7927,2224,1189,1035,5703,434,5269
2021,Wirral 011,E02001477,7700,2170,1219,951,5530,393,5137
2021,Wirral 012,E02001478,8158,2085,1047,1038,6073,567,5506
2021,Wirral 013,E02001479,6045,1107,445,662,4938,481,4457
2021,Wirral 014,E02001480,7586,1612,781,831,5974,624,5350
2021,Wirral 015,E02001481,8084,1743,865,878,6341,592,5749
2021,Wirral 016,E02001482,8042,2656,1447,1209,5386,485,4901
2021,Wirral 017,E02001483,7201,1498,663,835,5703,533,5170
2021,Wirral 018,E02001484,8071,1666,834,832,6405,588,5817
2021,Wirral 019,E02001485,6900,1734,923,811,5166,430,4736
2021,Wirral 020,E02001486,7945,2049,1072,977,5896,655,5241
2021,Wirral 021,E02001487,9377,2584,1334,1250,6793,588,6205
2021,Wirral 022,E02001488,8395,2013,940,1073,6382,631,5751
2021,Wirral 023,E02001489,8078,1505,597,908,6573,727,5846
2021,Wirral 024,E02001490,8210,1506,661,845,6704,605,6099
2021,Wirral 025,E02001491,6732,1850,1007,843,4882,357,4525
2021,Wirral 026,E02001492,7580,1531,648,883,6049,590,5459
2021,Wirral 027,E02001493,8938,2832,1568,1264,6106,486,5620
2021,Wirral 028,E02001494,7027,1073,397,676,5954,553,5401
2021,Wirral 029,E02001495,7987,1948,980,968,6039,476,5563
2021,Wirral 030,E02001496,6056,1159,510,649,4897,406,4491
2021,Wirral 031,E02001497,8156,2134,1061,1073,6022,562,5460
2021,Wirral 032,E02001498,7243,1334,575,759,5909,538,5371
2021,Wirral 033,E02001499,6605,1314,556,758,5291,517,4774
2021,Wirral 034,E02001500,7334,1388,592,796,5946,574,5372
2021,Wirral 035,E02001501,7727,1477,686,791,6250,579,5671
2021,Wirral 036,E02001502,9715,1983,997,986,7732,715,7017
2021,Wirral 037,E02001503,7522,1542,736,806,5980,608,5372
2021,Wirral 038,E02001504,6984,1207,535,672,5777,587,5190
2021,Wirral 039,E02001505,6482,1464,683,781,5018,467,4551
2021,Wirral 040,E02001506,8839,1279,499,780,7560,817,6743
2021,Wirral 041,E02001507,6973,1180,448,732,5793,549,5244
2021,Wirral 042,E02001508,8129,1722,796,926,6407,588,5819
2021,Barnsley 001,E02001509,6958,1473,693,780,5485,458,5027
2021,Barnsley 002,E02001510,5923,1440,682,758,4483,377,4106
2021,Barnsley 003,E02001511,6120,1487,783,704,4633,353,4280
2021,Barnsley 004,E02001512,8539,1759,805,954,6780,669,6111
2021,Barnsley 005,E02001513,7574,1538,700,838,6036,576,5460
2021,Barnsley 006,E02001514,7778,1833,981,852,5945,459,5486
2021,Barnsley 007,E02001515,9665,2543,1352,1191,7122,558,6564
2021,Barnsley 008,E02001516,6294,1354,669,685,4940,362,4578
2021,Barnsley 009,E02001517,7979,1758,871,887,6221,469,5752
2021,Barnsley 010,E02001518,10210,2134,962,1172,8076,698,7378
2021,Barnsley 011,E02001519,7974,1763,909,854,6211,466,5745
2021,Barnsley 012,E02001520,11663,2162,957,1205,9501,808,8693
2021,Barnsley 013,E02001521,12091,2170,956,1214,9921,761,9160
2021,Barnsley 014,E02001522,9513,2498,1267,1231,7015,513,6502
2021,Barnsley 015,E02001523,6766,1356,574,782,5410,429,4981
2021,Barnsley 016,E02001524,6087,998,389,609,5089,533,4556
2021,Barnsley 017,E02001525,6774,1681,858,823,5093,386,4707
2021,Barnsley 018,E02001526,6231,1549,848,701,4682,328,4354
2021,Barnsley 019,E02001527,5976,1330,629,701,4646,426,4220
2021,Barnsley 020,E02001528,10692,2673,1334,1339,8019,652,7367
2021,Barnsley 021,E02001529,9434,2486,1268,1218,6948,613,6335
2021,Barnsley 022,E02001530,7172,1696,842,854,5476,418,5058
2021,Barnsley 023,E02001531,7733,1855,922,933,5878,532,5346
2021,Barnsley 024,E02001532,10541,1795,729,1066,8746,846,7900
2021,Barnsley 025,E02001533,7767,1812,901,911,5955,475,5480
2021,Barnsley 026,E02001534,9590,2004,968,1036,7586,666,6920
2021,Barnsley 027,E02001535,6494,1120,456,664,5374,516,4858
2021,Barnsley 028,E02001536,8671,1848,895,953,6823,685,6138
2021,Barnsley 029,E02001537,8454,1860,803,1057,6594,638,5956
2021,Barnsley 030,E02001538,7913,1940,912,1028,5973,551,5422
2021,Doncaster 001,E02001539,6710,1455,695,760,5255,427,4828
2021,Doncaster 002,E02001540,11972,2521,1179,1342,9451,780,8671
2021,Doncaster 003,E02001541,11386,2610,1327,1283,8776,768,8008
2021,Doncaster 004,E02001542,7471,1692,854,838,5779,433,5346
2021,Doncaster 005,E02001543,7824,1872,919,953,5952,475,5477
2021,Doncaster 006,E02001544,8310,1771,837,934,6539,527,6012
2021,Doncaster 007,E02001545,8445,1504,607,897,6941,641,6300
2021,Doncaster 008,E02001546,8840,2107,804,1303,6733,670,6063
2021,Doncaster 009,E02001547,10862,2296,1101,1195,8566,654,7912
2021,Doncaster 010,E02001548,7997,1842,885,957,6155,461,5694
2021,Doncaster 011,E02001549,6253,1149,509,640,5104,434,4670
2021,Doncaster 012,E02001550,7747,1527,687,840,6220,523,5697
2021,Doncaster 013,E02001551,5899,1112,504,608,4787,393,4394
2021,Doncaster 014,E02001552,7655,1498,705,793,6157,442,5715
2021,Doncaster 015,E02001553,10211,2062,964,1098,8149,633,7516
2021,Doncaster 016,E02001554,6003,1051,459,592,4952,392,4560
2021,Doncaster 017,E02001555,5225,1044,482,562,4181,357,3824
2021,Doncaster 018,E02001556,9147,1861,882,979,7286,538,6748
2021,Doncaster 019,E02001557,10034,1696,746,950,8338,673,7665
2021,Doncaster 020,E02001558,5990,1268,575,693,4722,441,4281
2021,Doncaster 021,E02001559,7548,1298,538,760,6250,565,5685
2021,Doncaster 022,E02001560,11789,2226,1019,1207,9563,603,8960
2021,Doncaster 023,E02001561,6296,1199,557,642,5097,330,4767
2021,Doncaster 024,E02001562,5820,1352,622,730,4468,379,4089
2021,Doncaster 025,E02001563,8092,1456,620,836,6636,617,6019
2021,Doncaster 026,E02001564,8196,1286,488,798,6910,621,6289
2021,Doncaster 027,E02001565,7823,1171,500,671,6652,585,6067
2021,Doncaster 028,E02001566,8618,1335,601,734,7283,477,6806
2021,Doncaster 029,E02001567,8691,1814,840,974,6877,625,6252
2021,Doncaster 030,E02001568,6872,1475,717,758,5397,423,4974
2021,Doncaster 031,E02001569,8683,2118,1019,1099,6565,573,5992
2021,Doncaster 032,E02001570,6995,1851,1043,808,5144,359,4785
2021,Doncaster 033,E02001571,5917,1165,526,639,4752,425,4327
2021,Doncaster 034,E02001572,7785,1757,855,902,6028,444,5584
2021,Doncaster 035,E02001573,7673,1746,871,875,5927,446,5481
2021,Doncaster 036,E02001574,6010,1090,500,590,4920,435,4485
2021,Doncaster 037,E02001575,7900,1782,932,850,6118,427,5691
2021,Doncaster 038,E02001576,6967,1072,457,615,5895,532,5363
2021,Doncaster 039,E02001577,6448,1282,567,715,5166,520,4646
2021,Rotherham 001,E02001578,11669,2308,1050,1258,9361,822,8539
2021,Rotherham 002,E02001579,9965,2491,1200,1291,7474,680,6794
2021,Rotherham 003,E02001580,8546,1960,890,1070,6586,585,6001
2021,Rotherham 004,E02001581,6228,1329,620,709,4899,371,4528
2021,Rotherham 005,E02001582,7693,1705,787,918,5988,519,5469
2021,Rotherham 006,E02001583,5570,1198,523,675,4372,384,3988
2021,Rotherham 007,E02001584,6666,1200,484,716,5466,544,4922
2021,Rotherham 008,E02001585,6317,1628,780,848,4689,385,4304
2021,Rotherham 009,E02001586,7782,2108,1038,1070,5674,568,5106
2021,Rotherham 010,E02001587,5809,1497,767,730,4312,348,3964
2021,Rotherham 011,E02001588,7207,1840,897,943,5367,441,4926
2021,Rotherham 012,E02001589,7992,1452,665,787,6540,601,5939
2021,Rotherham 013,E02001590,7501,2003,1067,936,5498,397,5101
2021,Rotherham 014,E02001591,8252,1761,869,892,6491,390,6101
2021,Rotherham 015,E02001592,8580,1702,736,966,6878,605,6273
2021,Rotherham 016,E02001593,7206,1534,745,789,5672,320,5352
2021,Rotherham 017,E02001594,7452,1586,862,724,5866,300,5566
2021,Rotherham 018,E02001595,8295,1678,753,925,6617,640,5977
2021,Rotherham 019,E02001596,8289,1843,847,996,6446,612,5834
2021,Rotherham 020,E02001597,9512,2277,1124,1153,7235,587,6648
2021,Rotherham 021,E02001598,9643,2001,983,1018,7642,685,6957
2021,Rotherham 023,E02001600,11091,1816,842,974,9275,686,8589
2021,Rotherham 025,E02001602,9048,1743,743,1000,7305,616,6689
2021,Rotherham 026,E02001603,7489,1665,745,920,5824,535,5289
2021,Rotherham 027,E02001604,11791,2042,884,1158,9749,807,8942
2021,Rotherham 028,E02001605,7501,1538,721,817,5963,548,5415
2021,Rotherham 029,E02001606,8031,1731,788,943,6300,592,5708
2021,Rotherham 030,E02001607,8929,1847,839,1008,7082,643,6439
2021,Rotherham 031,E02001608,7061,1238,515,723,5823,516,5307
2021,Rotherham 032,E02001609,8514,1643,673,970,6871,667,6204
2021,Rotherham 033,E02001610,8649,1617,722,895,7032,675,6357
2021,Sheffield 001,E02001611,7683,1728,831,897,5955,606,5349
2021,Sheffield 002,E02001612,5618,1106,431,675,4512,461,4051
2021,Sheffield 003,E02001613,10217,2208,1000,1208,8009,734,7275
2021,Sheffield 004,E02001614,10998,2216,885,1331,8782,906,7876
2021,Sheffield 005,E02001615,7138,1416,594,822,5722,572,5150
2021,Sheffield 006,E02001616,7280,1753,869,884,5527,485,5042
2021,Sheffield 007,E02001617,5916,1244,603,641,4672,334,4338
2021,Sheffield 008,E02001618,9783,1643,636,1007,8140,824,7316
2021,Sheffield 009,E02001619,10170,2486,1237,1249,7684,651,7033
2021,Sheffield 010,E02001620,6996,1688,829,859,5308,416,4892
2021,Sheffield 011,E02001621,6056,1446,666,780,4610,343,4267
2021,Sheffield 012,E02001622,9032,2176,994,1182,6856,594,6262
2021,Sheffield 013,E02001623,8164,1966,1063,903,6198,356,5842
2021,Sheffield 014,E02001624,9335,1922,875,1047,7413,567,6846
2021,Sheffield 015,E02001625,7910,2043,1023,1020,5867,458,5409
2021,Sheffield 016,E02001626,5819,1076,419,657,4743,528,4215
2021,Sheffield 017,E02001627,6016,1188,442,746,4828,514,4314
2021,Sheffield 018,E02001628,6506,1123,574,549,5383,202,5181
2021,Sheffield 019,E02001629,6536,1454,732,722,5082,333,4749
2021,Sheffield 020,E02001630,9253,1674,933,741,7579,361,7218
2021,Sheffield 021,E02001631,7567,1520,600,920,6047,640,5407
2021,Sheffield 022,E02001632,12362,2008,1088,920,10354,451,9903
2021,Sheffield 023,E02001633,7618,1362,552,810,6256,657,5599
2021,Sheffield 024,E02001634,9022,1708,638,1070,7314,896,6418
2021,Sheffield 025,E02001635,6044,1343,589,754,4701,484,4217
2021,Sheffield 026,E02001636,9372,2072,1017,1055,7300,562,6738
2021,Sheffield 027,E02001637,8573,1452,790,662,7121,253,6868
2021,Sheffield 028,E02001638,5696,882,268,614,4814,598,4216
2021,Sheffield 029,E02001639,5976,1047,353,694,4929,593,4336
2021,Sheffield 030,E02001640,8327,1451,455,996,6876,707,6169
2021,Sheffield 032,E02001642,10319,1820,825,995,8499,638,7861
2021,Sheffield 033,E02001643,6220,979,350,629,5241,599,4642
2021,Sheffield 036,E02001646,7657,1197,334,863,6460,752,5708
2021,Sheffield 037,E02001647,6281,1324,611,713,4957,406,4551
2021,Sheffield 038,E02001648,8238,1237,334,903,7001,763,6238
2021,Sheffield 039,E02001649,10975,2602,1277,1325,8373,557,7816
2021,Sheffield 040,E02001650,9579,1620,601,1019,7959,659,7300
2021,Sheffield 041,E02001651,8080,1174,338,836,6906,831,6075
2021,Sheffield 042,E02001652,12869,1999,598,1401,10870,737,10133
2021,Sheffield 043,E02001653,7458,1672,792,880,5786,454,5332
2021,Sheffield 044,E02001654,6301,1439,659,780,4862,434,4428
2021,Sheffield 045,E02001655,7674,1706,801,905,5968,460,5508
2021,Sheffield 046,E02001656,7774,1169,354,815,6605,723,5882
2021,Sheffield 047,E02001657,9114,1249,366,883,7865,936,6929
2021,Sheffield 048,E02001658,5260,1385,677,708,3875,271,3604
2021,Sheffield 049,E02001659,5823,1621,785,836,4202,389,3813
2021,Sheffield 050,E02001660,9869,1650,645,1005,8219,831,7388
2021,Sheffield 051,E02001661,7682,1873,858,1015,5809,502,5307
2021,Sheffield 052,E02001662,7424,1821,916,905,5603,518,5085
2021,Sheffield 053,E02001663,7365,1358,457,901,6007,749,5258
2021,Sheffield 054,E02001664,6287,1307,538,769,4980,452,4528
2021,Sheffield 055,E02001665,9805,1469,499,970,8336,981,7355
2021,Sheffield 056,E02001666,5913,1292,627,665,4621,479,4142
2021,Sheffield 059,E02001669,7769,1422,545,877,6347,738,5609
2021,Sheffield 060,E02001670,6015,1532,718,814,4483,401,4082
2021,Sheffield 061,E02001671,5606,1226,542,684,4380,502,3878
2021,Sheffield 062,E02001672,5979,1270,580,690,4709,428,4281
2021,Sheffield 063,E02001673,5203,812,299,513,4391,478,3913
2021,Sheffield 064,E02001674,9092,1722,735,987,7370,793,6577
2021,Sheffield 065,E02001675,8418,2185,960,1225,6233,647,5586
2021,Sheffield 066,E02001676,5873,1024,423,601,4849,554,4295
2021,Sheffield 068,E02001678,10484,1647,589,1058,8837,972,7865
2021,Sheffield 069,E02001679,6323,1551,717,834,4772,460,4312
2021,Sheffield 070,E02001680,6267,1768,863,905,4499,388,4111
2021,Sheffield 071,E02001681,7623,1265,475,790,6358,727,5631
2021,Gateshead 001,E02001682,8528,1612,632,980,6916,694,6222
2021,Gateshead 002,E02001683,9348,1827,791,1036,7521,779,6742
2021,Gateshead 003,E02001684,6667,1529,722,807,5138,451,4687
2021,Gateshead 004,E02001685,8036,1816,866,950,6220,593,5627
2021,Gateshead 005,E02001686,6710,1366,603,763,5344,472,4872
2021,Gateshead 007,E02001688,7605,1748,806,942,5857,505,5352
2021,Gateshead 008,E02001689,7507,1752,889,863,5755,431,5324
2021,Gateshead 009,E02001690,7021,1495,645,850,5526,576,4950
2021,Gateshead 010,E02001691,8490,1592,695,897,6898,527,6371
2021,Gateshead 011,E02001692,6313,1522,738,784,4791,329,4462
2021,Gateshead 012,E02001693,5233,1512,746,766,3721,368,3353
2021,Gateshead 013,E02001694,6220,1285,599,686,4935,481,4454
2021,Gateshead 014,E02001695,5777,1146,544,602,4631,431,4200
2021,Gateshead 015,E02001696,9146,2246,1131,1115,6900,580,6320
2021,Gateshead 016,E02001697,7408,1371,557,814,6037,587,5450
2021,Gateshead 017,E02001698,6965,1286,524,762,5679,584,5095
2021,Gateshead 018,E02001699,6550,1583,800,783,4967,447,4520
2021,Gateshead 019,E02001700,10255,1907,844,1063,8348,830,7518
2021,Gateshead 020,E02001701,6235,1110,477,633,5125,520,4605
2021,Gateshead 021,E02001702,7869,2058,1040,1018,5811,457,5354
2021,Gateshead 022,E02001703,5569,1130,468,662,4439,506,3933
2021,Gateshead 023,E02001704,6789,1690,845,845,5099,479,4620
2021,Gateshead 025,E02001706,7924,1680,818,862,6244,528,5716
2021,Gateshead 026,E02001707,8274,1964,974,990,6310,564,5746
2021,Newcastle upon Tyne 002,E02001709,10343,1539,596,943,8804,886,7918
2021,Newcastle upon Tyne 003,E02001710,10103,2467,1246,1221,7636,611,7025
2021,Newcastle upon Tyne 004,E02001711,9892,2311,1180,1131,7581,695,6886
2021,Newcastle upon Tyne 005,E02001712,9336,1461,537,924,7875,813,7062
2021,Newcastle upon Tyne 006,E02001713,10047,1625,596,1029,8422,894,7528
2021,Newcastle upon Tyne 007,E02001714,9696,1423,525,898,8273,801,7472
2021,Newcastle upon Tyne 008,E02001715,11801,2516,1244,1272,9285,741,8544
2021,Newcastle upon Tyne 011,E02001718,6621,1541,837,704,5080,414,4666
2021,Newcastle upon Tyne 012,E02001719,8577,1509,578,931,7068,734,6334
2021,Newcastle upon Tyne 013,E02001720,9505,1120,323,797,8385,822,7563
2021,Newcastle upon Tyne 014,E02001721,10745,2402,1075,1327,8343,729,7614
2021,Newcastle upon Tyne 015,E02001722,9478,2165,1073,1092,7313,572,6741
2021,Newcastle upon Tyne 016,E02001723,7173,1390,681,709,5783,417,5366
2021,Newcastle upon Tyne 017,E02001724,8972,1244,373,871,7728,753,6975
2021,Newcastle upon Tyne 018,E02001725,9175,1842,724,1118,7333,767,6566
2021,Newcastle upon Tyne 019,E02001726,11810,2245,1093,1152,9565,724,8841
2021,Newcastle upon Tyne 020,E02001727,8745,1852,845,1007,6893,603,6290
2021,Newcastle upon Tyne 021,E02001728,9451,1995,904,1091,7456,737,6719
2021,Newcastle upon Tyne 022,E02001729,12297,1769,662,1107,10528,613,9915
2021,Newcastle upon Tyne 025,E02001732,5681,1281,632,649,4400,354,4046
2021,Newcastle upon Tyne 027,E02001734,8173,1756,862,894,6417,453,5964
2021,Newcastle upon Tyne 028,E02001735,6622,1708,919,789,4914,304,4610
2021,Newcastle upon Tyne 030,E02001737,6187,1735,924,811,4452,346,4106
2021,North Tyneside 001,E02001738,6164,925,325,600,5239,468,4771
2021,North Tyneside 002,E02001739,7266,1562,733,829,5704,555,5149
2021,North Tyneside 003,E02001740,5914,818,304,514,5096,507,4589
2021,North Tyneside 004,E02001741,7724,1462,560,902,6262,654,5608
2021,North Tyneside 005,E02001742,5773,977,375,602,4796,524,4272
2021,North Tyneside 006,E02001743,7574,1349,519,830,6225,656,5569
2021,North Tyneside 007,E02001744,8172,1390,555,835,6782,654,6128
2021,North Tyneside 008,E02001745,6695,1306,535,771,5389,557,4832
2021,North Tyneside 009,E02001746,8188,1580,644,936,6608,651,5957
2021,North Tyneside 010,E02001747,6236,1137,475,662,5099,538,4561
2021,North Tyneside 011,E02001748,8661,1554,676,878,7107,661,6446
2021,North Tyneside 012,E02001749,6365,1238,551,687,5127,538,4589
2021,North Tyneside 013,E02001750,6789,1187,536,651,5602,514,5088
2021,North Tyneside 014,E02001751,6664,1355,596,759,5309,471,4838
2021,North Tyneside 015,E02001752,6405,1431,685,746,4974,413,4561
2021,North Tyneside 016,E02001753,6153,1126,477,649,5027,501,4526
2021,North Tyneside 017,E02001754,5783,981,401,580,4802,502,4300
2021,North Tyneside 018,E02001755,9894,1759,731,1028,8135,711,7424
2021,North Tyneside 019,E02001756,9306,2076,985,1091,7230,721,6509
2021,North Tyneside 020,E02001757,5839,1165,481,684,4674,474,4200
2021,North Tyneside 021,E02001758,5603,1089,441,648,4514,425,4089
2021,North Tyneside 022,E02001759,6137,1360,566,794,4777,579,4198
2021,North Tyneside 023,E02001760,7745,1880,911,969,5865,428,5437
2021,North Tyneside 024,E02001761,5514,1247,573,674,4267,402,3865
2021,North Tyneside 025,E02001762,6753,1096,423,673,5657,494,5163
2021,North Tyneside 026,E02001763,6409,1632,785,847,4777,437,4340
2021,North Tyneside 027,E02001764,7563,2045,1027,1018,5518,482,5036
2021,North Tyneside 028,E02001765,7643,1825,906,919,5818,507,5311
2021,North Tyneside 029,E02001766,7175,1519,665,854,5656,489,5167
2021,North Tyneside 030,E02001767,6864,1678,800,878,5186,503,4683
2021,South Tyneside 001,E02001768,8080,1668,759,909,6412,481,5931
2021,South Tyneside 002,E02001769,7419,1954,1026,928,5465,404,5061
2021,South Tyneside 003,E02001770,5951,1189,531,658,4762,441,4321
2021,South Tyneside 004,E02001771,6194,1522,749,773,4672,391,4281
2021,South Tyneside 005,E02001772,5026,1134,547,587,3892,353,3539
2021,South Tyneside 006,E02001773,5242,948,407,541,4294,438,3856
2021,South Tyneside 007,E02001774,5237,1385,715,670,3852,377,3475
2021,South Tyneside 008,E02001775,5435,1321,615,706,4114,365,3749
2021,South Tyneside 009,E02001776,9055,2051,987,1064,7004,605,6399
2021,South Tyneside 010,E02001777,6753,1332,591,741,5421,466,4955
2021,South Tyneside 011,E02001778,5617,1399,707,692,4218,365,3853
2021,South Tyneside 012,E02001779,5347,1427,731,696,3920,322,3598
2021,South Tyneside 013,E02001780,6042,1328,655,673,4714,439,4275
2021,South Tyneside 014,E02001781,5391,1355,663,692,4036,319,3717
2021,South Tyneside 015,E02001782,10191,2230,1086,1144,7961,631,7330
2021,South Tyneside 016,E02001783,7202,1620,805,815,5582,419,5163
2021,South Tyneside 017,E02001784,6570,1615,798,817,4955,433,4522
2021,South Tyneside 018,E02001785,7590,1742,829,913,5848,506,5342
2021,South Tyneside 019,E02001786,6610,1651,852,799,4959,437,4522
2021,South Tyneside 020,E02001787,5360,1235,565,670,4125,387,3738
2021,South Tyneside 021,E02001788,5778,1236,610,626,4542,337,4205
2021,South Tyneside 022,E02001789,5792,905,325,580,4887,459,4428
2021,South Tyneside 023,E02001790,5895,1121,479,642,4774,473,4301
2021,Sunderland 001,E02001791,5478,943,365,578,4535,422,4113
2021,Sunderland 002,E02001792,6822,1399,634,765,5423,548,4875
2021,Sunderland 003,E02001793,8274,2222,1190,1032,6052,459,5593
2021,Sunderland 004,E02001794,8840,2516,1375,1141,6324,447,5877
2021,Sunderland 005,E02001795,7274,2064,1102,962,5210,479,4731
2021,Sunderland 006,E02001796,8566,2012,918,1094,6554,647,5907
2021,Sunderland 007,E02001797,5874,1106,495,611,4768,486,4282
2021,Sunderland 008,E02001798,8213,2066,1037,1029,6147,473,5674
2021,Sunderland 009,E02001799,9357,2451,1210,1241,6906,634,6272
2021,Sunderland 010,E02001800,6693,1588,723,865,5105,518,4587
2021,Sunderland 011,E02001801,5840,1160,576,584,4680,339,4341
2021,Sunderland 012,E02001802,7353,1863,994,869,5490,395,5095
2021,Sunderland 013,E02001803,8544,1909,850,1059,6635,544,6091
2021,Sunderland 014,E02001804,6215,1680,872,808,4535,361,4174
2021,Sunderland 015,E02001805,5501,1265,596,669,4236,365,3871
2021,Sunderland 016,E02001806,7658,2165,1194,971,5493,424,5069
2021,Sunderland 017,E02001807,8653,1835,885,950,6818,603,6215
2021,Sunderland 018,E02001808,5590,1008,446,562,4582,396,4186
2021,Sunderland 019,E02001809,6491,1449,632,817,5042,491,4551
2021,Sunderland 020,E02001810,8224,1837,802,1035,6387,623,5764
2021,Sunderland 021,E02001811,8699,2225,1125,1100,6474,541,5933
2021,Sunderland 022,E02001812,9978,1904,817,1087,8074,756,7318
2021,Sunderland 023,E02001813,9685,2616,1358,1258,7069,583,6486
2021,Sunderland 024,E02001814,6171,1513,788,725,4658,412,4246
2021,Sunderland 025,E02001815,9787,1978,902,1076,7809,789,7020
2021,Sunderland 026,E02001816,6796,1919,1007,912,4877,441,4436
2021,Sunderland 027,E02001817,6690,1744,885,859,4946,413,4533
2021,Sunderland 028,E02001818,9496,2113,1082,1031,7383,620,6763
2021,Sunderland 029,E02001819,6883,1364,544,820,5519,539,4980
2021,Sunderland 030,E02001820,9690,2000,927,1073,7690,698,6992
2021,Sunderland 031,E02001821,5603,1219,572,647,4384,415,3969
2021,Sunderland 032,E02001822,7665,1635,782,853,6030,545,5485
2021,Sunderland 033,E02001823,8044,1822,889,933,6222,504,5718
2021,Sunderland 034,E02001824,8540,2097,989,1108,6443,582,5861
2021,Sunderland 035,E02001825,7608,1963,978,985,5645,517,5128
2021,Sunderland 036,E02001826,7371,1743,871,872,5628,470,5158
2021,Birmingham 001,E02001827,6451,1068,426,642,5383,470,4913
2021,Birmingham 002,E02001828,7142,1180,483,697,5962,555,5407
2021,Birmingham 003,E02001829,9160,1124,405,719,8036,667,7369
2021,Birmingham 004,E02001830,9686,1371,538,833,8315,736,7579
2021,Birmingham 005,E02001831,10682,2120,971,1149,8562,686,7876
2021,Birmingham 006,E02001832,7931,1207,462,745,6724,626,6098
2021,Birmingham 007,E02001833,5936,897,352,545,5039,392,4647
2021,Birmingham 008,E02001834,6112,1185,573,612,4927,343,4584
2021,Birmingham 009,E02001835,8473,1385,586,799,7088,628,6460
2021,Birmingham 010,E02001836,9105,1418,583,835,7687,635,7052
2021,Birmingham 011,E02001837,10667,2394,1234,1160,8273,500,7773
2021,Birmingham 012,E02001838,7570,1094,439,655,6476,541,5935
2021,Birmingham 013,E02001839,6440,1198,508,690,5242,401,4841
2021,Birmingham 014,E02001840,9603,2185,1194,991,7418,495,6923
2021,Birmingham 015,E02001841,5964,950,413,537,5014,446,4568
2021,Birmingham 016,E02001842,8068,1220,526,694,6848,484,6364
2021,Birmingham 017,E02001843,6639,1152,460,692,5487,412,5075
2021,Birmingham 018,E02001844,9715,2074,958,1116,7641,699,6942
2021,Birmingham 019,E02001845,6662,1000,381,619,5662,368,5294
2021,Birmingham 020,E02001846,8157,1622,764,858,6535,373,6162
2021,Birmingham 021,E02001847,5597,960,406,554,4637,392,4245
2021,Birmingham 022,E02001848,7319,1383,706,677,5936,321,5615
2021,Birmingham 023,E02001849,8792,1532,662,870,7260,420,6840
2021,Birmingham 024,E02001850,8605,1207,568,639,7398,371,7027
2021,Birmingham 025,E02001851,9083,1836,943,893,7247,541,6706
2021,Birmingham 026,E02001852,7027,1346,608,738,5681,365,5316
2021,Birmingham 029,E02001855,9935,2560,1325,1235,7375,501,6874
2021,Birmingham 030,E02001856,9638,1463,645,818,8175,444,7731
2021,Birmingham 031,E02001857,13854,2980,1481,1499,10874,656,10218
2021,Birmingham 032,E02001858,9147,1407,651,756,7740,375,7365
2021,Birmingham 033,E02001859,10398,1429,753,676,8969,290,8679
2021,Birmingham 034,E02001860,8471,1200,574,626,7271,265,7006
2021,Birmingham 035,E02001861,11205,1722,856,866,9483,342,9141
2021,Birmingham 036,E02001862,9877,1468,771,697,8409,320,8089
2021,Birmingham 037,E02001863,8406,1238,689,549,7168,236,6932
2021,Birmingham 039,E02001865,11406,1620,808,812,9786,340,9446
2021,Birmingham 040,E02001866,9452,1531,822,709,7921,252,7669
2021,Birmingham 041,E02001867,8670,1276,614,662,7394,251,7143
2021,Birmingham 042,E02001868,9818,1271,624,647,8547,331,8216
2021,Birmingham 043,E02001869,7010,1046,529,517,5964,229,5735
2021,Birmingham 044,E02001870,12993,1809,968,841,11184,395,10789
2021,Birmingham 045,E02001871,8340,1991,1014,977,6349,394,5955
2021,Birmingham 046,E02001872,7423,1615,827,788,5808,381,5427
2021,Birmingham 047,E02001873,11386,1754,900,854,9632,368,9264
2021,Birmingham 048,E02001874,9959,1429,767,662,8530,233,8297
2021,Birmingham 049,E02001875,8961,1177,530,647,7784,340,7444
2021,Birmingham 050,E02001876,16082,1918,624,1294,14164,739,13425
2021,Birmingham 051,E02001877,12396,1694,900,794,10702,281,10421
2021,Birmingham 052,E02001878,9521,1384,708,676,8137,239,7898
2021,Birmingham 053,E02001879,10025,1783,875,908,8242,381,7861
2021,Birmingham 054,E02001880,10037,1903,958,945,8134,369,7765
2021,Birmingham 055,E02001881,10495,1587,853,734,8908,284,8624
2021,Birmingham 056,E02001882,8913,1700,842,858,7213,325,6888
2021,Birmingham 057,E02001883,8518,1964,957,1007,6554,407,6147
2021,Birmingham 058,E02001884,10188,1276,671,605,8912,280,8632
2021,Birmingham 060,E02001886,9892,1551,698,853,8341,530,7811
2021,Birmingham 062,E02001888,7181,1475,770,705,5706,336,5370
2021,Birmingham 063,E02001889,9053,1429,830,599,7624,251,7373
2021,Birmingham 064,E02001890,9976,1547,609,938,8429,653,7776
2021,Birmingham 066,E02001892,11587,1841,912,929,9746,357,9389
2021,Birmingham 067,E02001893,8822,1594,758,836,7228,459,6769
2021,Birmingham 069,E02001895,8955,2030,1050,980,6925,455,6470
2021,Birmingham 070,E02001896,10160,1454,739,715,8706,253,8453
2021,Birmingham 071,E02001897,8627,1514,819,695,7113,234,6879
2021,Birmingham 072,E02001898,6558,1037,436,601,5521,426,5095
2021,Birmingham 073,E02001899,8536,1284,543,741,7252,591,6661
2021,Birmingham 074,E02001900,6710,1201,614,587,5509,378,5131
2021,Birmingham 075,E02001901,8142,1104,399,705,7038,684,6354
2021,Birmingham 076,E02001902,6254,1009,455,554,5245,350,4895
2021,Birmingham 077,E02001903,8076,1330,741,589,6746,192,6554
2021,Birmingham 078,E02001904,7725,1314,660,654,6411,289,6122
2021,Birmingham 079,E02001905,10274,1257,430,827,9017,715,8302
2021,Birmingham 080,E02001906,9569,1545,656,889,8024,643,7381
2021,Birmingham 081,E02001907,10413,1825,774,1051,8588,682,7906
2021,Birmingham 082,E02001908,8953,1317,727,590,7636,183,7453
2021,Birmingham 083,E02001909,8290,1362,762,600,6928,236,6692
2021,Birmingham 084,E02001910,7232,1329,699,630,5903,255,5648
2021,Birmingham 085,E02001911,8738,1727,840,887,7011,428,6583
2021,Birmingham 087,E02001913,7442,1370,613,757,6072,486,5586
2021,Birmingham 088,E02001914,7060,1201,552,649,5859,424,5435
2021,Birmingham 089,E02001915,11959,2269,1047,1222,9690,683,9007
2021,Birmingham 090,E02001916,9897,1538,726,812,8359,386,7973
2021,Birmingham 092,E02001918,8651,1832,886,946,6819,624,6195
2021,Birmingham 093,E02001919,6941,1221,543,678,5720,379,5341
2021,Birmingham 094,E02001920,7654,1796,844,952,5858,409,5449
2021,Birmingham 095,E02001921,7738,1502,667,835,6236,466,5770
2021,Birmingham 096,E02001922,15988,2412,606,1806,13576,1190,12386
2021,Birmingham 097,E02001923,11120,1760,878,882,9360,432,8928
2021,Birmingham 098,E02001924,7077,1171,557,614,5906,373,5533
2021,Birmingham 099,E02001925,6736,1260,478,782,5476,491,4985
2021,Birmingham 100,E02001926,7828,1541,652,889,6287,591,5696
2021,Birmingham 101,E02001927,7669,1733,830,903,5936,407,5529
2021,Birmingham 102,E02001928,6818,1507,725,782,5311,375,4936
2021,Birmingham 103,E02001929,10508,1959,967,992,8549,472,8077
2021,Birmingham 104,E02001930,7704,1243,484,759,6461,558,5903
2021,Birmingham 105,E02001931,8591,1425,616,809,7166,512,6654
2021,Birmingham 106,E02001932,7423,1676,782,894,5747,424,5323
2021,Birmingham 107,E02001933,7719,1536,720,816,6183,507,5676
2021,Birmingham 108,E02001934,7146,985,453,532,6161,351,5810
2021,Birmingham 109,E02001935,8080,1622,735,887,6458,544,5914
2021,Birmingham 110,E02001936,6384,1090,445,645,5294,501,4793
2021,Birmingham 111,E02001937,8384,1696,842,854,6688,426,6262
2021,Birmingham 112,E02001938,7871,1479,532,947,6392,684,5708
2021,Birmingham 113,E02001939,6294,1584,738,846,4710,409,4301
2021,Birmingham 115,E02001941,6551,1422,706,716,5129,336,4793
2021,Birmingham 116,E02001942,6780,1335,551,784,5445,586,4859
2021,Birmingham 117,E02001943,6475,1278,600,678,5197,413,4784
2021,Birmingham 118,E02001944,8068,1537,714,823,6531,544,5987
2021,Birmingham 119,E02001945,7895,1744,788,956,6151,435,5716
2021,Birmingham 120,E02001946,7581,1407,567,840,6174,609,5565
2021,Birmingham 121,E02001947,6239,1550,767,783,4689,346,4343
2021,Birmingham 122,E02001948,7346,1417,609,808,5929,514,5415
2021,Birmingham 123,E02001949,6166,1240,533,707,4926,402,4524
2021,Birmingham 124,E02001950,8568,1596,685,911,6972,647,6325
2021,Birmingham 125,E02001951,9432,2406,1204,1202,7026,506,6520
2021,Birmingham 126,E02001952,9128,2270,1072,1198,6858,489,6369
2021,Birmingham 127,E02001953,7112,1414,614,800,5698,481,5217
2021,Birmingham 128,E02001954,7581,1879,965,914,5702,413,5289
2021,Birmingham 129,E02001955,8096,1723,807,916,6373,580,5793
2021,Birmingham 130,E02001956,6845,1333,561,772,5512,545,4967
2021,Birmingham 131,E02001957,7880,1506,633,873,6374,549,5825
2021,Coventry 001,E02001958,8072,1421,667,754,6651,481,6170
2021,Coventry 002,E02001959,6929,1127,492,635,5802,438,5364
2021,Coventry 004,E02001961,7965,1606,782,824,6359,361,5998
2021,Coventry 005,E02001962,7211,1052,503,549,6159,275,5884
2021,Coventry 006,E02001963,6141,1217,562,655,4924,395,4529
2021,Coventry 007,E02001964,11009,2032,1000,1032,8977,472,8505
2021,Coventry 008,E02001965,8080,1417,657,760,6663,549,6114
2021,Coventry 009,E02001966,7355,1070,531,539,6285,251,6034
2021,Coventry 010,E02001967,6962,1149,533,616,5813,492,5321
2021,Coventry 011,E02001968,7959,1164,538,626,6795,392,6403
2021,Coventry 012,E02001969,6775,1405,734,671,5370,372,4998
2021,Coventry 013,E02001970,5758,1052,471,581,4706,331,4375
2021,Coventry 014,E02001971,6286,960,402,558,5326,427,4899
2021,Coventry 015,E02001972,11719,1639,820,819,10080,371,9709
2021,Coventry 016,E02001973,8535,1519,743,776,7016,413,6603
2021,Coventry 017,E02001974,9461,1448,563,885,8013,656,7357
2021,Coventry 018,E02001975,7637,1162,481,681,6475,466,6009
2021,Coventry 019,E02001976,7499,1344,634,710,6155,464,5691
2021,Coventry 020,E02001977,10018,1805,905,900,8213,445,7768
2021,Coventry 021,E02001978,6810,1049,475,574,5761,330,5431
2021,Coventry 022,E02001979,5603,927,365,562,4676,413,4263
2021,Coventry 023,E02001980,5791,894,329,565,4897,443,4454
2021,Coventry 024,E02001981,13440,1845,777,1068,11595,463,11132
2021,Coventry 025,E02001982,8406,1369,588,781,7037,637,6400
2021,Coventry 026,E02001983,7611,1364,590,774,6247,559,5688
2021,Coventry 027,E02001984,10468,1586,635,951,8882,638,8244
2021,Coventry 028,E02001985,9241,1132,383,749,8109,404,7705
2021,Coventry 029,E02001986,7979,1823,899,924,6156,462,5694
2021,Coventry 030,E02001987,5908,1068,396,672,4840,504,4336
2021,Coventry 031,E02001988,11146,1594,645,949,9552,528,9024
2021,Coventry 032,E02001989,6295,1013,403,610,5282,438,4844
2021,Coventry 033,E02001990,9184,1477,627,850,7707,640,7067
2021,Coventry 034,E02001991,8475,1456,538,918,7019,726,6293
2021,Coventry 035,E02001992,10785,2083,1011,1072,8702,514,8188
2021,Coventry 036,E02001993,8985,1577,686,891,7408,566,6842
2021,Coventry 037,E02001994,7961,1327,560,767,6634,498,6136
2021,Coventry 038,E02001995,9426,1370,618,752,8056,552,7504
2021,Coventry 039,E02001996,7688,1701,820,881,5987,337,5650
2021,Coventry 040,E02001997,8512,1291,527,764,7221,600,6621
2021,Coventry 041,E02001998,6036,876,345,531,5160,445,4715
2021,Coventry 042,E02001999,9105,1259,412,847,7846,592,7254
2021,Dudley 001,E02002000,8549,1654,798,856,6895,500,6395
2021,Dudley 002,E02002001,6063,1186,536,650,4877,412,4465
2021,Dudley 003,E02002002,6901,1336,544,792,5565,564,5001
2021,Dudley 004,E02002003,9019,1895,845,1050,7124,564,6560
2021,Dudley 005,E02002004,7579,1607,788,819,5972,539,5433
2021,Dudley 006,E02002005,9887,1982,976,1006,7905,451,7454
2021,Dudley 007,E02002006,6484,1373,648,725,5111,401,4710
2021,Dudley 008,E02002007,9028,1798,797,1001,7230,624,6606
2021,Dudley 009,E02002008,8164,1221,500,721,6943,627,6316
2021,Dudley 010,E02002009,7117,1313,637,676,5804,295,5509
2021,Dudley 011,E02002010,8373,1691,818,873,6682,419,6263
2021,Dudley 012,E02002011,5904,1018,407,611,4886,470,4416
2021,Dudley 013,E02002012,8413,2157,1085,1072,6256,498,5758
2021,Dudley 014,E02002013,6572,1341,560,781,5231,503,4728
2021,Dudley 015,E02002014,8312,1479,664,815,6833,403,6430
2021,Dudley 016,E02002015,7059,1254,507,747,5805,494,5311
2021,Dudley 017,E02002016,8047,1905,911,994,6142,425,5717
2021,Dudley 018,E02002017,8071,1635,739,896,6436,414,6022
2021,Dudley 019,E02002018,8933,1653,696,957,7280,741,6539
2021,Dudley 020,E02002019,7798,1625,715,910,6173,495,5678
2021,Dudley 021,E02002020,9485,1752,707,1045,7733,869,6864
2021,Dudley 022,E02002021,7712,1779,825,954,5933,489,5444
2021,Dudley 023,E02002022,8881,1799,712,1087,7082,650,6432
2021,Dudley 024,E02002023,5356,971,380,591,4385,391,3994
2021,Dudley 025,E02002024,8738,1679,706,973,7059,586,6473
2021,Dudley 026,E02002025,8896,1544,668,876,7352,616,6736
2021,Dudley 027,E02002026,6784,1154,468,686,5630,495,5135
2021,Dudley 028,E02002027,5379,759,236,523,4620,459,4161
2021,Dudley 029,E02002028,5732,1112,454,658,4620,475,4145
2021,Dudley 030,E02002029,6223,1104,474,630,5119,465,4654
2021,Dudley 031,E02002030,6814,1440,606,834,5374,507,4867
2021,Dudley 032,E02002031,6261,1117,477,640,5144,387,4757
2021,Dudley 033,E02002032,10213,2145,970,1175,8068,682,7386
2021,Dudley 034,E02002033,7815,1346,553,793,6469,608,5861
2021,Dudley 035,E02002034,8168,1573,636,937,6595,667,5928
2021,Dudley 036,E02002035,6115,995,403,592,5120,458,4662
2021,Dudley 037,E02002036,6668,1377,642,735,5291,403,4888
2021,Dudley 038,E02002037,5923,1212,521,691,4711,474,4237
2021,Dudley 039,E02002038,9615,1939,863,1076,7676,756,6920
2021,Dudley 040,E02002039,6207,1149,454,695,5058,491,4567
2021,Dudley 041,E02002040,5933,1023,391,632,4910,524,4386
2021,Dudley 042,E02002041,6271,1146,469,677,5125,526,4599
2021,Dudley 043,E02002042,8028,1330,526,804,6698,624,6074
2021,Sandwell 001,E02002043,8757,1849,954,895,6908,485,6423
2021,Sandwell 002,E02002044,8052,1326,632,694,6726,396,6330
2021,Sandwell 003,E02002045,7812,1546,723,823,6266,421,5845
2021,Sandwell 004,E02002046,5714,1248,656,592,4466,248,4218
2021,Sandwell 005,E02002047,7553,1636,863,773,5917,375,5542
2021,Sandwell 006,E02002048,6828,1048,477,571,5780,368,5412
2021,Sandwell 007,E02002049,6309,1129,524,605,5180,333,4847
2021,Sandwell 009,E02002051,6169,1245,598,647,4924,278,4646
2021,Sandwell 010,E02002052,11365,2218,1131,1087,9147,522,8625
2021,Sandwell 011,E02002053,6327,1005,443,562,5322,366,4956
2021,Sandwell 012,E02002054,5818,918,429,489,4900,332,4568
2021,Sandwell 013,E02002055,11126,2041,965,1076,9085,521,8564
2021,Sandwell 014,E02002056,9881,2031,1045,986,7850,487,7363
2021,Sandwell 015,E02002057,10722,2168,1113,1055,8554,483,8071
2021,Sandwell 016,E02002058,13570,2099,1043,1056,11471,582,10889
2021,Sandwell 017,E02002059,11792,2141,1088,1053,9651,614,9037
2021,Sandwell 018,E02002060,7356,1292,671,621,6064,288,5776
2021,Sandwell 019,E02002061,7059,1210,640,570,5849,215,5634
2021,Sandwell 020,E02002062,8958,1585,868,717,7373,373,7000
2021,Sandwell 021,E02002063,10327,1561,735,826,8766,494,8272
2021,Sandwell 022,E02002064,12496,2109,987,1122,10387,694,9693
2021,Sandwell 023,E02002065,14169,1841,917,924,12328,379,11949
2021,Sandwell 024,E02002066,8263,1351,698,653,6912,290,6622
2021,Sandwell 025,E02002067,6321,1128,485,643,5193,388,4805
2021,Sandwell 027,E02002069,7244,1464,738,726,5780,383,5397
2021,Sandwell 028,E02002070,10338,1700,921,779,8638,353,8285
2021,Sandwell 029,E02002071,6717,1447,655,792,5270,441,4829
2021,Sandwell 030,E02002072,8920,1601,742,859,7319,459,6860
2021,Sandwell 031,E02002073,8411,1606,840,766,6805,391,6414
2021,Sandwell 032,E02002074,8206,1625,788,837,6581,415,6166
2021,Sandwell 033,E02002075,8734,1845,912,933,6889,555,6334
2021,Sandwell 034,E02002076,10670,1616,618,998,9054,754,8300
2021,Sandwell 035,E02002077,10884,2281,1061,1220,8603,633,7970
2021,Sandwell 036,E02002078,6570,1112,450,662,5458,402,5056
2021,Sandwell 037,E02002079,8657,1692,781,911,6965,513,6452
2021,Sandwell 038,E02002080,7378,1484,703,781,5894,510,5384
2021,Solihull 001,E02002081,5434,994,454,540,4440,384,4056
2021,Solihull 002,E02002082,5840,1440,702,738,4400,307,4093
2021,Solihull 003,E02002083,6029,939,399,540,5090,426,4664
2021,Solihull 004,E02002084,6746,1549,733,816,5197,386,4811
2021,Solihull 005,E02002085,6659,1417,660,757,5242,393,4849
2021,Solihull 006,E02002086,5922,1471,687,784,4451,345,4106
2021,Solihull 007,E02002087,6296,1583,714,869,4713,354,4359
2021,Solihull 008,E02002088,9583,2477,1202,1275,7106,495,6611
2021,Solihull 009,E02002089,8066,1516,663,853,6550,539,6011
2021,Solihull 010,E02002090,5962,864,373,491,5098,338,4760
2021,Solihull 011,E02002091,7654,1270,528,742,6384,505,5879
2021,Solihull 012,E02002092,7268,1403,640,763,5865,461,5404
2021,Solihull 013,E02002093,6692,1327,569,758,5365,468,4897
2021,Solihull 014,E02002094,5978,949,389,560,5029,485,4544
2021,Solihull 015,E02002095,8625,1347,523,824,7278,581,6697
2021,Solihull 016,E02002096,10371,1683,684,999,8688,709,7979
2021,Solihull 017,E02002097,7344,1192,500,692,6152,575,5577
2021,Solihull 018,E02002098,9736,1578,650,928,8158,674,7484
2021,Solihull 019,E02002099,6900,905,338,567,5995,506,5489
2021,Solihull 021,E02002101,6305,1155,463,692,5150,489,4661
2021,Solihull 022,E02002102,8776,1486,599,887,7290,605,6685
2021,Solihull 023,E02002103,6082,1058,470,588,5024,484,4540
2021,Solihull 024,E02002104,5848,683,218,465,5165,431,4734
2021,Solihull 025,E02002105,8265,1200,439,761,7065,696,6369
2021,Solihull 026,E02002106,9731,1417,567,850,8314,731,7583
2021,Solihull 027,E02002107,5412,705,265,440,4707,420,4287
2021,Solihull 028,E02002108,9844,1267,445,822,8577,781,7796
2021,Solihull 029,E02002109,12132,1431,464,967,10701,860,9841
2021,Walsall 001,E02002110,7023,1367,607,760,5656,478,5178
2021,Walsall 002,E02002111,6417,1555,686,869,4862,359,4503
2021,Walsall 003,E02002112,5268,1015,453,562,4253,341,3912
2021,Walsall 004,E02002113,6402,1350,575,775,5052,390,4662
2021,Walsall 005,E02002114,6080,1321,607,714,4759,403,4356
2021,Walsall 006,E02002115,6822,1576,785,791,5246,376,4870
2021,Walsall 007,E02002116,6756,1306,540,766,5450,472,4978
2021,Walsall 008,E02002117,6253,1222,547,675,5031,380,4651
2021,Walsall 009,E02002118,7420,1755,865,890,5665,400,5265
2021,Walsall 010,E02002119,5983,1163,558,605,4820,403,4417
2021,Walsall 011,E02002120,6111,1053,458,595,5058,398,4660
2021,Walsall 012,E02002121,6663,1556,818,738,5107,361,4746
2021,Walsall 013,E02002122,7155,1232,606,626,5923,308,5615
2021,Walsall 014,E02002123,6602,1226,571,655,5376,350,5026
2021,Walsall 015,E02002124,6917,1611,731,880,5306,473,4833
2021,Walsall 016,E02002125,6449,1420,635,785,5029,439,4590
2021,Walsall 017,E02002126,6679,1577,818,759,5102,364,4738
2021,Walsall 018,E02002127,9793,1757,906,851,8036,360,7676
2021,Walsall 019,E02002128,5628,1206,563,643,4422,350,4072
2021,Walsall 020,E02002129,6033,1202,527,675,4831,347,4484
2021,Walsall 021,E02002130,6862,1371,684,687,5491,316,5175
2021,Walsall 022,E02002131,7778,1276,528,748,6502,567,5935
2021,Walsall 023,E02002132,6440,1352,665,687,5088,308,4780
2021,Walsall 024,E02002133,6901,1460,666,794,5441,382,5059
2021,Walsall 025,E02002134,9235,1841,870,971,7394,481,6913
2021,Walsall 026,E02002135,7981,1413,720,693,6568,310,6258
2021,Walsall 027,E02002136,8004,1483,666,817,6521,417,6104
2021,Walsall 028,E02002137,6115,923,355,568,5192,429,4763
2021,Walsall 029,E02002138,6359,970,429,541,5389,330,5059
2021,Walsall 030,E02002139,10861,1946,889,1057,8915,532,8383
2021,Walsall 031,E02002140,8552,1415,715,700,7137,292,6845
2021,Walsall 032,E02002141,6459,918,369,549,5541,473,5068
2021,Walsall 033,E02002142,7548,1383,659,724,6165,309,5856
2021,Walsall 034,E02002143,10265,1581,781,800,8684,295,8389
2021,Walsall 035,E02002144,6845,987,407,580,5858,409,5449
2021,Walsall 036,E02002145,8492,1662,775,887,6830,411,6419
2021,Walsall 037,E02002146,6426,1092,557,535,5334,291,5043
2021,Walsall 038,E02002147,9109,1820,847,973,7289,434,6855
2021,Walsall 039,E02002148,11431,1783,722,1061,9648,795,8853
2021,Wolverhampton 001,E02002149,10087,2040,938,1102,8047,627,7420
2021,Wolverhampton 002,E02002150,5792,984,438,546,4808,372,4436
2021,Wolverhampton 003,E02002151,5553,1140,535,605,4413,325,4088
2021,Wolverhampton 004,E02002152,6273,1390,708,682,4883,304,4579
2021,Wolverhampton 005,E02002153,7484,1690,779,911,5794,423,5371
2021,Wolverhampton 006,E02002154,7412,1157,515,642,6255,406,5849
2021,Wolverhampton 007,E02002155,6515,1260,609,651,5255,269,4986
2021,Wolverhampton 008,E02002156,8302,1531,683,848,6771,513,6258
2021,Wolverhampton 009,E02002157,7825,1222,473,749,6603,543,6060
2021,Wolverhampton 010,E02002158,7523,1637,769,868,5886,471,5415
2021,Wolverhampton 011,E02002159,6176,1042,455,587,5134,279,4855
2021,Wolverhampton 012,E02002160,7579,1269,608,661,6310,435,5875
2021,Wolverhampton 013,E02002161,7124,1034,453,581,6090,235,5855
2021,Wolverhampton 014,E02002162,7773,1528,705,823,6245,510,5735
2021,Wolverhampton 015,E02002163,11875,2101,986,1115,9774,518,9256
2021,Wolverhampton 016,E02002164,6743,972,426,546,5771,215,5556
2021,Wolverhampton 017,E02002165,7893,1414,645,769,6479,480,5999
2021,Wolverhampton 018,E02002166,9407,2013,1016,997,7394,448,6946
2021,Wolverhampton 019,E02002167,6642,1180,486,694,5462,466,4996
2021,Wolverhampton 020,E02002168,11532,1976,859,1117,9556,481,9075
2021,Wolverhampton 021,E02002169,8811,1569,678,891,7242,590,6652
2021,Wolverhampton 022,E02002170,6315,1176,528,648,5139,292,4847
2021,Wolverhampton 023,E02002171,7725,1619,789,830,6106,365,5741
2021,Wolverhampton 026,E02002174,7643,1407,666,741,6236,506,5730
2021,Wolverhampton 027,E02002175,7794,1587,793,794,6207,352,5855
2021,Wolverhampton 028,E02002176,7841,1435,589,846,6406,518,5888
2021,Wolverhampton 029,E02002177,11505,1798,879,919,9707,458,9249
2021,Wolverhampton 030,E02002178,8138,1377,719,658,6761,397,6364
2021,Wolverhampton 031,E02002179,6568,1100,406,694,5468,456,5012
2021,Wolverhampton 032,E02002180,6488,1236,568,668,5252,356,4896
2021,Wolverhampton 033,E02002181,8435,1591,771,820,6844,433,6411
2021,Wolverhampton 034,E02002182,6586,1408,692,716,5178,342,4836
2021,Bradford 001,E02002183,5701,969,358,611,4732,543,4189
2021,Bradford 002,E02002184,13119,2143,811,1332,10976,1176,9800
2021,Bradford 003,E02002185,5862,877,325,552,4985,539,4446
2021,Bradford 005,E02002187,6195,750,251,499,5445,563,4882
2021,Bradford 006,E02002188,7788,1158,419,739,6630,581,6049
2021,Bradford 007,E02002189,7186,1246,666,580,5940,354,5586
2021,Bradford 008,E02002190,11885,2014,960,1054,9871,493,9378
2021,Bradford 009,E02002191,9643,1898,906,992,7745,398,7347
2021,Bradford 010,E02002192,9138,1413,570,843,7725,719,7006
2021,Bradford 011,E02002193,6475,1468,677,791,5007,403,4604
2021,Bradford 012,E02002194,7477,1414,648,766,6063,494,5569
2021,Bradford 013,E02002195,6362,1020,386,634,5342,501,4841
2021,Bradford 014,E02002196,6409,1010,387,623,5399,503,4896
2021,Bradford 015,E02002197,8696,1722,761,961,6974,684,6290
2021,Bradford 016,E02002198,8418,1578,601,977,6840,663,6177
2021,Bradford 017,E02002199,7241,1103,441,662,6138,583,5555
2021,Bradford 018,E02002200,9094,1695,722,973,7399,744,6655
2021,Bradford 019,E02002201,12241,2128,918,1210,10113,914,9199
2021,Bradford 020,E02002202,7491,1580,645,935,5911,543,5368
2021,Bradford 021,E02002203,7735,1587,711,876,6148,533,5615
2021,Bradford 022,E02002204,11428,1899,776,1123,9529,905,8624
2021,Bradford 023,E02002205,9779,1683,654,1029,8096,766,7330
2021,Bradford 024,E02002206,8842,1535,675,860,7307,556,6751
2021,Bradford 025,E02002207,7501,1280,580,700,6221,293,5928
2021,Bradford 026,E02002208,8135,1636,724,912,6499,501,5998
2021,Bradford 027,E02002209,7008,1301,644,657,5707,357,5350
2021,Bradford 028,E02002210,7693,1308,595,713,6385,423,5962
2021,Bradford 029,E02002211,7709,1243,669,574,6466,252,6214
2021,Bradford 030,E02002212,9588,1411,734,677,8177,279,7898
2021,Bradford 031,E02002213,7675,1330,554,776,6345,624,5721
2021,Bradford 032,E02002214,6598,1055,470,585,5543,384,5159
2021,Bradford 033,E02002215,10788,1600,900,700,9188,260,8928
2021,Bradford 034,E02002216,10158,1700,891,809,8458,236,8222
2021,Bradford 035,E02002217,10388,1669,869,800,8719,374,8345
2021,Bradford 036,E02002218,10285,1885,958,927,8400,457,7943
2021,Bradford 037,E02002219,8290,1144,620,524,7146,234,6912
2021,Bradford 038,E02002220,9674,1404,729,675,8270,252,8018
2021,Bradford 040,E02002222,9234,1642,860,782,7592,358,7234
2021,Bradford 041,E02002223,7847,1215,687,528,6632,164,6468
2021,Bradford 042,E02002224,10842,1638,949,689,9204,238,8966
2021,Bradford 043,E02002225,8531,1699,807,892,6832,552,6280
2021,Bradford 044,E02002226,14127,1873,1004,869,12254,335,11919
2021,Bradford 045,E02002227,6211,1054,518,536,5157,228,4929
2021,Bradford 046,E02002228,7645,1543,723,820,6102,326,5776
2021,Bradford 047,E02002229,8285,1486,677,809,6799,477,6322
2021,Bradford 048,E02002230,8633,1313,691,622,7320,243,7077
2021,Bradford 049,E02002231,13331,2178,1129,1049,11153,548,10605
2021,Bradford 050,E02002232,7319,1267,653,614,6052,265,5787
2021,Bradford 051,E02002233,9776,1410,790,620,8366,292,8074
2021,Bradford 052,E02002234,7599,1802,909,893,5797,318,5479
2021,Bradford 053,E02002235,7074,1136,589,547,5938,231,5707
2021,Bradford 054,E02002236,6591,1118,496,622,5473,333,5140
2021,Bradford 055,E02002237,8836,1509,727,782,7327,498,6829
2021,Bradford 056,E02002238,6453,1211,609,602,5242,304,4938
2021,Bradford 057,E02002239,10866,1853,909,944,9013,569,8444
2021,Bradford 058,E02002240,11568,1926,819,1107,9642,849,8793
2021,Bradford 059,E02002241,12218,2404,1118,1286,9814,740,9074
2021,Bradford 060,E02002242,7883,1536,662,874,6347,550,5797
2021,Bradford 061,E02002243,9626,2019,874,1145,7607,598,7009
2021,Calderdale 001,E02002244,6072,1149,470,679,4923,468,4455
2021,Calderdale 002,E02002245,5399,1227,638,589,4172,325,3847
2021,Calderdale 003,E02002246,9567,1458,556,902,8109,752,7357
2021,Calderdale 004,E02002247,8938,1687,664,1023,7251,809,6442
2021,Calderdale 005,E02002248,7780,1687,788,899,6093,518,5575
2021,Calderdale 006,E02002249,5612,1208,566,642,4404,327,4077
2021,Calderdale 007,E02002250,8218,1505,602,903,6713,724,5989
2021,Calderdale 008,E02002251,7941,1829,850,979,6112,541,5571
2021,Calderdale 009,E02002252,6782,1153,548,605,5629,499,5130
2021,Calderdale 010,E02002253,8604,1383,674,709,7221,408,6813
2021,Calderdale 011,E02002254,6218,921,337,584,5297,520,4777
2021,Calderdale 012,E02002255,7719,1385,771,614,6334,203,6131
2021,Calderdale 013,E02002256,9456,2031,982,1049,7425,731,6694
2021,Calderdale 014,E02002257,6542,976,467,509,5566,185,5381
2021,Calderdale 015,E02002258,8884,1523,627,896,7361,654,6707
2021,Calderdale 016,E02002259,7138,1223,500,723,5915,531,5384
2021,Calderdale 017,E02002260,9059,1715,687,1028,7344,724,6620
2021,Calderdale 018,E02002261,7931,1492,644,848,6439,613,5826
2021,Calderdale 019,E02002262,7670,1540,659,881,6130,610,5520
2021,Calderdale 020,E02002263,6499,1242,533,709,5257,466,4791
2021,Calderdale 021,E02002264,7062,1168,437,731,5894,600,5294
2021,Calderdale 022,E02002265,5610,1107,453,654,4503,480,4023
2021,Calderdale 023,E02002266,5737,1027,415,612,4710,417,4293
2021,Calderdale 024,E02002267,7983,1609,643,966,6374,621,5753
2021,Calderdale 025,E02002268,10303,2011,878,1133,8292,772,7520
2021,Calderdale 026,E02002269,9388,1483,615,868,7905,722,7183
2021,Calderdale 027,E02002270,8517,1121,417,704,7396,698,6698
2021,Kirklees 001,E02002271,7552,1118,456,662,6434,560,5874
2021,Kirklees 002,E02002272,9672,1756,707,1049,7916,677,7239
2021,Kirklees 003,E02002273,6577,1026,411,615,5551,530,5021
2021,Kirklees 004,E02002274,6861,1126,450,676,5735,571,5164
2021,Kirklees 005,E02002275,8561,1648,660,988,6913,662,6251
2021,Kirklees 006,E02002276,7793,1248,574,674,6545,515,6030
2021,Kirklees 007,E02002277,6912,1094,510,584,5818,375,5443
2021,Kirklees 008,E02002278,6721,1279,558,721,5442,496,4946
2021,Kirklees 009,E02002279,6272,1298,586,712,4974,406,4568
2021,Kirklees 010,E02002280,6867,1317,677,640,5550,251,5299
2021,Kirklees 011,E02002281,11657,2137,981,1156,9520,649,8871
2021,Kirklees 012,E02002282,7446,1162,549,613,6284,337,5947
2021,Kirklees 013,E02002283,7176,1062,532,530,6114,280,5834
2021,Kirklees 014,E02002284,6250,1029,416,613,5221,392,4829
2021,Kirklees 015,E02002285,7978,1325,531,794,6653,533,6120
2021,Kirklees 016,E02002286,6329,1077,490,587,5252,373,4879
2021,Kirklees 017,E02002287,7258,1277,590,687,5981,339,5642
2021,Kirklees 018,E02002288,10151,1954,913,1041,8197,608,7589
2021,Kirklees 019,E02002289,7039,1051,540,511,5988,254,5734
2021,Kirklees 020,E02002290,6292,1045,424,621,5247,487,4760
2021,Kirklees 021,E02002291,6549,1165,479,686,5384,500,4884
2021,Kirklees 022,E02002292,5601,960,414,546,4641,385,4256
2021,Kirklees 023,E02002293,8852,1343,704,639,7509,234,7275
2021,Kirklees 024,E02002294,11136,1660,831,829,9476,327,9149
2021,Kirklees 025,E02002295,7324,1403,678,725,5921,360,5561
2021,Kirklees 026,E02002296,6930,1314,543,771,5616,505,5111
2021,Kirklees 027,E02002297,6998,1155,492,663,5843,479,5364
2021,Kirklees 028,E02002298,6655,1321,665,656,5334,506,4828
2021,Kirklees 029,E02002299,7223,1400,684,716,5823,297,5526
2021,Kirklees 030,E02002300,8600,1382,561,821,7218,626,6592
2021,Kirklees 031,E02002301,8267,1295,633,662,6972,353,6619
2021,Kirklees 032,E02002302,6170,902,399,503,5268,438,4830
2021,Kirklees 033,E02002303,6638,1277,580,697,5361,474,4887
2021,Kirklees 034,E02002304,6535,1182,532,650,5353,483,4870
2021,Kirklees 035,E02002305,6184,1265,591,674,4919,356,4563
2021,Kirklees 036,E02002306,6210,998,400,598,5212,519,4693
2021,Kirklees 037,E02002307,5923,1156,507,649,4767,404,4363
2021,Kirklees 038,E02002308,6781,1175,494,681,5606,540,5066
2021,Kirklees 039,E02002309,6826,1299,644,655,5527,401,5126
2021,Kirklees 040,E02002310,5773,1221,534,687,4552,384,4168
2021,Kirklees 041,E02002311,6547,1322,548,774,5225,432,4793
2021,Kirklees 042,E02002312,8124,1552,625,927,6572,473,6099
2021,Kirklees 043,E02002313,7790,1409,797,612,6381,233,6148
2021,Kirklees 044,E02002314,5885,1159,525,634,4726,433,4293
2021,Kirklees 045,E02002315,6687,1300,554,746,5387,514,4873
2021,Kirklees 046,E02002316,6675,1112,438,674,5563,494,5069
2021,Kirklees 047,E02002317,7484,1431,695,736,6053,407,5646
2021,Kirklees 048,E02002318,6162,1358,638,720,4804,403,4401
2021,Kirklees 049,E02002319,6967,1189,480,709,5778,541,5237
2021,Kirklees 050,E02002320,6001,1173,468,705,4828,482,4346
2021,Kirklees 051,E02002321,6784,1015,350,665,5769,565,5204
2021,Kirklees 052,E02002322,6381,1183,514,669,5198,491,4707
2021,Kirklees 053,E02002323,8224,1410,558,852,6814,679,6135
2021,Kirklees 054,E02002324,6566,1204,508,696,5362,514,4848
2021,Kirklees 055,E02002325,9105,1568,585,983,7537,772,6765
2021,Kirklees 056,E02002326,6012,786,288,498,5226,494,4732
2021,Kirklees 057,E02002327,10065,1688,663,1025,8377,834,7543
2021,Kirklees 058,E02002328,7018,1048,418,630,5970,598,5372
2021,Kirklees 059,E02002329,12199,1773,588,1185,10426,1058,9368
2021,Leeds 001,E02002330,6989,989,328,661,6000,673,5327
2021,Leeds 002,E02002331,7365,1716,794,922,5649,587,5062
2021,Leeds 003,E02002332,6529,1117,390,727,5412,607,4805
2021,Leeds 004,E02002333,7828,1387,547,840,6441,760,5681
2021,Leeds 005,E02002334,7621,1142,420,722,6479,663,5816
2021,Leeds 006,E02002335,7525,888,302,586,6637,609,6028
2021,Leeds 007,E02002336,6996,927,313,614,6069,629,5440
2021,Leeds 008,E02002337,7724,967,310,657,6757,718,6039
2021,Leeds 009,E02002338,7281,1118,425,693,6163,635,5528
2021,Leeds 010,E02002339,5649,1116,455,661,4533,457,4076
2021,Leeds 011,E02002340,5862,1154,454,700,4708,499,4209
2021,Leeds 012,E02002341,7434,917,331,586,6517,635,5882
2021,Leeds 013,E02002342,6078,1054,424,630,5024,505,4519
2021,Leeds 014,E02002343,5939,805,267,538,5134,498,4636
2021,Leeds 015,E02002344,7805,1159,480,679,6646,581,6065
2021,Leeds 016,E02002345,6178,885,316,569,5293,476,4817
2021,Leeds 017,E02002346,6153,1255,524,731,4898,450,4448
2021,Leeds 018,E02002347,6572,1251,622,629,5321,392,4929
2021,Leeds 019,E02002348,6519,1283,539,744,5236,495,4741
2021,Leeds 020,E02002349,5866,816,304,512,5050,524,4526
2021,Leeds 021,E02002350,6662,935,294,641,5727,577,5150
2021,Leeds 022,E02002351,5630,806,327,479,4824,439,4385
2021,Leeds 023,E02002352,7811,1123,448,675,6688,599,6089
2021,Leeds 024,E02002353,6016,802,286,516,5214,491,4723
2021,Leeds 025,E02002354,8208,1354,606,748,6854,545,6309
2021,Leeds 027,E02002356,9313,1021,350,671,8292,771,7521
2021,Leeds 028,E02002357,8334,1478,545,933,6856,665,6191
2021,Leeds 029,E02002358,8638,1539,696,843,7099,563,6536
2021,Leeds 030,E02002359,6481,1024,407,617,5457,493,4964
2021,Leeds 031,E02002360,6867,1121,507,614,5746,515,5231
2021,Leeds 032,E02002361,6067,972,362,610,5095,417,4678
2021,Leeds 033,E02002362,8041,1685,806,879,6356,569,5787
2021,Leeds 034,E02002363,7033,1034,393,641,5999,608,5391
2021,Leeds 035,E02002364,5973,1604,867,737,4369,336,4033
2021,Leeds 037,E02002366,8399,1200,514,686,7199,501,6698
2021,Leeds 038,E02002367,6422,1285,616,669,5137,402,4735
2021,Leeds 039,E02002368,8651,1194,435,759,7457,687,6770
2021,Leeds 040,E02002369,7977,1565,744,821,6412,416,5996
2021,Leeds 041,E02002370,7266,1508,677,831,5758,459,5299
2021,Leeds 042,E02002371,10560,1731,821,910,8829,559,8270
2021,Leeds 044,E02002373,8507,1260,342,918,7247,727,6520
2021,Leeds 045,E02002374,6892,1217,454,763,5675,519,5156
2021,Leeds 046,E02002375,6592,1357,588,769,5235,414,4821
2021,Leeds 047,E02002376,7815,1265,621,644,6550,304,6246
2021,Leeds 048,E02002377,7511,990,433,557,6521,290,6231
2021,Leeds 050,E02002379,5995,1196,570,626,4799,336,4463
2021,Leeds 051,E02002380,5504,1011,401,610,4493,428,4065
2021,Leeds 052,E02002381,6289,1125,471,654,5164,498,4666
2021,Leeds 053,E02002382,7200,835,408,427,6365,239,6126
2021,Leeds 054,E02002383,8131,1262,301,961,6869,597,6272
2021,Leeds 055,E02002384,12480,1802,678,1124,10678,600,10078
2021,Leeds 056,E02002385,8464,1539,490,1049,6925,690,6235
2021,Leeds 057,E02002386,9148,1645,647,998,7503,710,6793
2021,Leeds 058,E02002387,6022,1309,573,736,4713,423,4290
2021,Leeds 059,E02002388,8148,1613,696,917,6535,514,6021
2021,Leeds 060,E02002389,7700,1529,786,743,6171,298,5873
2021,Leeds 061,E02002390,7074,1246,560,686,5828,437,5391
2021,Leeds 062,E02002391,7919,1310,542,768,6609,666,5943
2021,Leeds 063,E02002392,9987,1423,396,1027,8564,687,7877
2021,Leeds 064,E02002393,8938,1292,638,654,7646,313,7333
2021,Leeds 065,E02002394,7651,1173,545,628,6478,301,6177
2021,Leeds 066,E02002395,7387,1124,487,637,6263,438,5825
2021,Leeds 067,E02002396,9052,1675,719,956,7377,584,6793
2021,Leeds 068,E02002397,7687,1428,595,833,6259,588,5671
2021,Leeds 069,E02002398,7466,1224,500,724,6242,599,5643
2021,Leeds 070,E02002399,6449,1227,520,707,5222,381,4841
2021,Leeds 071,E02002400,9817,1977,912,1065,7840,512,7328
2021,Leeds 072,E02002401,6628,1249,590,659,5379,295,5084
2021,Leeds 073,E02002402,5780,820,285,535,4960,503,4457
2021,Leeds 074,E02002403,6299,1233,518,715,5066,547,4519
2021,Leeds 075,E02002404,10987,1723,721,1002,9264,678,8586
2021,Leeds 076,E02002405,9168,1510,655,855,7658,689,6969
2021,Leeds 077,E02002406,7266,1098,418,680,6168,562,5606
2021,Leeds 078,E02002407,6471,1453,687,766,5018,402,4616
2021,Leeds 079,E02002408,7535,1346,560,786,6189,537,5652
2021,Leeds 080,E02002409,6096,1220,559,661,4876,378,4498
2021,Leeds 081,E02002410,6919,1207,543,664,5712,436,5276
2021,Leeds 082,E02002411,9059,1333,594,739,7726,492,7234
2021,Leeds 083,E02002412,7232,1114,394,720,6118,524,5594
2021,Leeds 085,E02002414,6740,1116,540,576,5624,258,5366
2021,Leeds 086,E02002415,7876,1041,467,574,6835,273,6562
2021,Leeds 087,E02002416,6961,1417,635,782,5544,495,5049
2021,Leeds 088,E02002417,7319,1304,554,750,6015,565,5450
2021,Leeds 089,E02002418,7078,1230,523,707,5848,521,5327
2021,Leeds 090,E02002419,8188,1546,686,860,6642,444,6198
2021,Leeds 091,E02002420,8370,1169,458,711,7201,508,6693
2021,Leeds 092,E02002421,6364,1420,704,716,4944,310,4634
2021,Leeds 093,E02002422,6447,961,343,618,5486,485,5001
2021,Leeds 094,E02002423,5796,1180,551,629,4616,319,4297
2021,Leeds 095,E02002424,7637,1316,598,718,6321,563,5758
2021,Leeds 096,E02002425,8669,1505,597,908,7164,581,6583
2021,Leeds 097,E02002426,7775,1303,569,734,6472,561,5911
2021,Leeds 098,E02002427,6708,1323,602,721,5385,448,4937
2021,Leeds 099,E02002428,8039,1360,576,784,6679,497,6182
2021,Leeds 100,E02002429,8519,1394,547,847,7125,589,6536
2021,Leeds 101,E02002430,8205,1597,746,851,6608,439,6169
2021,Leeds 102,E02002431,8822,1472,576,896,7350,648,6702
2021,Leeds 103,E02002432,7651,1305,570,735,6346,510,5836
2021,Leeds 104,E02002433,6774,1369,606,763,5405,559,4846
2021,Leeds 105,E02002434,10190,1494,618,876,8696,676,8020
2021,Leeds 106,E02002435,8309,1267,494,773,7042,607,6435
2021,Leeds 107,E02002436,6910,1320,585,735,5590,538,5052
2021,Leeds 108,E02002437,6175,864,304,560,5311,523,4788
2021,Wakefield 001,E02002438,8949,2163,1097,1066,6786,518,6268
2021,Wakefield 002,E02002439,8669,1900,832,1068,6769,629,6140
2021,Wakefield 003,E02002440,7901,1730,885,845,6171,496,5675
2021,Wakefield 004,E02002441,9754,2227,1046,1181,7527,640,6887
2021,Wakefield 005,E02002442,7269,1304,544,760,5965,519,5446
2021,Wakefield 006,E02002443,6146,1005,398,607,5141,502,4639
2021,Wakefield 007,E02002444,6928,1161,446,715,5767,560,5207
2021,Wakefield 008,E02002445,8499,1630,692,938,6869,623,6246
2021,Wakefield 009,E02002446,5929,1175,519,656,4754,491,4263
2021,Wakefield 010,E02002447,6160,1335,662,673,4825,398,4427
2021,Wakefield 011,E02002448,8089,1810,835,975,6279,502,5777
2021,Wakefield 012,E02002449,9814,1764,790,974,8050,654,7396
2021,Wakefield 013,E02002450,7910,1406,622,784,6504,583,5921
2021,Wakefield 014,E02002451,7956,1415,582,833,6541,580,5961
2021,Wakefield 015,E02002452,9207,2073,1010,1063,7134,589,6545
2021,Wakefield 016,E02002453,9665,2044,900,1144,7621,644,6977
2021,Wakefield 017,E02002454,9191,1623,733,890,7568,480,7088
2021,Wakefield 018,E02002455,6485,1436,694,742,5049,403,4646
2021,Wakefield 019,E02002456,8068,1490,595,895,6578,590,5988
2021,Wakefield 020,E02002457,7945,1692,849,843,6253,418,5835
2021,Wakefield 021,E02002458,9081,1566,642,924,7515,680,6835
2021,Wakefield 022,E02002459,10050,1947,847,1100,8103,608,7495
2021,Wakefield 023,E02002460,7471,1440,598,842,6031,566,5465
2021,Wakefield 024,E02002461,11903,2277,1075,1202,9626,819,8807
2021,Wakefield 025,E02002462,7443,1384,620,764,6059,590,5469
2021,Wakefield 026,E02002463,10382,2239,1047,1192,8143,597,7546
2021,Wakefield 027,E02002464,9039,1945,941,1004,7094,574,6520
2021,Wakefield 028,E02002465,6092,1247,516,731,4845,455,4390
2021,Wakefield 029,E02002466,9050,1750,786,964,7300,685,6615
2021,Wakefield 030,E02002467,8990,1622,727,895,7368,547,6821
2021,Wakefield 031,E02002468,6147,1099,444,655,5048,519,4529
2021,Wakefield 032,E02002469,6524,1191,507,684,5333,504,4829
2021,Wakefield 033,E02002470,6032,995,370,625,5037,554,4483
2021,Wakefield 034,E02002471,11477,2002,865,1137,9475,921,8554
2021,Wakefield 035,E02002472,5751,1045,400,645,4706,475,4231
2021,Wakefield 036,E02002473,6715,1104,439,665,5611,540,5071
2021,Wakefield 037,E02002474,6971,1404,640,764,5567,500,5067
2021,Wakefield 038,E02002475,6278,1057,452,605,5221,501,4720
2021,Wakefield 039,E02002476,6688,1716,909,807,4972,389,4583
2021,Wakefield 040,E02002477,6293,1536,776,760,4757,427,4330
2021,Wakefield 041,E02002478,6248,1293,613,680,4955,379,4576
2021,Wakefield 042,E02002479,8145,2139,1096,1043,6006,487,5519
2021,Wakefield 043,E02002480,5499,1443,711,732,4056,348,3708
2021,Wakefield 044,E02002481,7385,1633,854,779,5752,400,5352
2021,Wakefield 045,E02002482,7186,1747,919,828,5439,390,5049
2021,Hartlepool 001,E02002483,10239,1839,844,995,8400,655,7745
2021,Hartlepool 002,E02002484,10278,2820,1552,1268,7458,566,6892
2021,Hartlepool 003,E02002485,8001,2066,1095,971,5935,402,5533
2021,Hartlepool 007,E02002489,7125,1940,1007,933,5185,414,4771
2021,Hartlepool 008,E02002490,5805,1387,668,719,4418,331,4087
2021,Hartlepool 009,E02002491,6472,1705,897,808,4767,381,4386
2021,Hartlepool 010,E02002492,6774,1629,808,821,5145,431,4714
2021,Hartlepool 011,E02002493,6751,1302,592,710,5449,439,5010
2021,Hartlepool 012,E02002494,7673,2019,1073,946,5654,413,5241
2021,Middlesbrough 001,E02002496,11864,2354,1118,1236,9510,547,8963
2021,Middlesbrough 002,E02002497,6112,1503,804,699,4609,287,4322
2021,Middlesbrough 003,E02002498,8505,1676,901,775,6829,312,6517
2021,Middlesbrough 004,E02002499,7682,1816,939,877,5866,347,5519
2021,Middlesbrough 005,E02002500,5906,1252,603,649,4654,362,4292
2021,Middlesbrough 006,E02002501,6267,1380,711,669,4887,359,4528
2021,Middlesbrough 007,E02002502,9792,2490,1340,1150,7302,488,6814
2021,Middlesbrough 008,E02002503,6837,1382,696,686,5455,365,5090
2021,Middlesbrough 009,E02002504,9755,1615,684,931,8140,657,7483
2021,Middlesbrough 010,E02002505,6386,1526,749,777,4860,352,4508
2021,Middlesbrough 011,E02002506,5600,1495,799,696,4105,301,3804
2021,Middlesbrough 012,E02002507,6235,961,391,570,5274,414,4860
2021,Middlesbrough 013,E02002508,5426,898,397,501,4528,379,4149
2021,Middlesbrough 014,E02002509,5143,1118,507,611,4025,305,3720
2021,Middlesbrough 015,E02002510,7092,1156,474,682,5936,520,5416
2021,Middlesbrough 017,E02002512,5339,821,363,458,4518,400,4118
2021,Middlesbrough 018,E02002513,10236,2399,1196,1203,7837,679,7158
2021,Middlesbrough 019,E02002514,8340,2018,1073,945,6322,553,5769
2021,Redcar and Cleveland 001,E02002515,6471,1864,943,921,4607,432,4175
2021,Redcar and Cleveland 002,E02002516,5869,1273,586,687,4596,414,4182
2021,Redcar and Cleveland 003,E02002517,5315,1236,595,641,4079,377,3702
2021,Redcar and Cleveland 004,E02002518,10877,1948,854,1094,8929,819,8110
2021,Redcar and Cleveland 005,E02002519,7472,2087,1100,987,5385,484,4901
2021,Redcar and Cleveland 006,E02002520,13088,2548,1077,1471,10540,1015,9525
2021,Redcar and Cleveland 007,E02002521,5874,1512,763,749,4362,470,3892
2021,Redcar and Cleveland 009,E02002523,6388,1589,851,738,4799,331,4468
2021,Redcar and Cleveland 010,E02002524,5398,1211,572,639,4187,369,3818
2021,Redcar and Cleveland 011,E02002525,7971,1940,1006,934,6031,566,5465
2021,Redcar and Cleveland 012,E02002526,7707,1717,830,887,5990,586,5404
2021,Redcar and Cleveland 013,E02002527,5085,1238,591,647,3847,356,3491
2021,Redcar and Cleveland 015,E02002529,5740,1166,530,636,4574,380,4194
2021,Redcar and Cleveland 016,E02002530,6180,1472,725,747,4708,420,4288
2021,Redcar and Cleveland 018,E02002532,6735,1691,792,899,5044,512,4532
2021,Redcar and Cleveland 019,E02002533,6565,1091,451,640,5474,580,4894
2021,Redcar and Cleveland 020,E02002534,5574,998,384,614,4576,530,4046
2021,Stockton-on-Tees 001,E02002535,9165,1647,645,1002,7518,728,6790
2021,Stockton-on-Tees 002,E02002536,9329,2193,994,1199,7136,638,6498
2021,Stockton-on-Tees 003,E02002537,8365,2082,1006,1076,6283,555,5728
2021,Stockton-on-Tees 004,E02002538,5638,1287,627,660,4351,381,3970
2021,Stockton-on-Tees 005,E02002539,10539,1599,653,946,8940,750,8190
2021,Stockton-on-Tees 006,E02002540,6066,1044,427,617,5022,494,4528
2021,Stockton-on-Tees 007,E02002541,6015,1307,595,712,4708,452,4256
2021,Stockton-on-Tees 008,E02002542,8025,2065,1040,1025,5960,456,5504
2021,Stockton-on-Tees 009,E02002543,9246,2173,1089,1084,7073,555,6518
2021,Stockton-on-Tees 010,E02002544,8921,2471,1199,1272,6450,591,5859
2021,Stockton-on-Tees 011,E02002545,5032,1011,430,581,4021,392,3629
2021,Stockton-on-Tees 012,E02002546,7455,1646,805,841,5809,481,5328
2021,Stockton-on-Tees 013,E02002547,6089,1234,522,712,4855,469,4386
2021,Stockton-on-Tees 015,E02002549,7452,1394,598,796,6058,589,5469
2021,Stockton-on-Tees 016,E02002550,6045,1152,524,628,4893,447,4446
2021,Stockton-on-Tees 017,E02002551,5364,1399,692,707,3965,352,3613
2021,Stockton-on-Tees 018,E02002552,7148,1431,631,800,5717,396,5321
2021,Stockton-on-Tees 019,E02002553,5798,1239,559,680,4559,372,4187
2021,Stockton-on-Tees 020,E02002554,5042,1321,684,637,3721,329,3392
2021,Stockton-on-Tees 021,E02002555,10307,1722,668,1054,8585,846,7739
2021,Stockton-on-Tees 022,E02002556,7267,1028,385,643,6239,524,5715
2021,Stockton-on-Tees 024,E02002558,11015,1740,655,1085,9275,908,8367
2021,Darlington 001,E02002559,9657,1385,548,837,8272,753,7519
2021,Darlington 002,E02002560,6240,1020,420,600,5220,462,4758
2021,Darlington 003,E02002561,5424,1063,426,637,4361,458,3903
2021,Darlington 004,E02002562,5618,1381,641,740,4237,395,3842
2021,Darlington 005,E02002563,5549,1362,660,702,4187,386,3801
2021,Darlington 006,E02002564,9733,2117,968,1149,7616,665,6951
2021,Darlington 009,E02002567,9403,1854,850,1004,7549,590,6959
2021,Darlington 010,E02002568,6033,986,372,614,5047,553,4494
2021,Darlington 011,E02002569,9143,1519,594,925,7624,820,6804
2021,Darlington 012,E02002570,7504,1847,926,921,5657,496,5161
2021,Darlington 013,E02002571,6354,1234,545,689,5120,414,4706
2021,Darlington 014,E02002572,6286,1326,587,739,4960,422,4538
2021,Darlington 015,E02002573,9369,1523,596,927,7846,753,7093
2021,Halton 001,E02002574,8699,1331,526,805,7368,656,6712
2021,Halton 002,E02002575,9452,1359,533,826,8093,707,7386
2021,Halton 003,E02002576,7447,1733,895,838,5714,485,5229
2021,Halton 004,E02002577,7312,1903,977,926,5409,384,5025
2021,Halton 005,E02002578,8405,1735,804,931,6670,538,6132
2021,Halton 006,E02002579,7892,1849,977,872,6043,458,5585
2021,Halton 007,E02002580,7879,1910,973,937,5969,447,5522
2021,Halton 008,E02002581,7108,1530,742,788,5578,449,5129
2021,Halton 009,E02002582,9317,1418,560,858,7899,673,7226
2021,Halton 010,E02002583,7670,2199,1154,1045,5471,453,5018
2021,Halton 011,E02002584,7325,1538,723,815,5787,472,5315
2021,Halton 012,E02002585,10654,2274,989,1285,8380,777,7603
2021,Halton 013,E02002586,9516,2716,1512,1204,6800,564,6236
2021,Halton 014,E02002587,6453,1627,828,799,4826,429,4397
2021,Halton 015,E02002588,7101,2099,1096,1003,5002,407,4595
2021,Halton 016,E02002589,6251,1160,483,677,5091,506,4585
2021,Warrington 001,E02002590,7304,1397,575,822,5907,577,5330
2021,Warrington 002,E02002591,6483,1248,522,726,5235,500,4735
2021,Warrington 003,E02002592,6218,1320,660,660,4898,437,4461
2021,Warrington 004,E02002593,5090,1088,489,599,4002,441,3561
2021,Warrington 005,E02002594,5520,1191,526,665,4329,432,3897
2021,Warrington 006,E02002595,8068,1685,838,847,6383,509,5874
2021,Warrington 007,E02002596,8046,1541,623,918,6505,650,5855
2021,Warrington 008,E02002597,9211,2048,913,1135,7163,571,6592
2021,Warrington 009,E02002598,11238,1306,487,819,9932,793,9139
2021,Warrington 010,E02002599,11068,1695,745,950,9373,871,8502
2021,Warrington 011,E02002600,9210,1898,847,1051,7312,650,6662
2021,Warrington 012,E02002601,9033,1477,627,850,7556,653,6903
2021,Warrington 013,E02002602,8192,1552,681,871,6640,450,6190
2021,Warrington 014,E02002603,6938,1162,503,659,5776,516,5260
2021,Warrington 015,E02002604,7748,1296,535,761,6452,663,5789
2021,Warrington 016,E02002605,8930,1570,672,898,7360,625,6735
2021,Warrington 017,E02002606,11288,2196,1050,1146,9092,792,8300
2021,Warrington 018,E02002607,11239,2120,952,1168,9119,800,8319
2021,Warrington 019,E02002608,8228,1619,734,885,6609,639,5970
2021,Warrington 020,E02002609,9666,1833,828,1005,7833,643,7190
2021,Warrington 021,E02002610,12661,1751,660,1091,10910,1016,9894
2021,Warrington 022,E02002611,7785,1093,397,696,6692,632,6060
2021,Warrington 023,E02002612,9149,1487,634,853,7662,677,6985
2021,Warrington 024,E02002613,6846,897,309,588,5949,526,5423
2021,Warrington 025,E02002614,5815,799,287,512,5016,511,4505
2021,Blackburn with Darwen 001,E02002615,10823,1760,850,910,9063,550,8513
2021,Blackburn with Darwen 002,E02002616,9597,1248,576,672,8349,446,7903
2021,Blackburn with Darwen 003,E02002617,9637,1490,780,710,8147,286,7861
2021,Blackburn with Darwen 004,E02002618,8020,1148,615,533,6872,240,6632
2021,Blackburn with Darwen 005,E02002619,9407,1620,864,756,7787,309,7478
2021,Blackburn with Darwen 006,E02002620,9071,1963,1079,884,7108,297,6811
2021,Blackburn with Darwen 007,E02002621,8576,1365,751,614,7211,254,6957
2021,Blackburn with Darwen 008,E02002622,11082,2302,1189,1113,8780,420,8360
2021,Blackburn with Darwen 009,E02002623,10488,2304,1167,1137,8184,532,7652
2021,Blackburn with Darwen 010,E02002624,8740,1431,649,782,7309,601,6708
2021,Blackburn with Darwen 011,E02002625,10068,2106,1086,1020,7962,526,7436
2021,Blackburn with Darwen 012,E02002626,7277,1713,833,880,5564,441,5123
2021,Blackburn with Darwen 013,E02002627,7511,1108,467,641,6403,516,5887
2021,Blackburn with Darwen 014,E02002628,6849,1612,812,800,5237,440,4797
2021,Blackburn with Darwen 015,E02002629,5971,1363,669,694,4608,390,4218
2021,Blackburn with Darwen 016,E02002630,6344,1475,709,766,4869,415,4454
2021,Blackburn with Darwen 017,E02002631,8962,1642,692,950,7320,629,6691
2021,Blackburn with Darwen 018,E02002632,6317,927,336,591,5390,516,4874
2021,Blackpool 001,E02002633,7621,1880,915,965,5741,584,5157
2021,Blackpool 002,E02002634,8007,2099,1035,1064,5908,614,5294
2021,Blackpool 003,E02002635,7796,1835,840,995,5961,576,5385
2021,Blackpool 004,E02002636,8001,1879,868,1011,6122,569,5553
2021,Blackpool 005,E02002637,6252,1324,576,748,4928,476,4452
2021,Blackpool 006,E02002638,6489,2014,1095,919,4475,376,4099
2021,Blackpool 007,E02002639,6078,1782,905,877,4296,301,3995
2021,Blackpool 008,E02002640,7100,2016,1000,1016,5084,383,4701
2021,Blackpool 009,E02002641,7986,1701,789,912,6285,528,5757
2021,Blackpool 010,E02002642,7072,2070,1026,1044,5002,388,4614
2021,Blackpool 011,E02002643,7787,1849,928,921,5938,505,5433
2021,Blackpool 012,E02002644,7857,1608,713,895,6249,500,5749
2021,Blackpool 013,E02002645,6314,1892,991,901,4422,390,4032
2021,Blackpool 014,E02002646,7074,1921,990,931,5153,459,4694
2021,Blackpool 015,E02002647,7998,2050,974,1076,5948,471,5477
2021,Blackpool 016,E02002648,7095,1737,807,930,5358,452,4906
2021,Blackpool 017,E02002649,8350,2091,1100,991,6259,547,5712
2021,Blackpool 018,E02002650,8306,1844,881,963,6462,505,5957
2021,Blackpool 019,E02002651,7853,1868,917,951,5985,590,5395
2021,Kingston upon Hull 002,E02002653,8129,2084,1031,1053,6045,363,5682
2021,Kingston upon Hull 003,E02002654,8228,1716,868,848,6512,355,6157
2021,Kingston upon Hull 004,E02002655,8753,2111,1067,1044,6642,395,6247
2021,Kingston upon Hull 005,E02002656,5097,1078,462,616,4019,385,3634
2021,Kingston upon Hull 006,E02002657,7468,1405,663,742,6063,438,5625
2021,Kingston upon Hull 007,E02002658,6547,1294,625,669,5253,447,4806
2021,Kingston upon Hull 008,E02002659,11407,2507,1218,1289,8900,496,8404
2021,Kingston upon Hull 009,E02002660,7006,1651,782,869,5355,366,4989
2021,Kingston upon Hull 010,E02002661,8476,1889,945,944,6587,453,6134
2021,Kingston upon Hull 011,E02002662,7387,1657,848,809,5730,418,5312
2021,Kingston upon Hull 012,E02002663,8110,1391,401,990,6719,615,6104
2021,Kingston upon Hull 013,E02002664,7195,1036,385,651,6159,477,5682
2021,Kingston upon Hull 014,E02002665,7969,1407,564,843,6562,590,5972
2021,Kingston upon Hull 015,E02002666,8154,1410,594,816,6744,390,6354
2021,Kingston upon Hull 016,E02002667,7302,1251,531,720,6051,481,5570
2021,Kingston upon Hull 017,E02002668,8400,2063,1075,988,6337,385,5952
2021,Kingston upon Hull 018,E02002669,7992,1345,503,842,6647,606,6041
2021,Kingston upon Hull 019,E02002670,7899,1733,826,907,6166,473,5693
2021,Kingston upon Hull 020,E02002671,8977,1860,864,996,7117,576,6541
2021,Kingston upon Hull 021,E02002672,7334,1597,809,788,5737,326,5411
2021,Kingston upon Hull 022,E02002673,7521,1384,624,760,6137,406,5731
2021,Kingston upon Hull 023,E02002674,6586,1164,468,696,5422,438,4984
2021,Kingston upon Hull 024,E02002675,8549,1861,974,887,6688,334,6354
2021,Kingston upon Hull 025,E02002676,7262,1418,583,835,5844,519,5325
2021,Kingston upon Hull 026,E02002677,8267,1740,796,944,6527,508,6019
2021,Kingston upon Hull 027,E02002678,8474,1410,577,833,7064,489,6575
2021,Kingston upon Hull 028,E02002679,7745,1442,651,791,6303,567,5736
2021,Kingston upon Hull 029,E02002680,9685,2166,1014,1152,7519,532,6987
2021,Kingston upon Hull 030,E02002681,9208,1876,935,941,7332,373,6959
2021,Kingston upon Hull 031,E02002682,10739,2278,1126,1152,8461,502,7959
2021,East Riding of Yorkshire 001,E02002684,10171,2502,1150,1352,7669,815,6854
2021,East Riding of Yorkshire 002,E02002685,7832,1687,689,998,6145,597,5548
2021,East Riding of Yorkshire 003,E02002686,7784,2249,1173,1076,5535,457,5078
2021,East Riding of Yorkshire 004,E02002687,5904,1665,832,833,4239,438,3801
2021,East Riding of Yorkshire 005,E02002688,5398,1532,736,796,3866,417,3449
2021,East Riding of Yorkshire 006,E02002689,5715,1131,442,689,4584,447,4137
2021,East Riding of Yorkshire 008,E02002691,8317,1488,580,908,6829,710,6119
2021,East Riding of Yorkshire 009,E02002692,9684,1588,588,1000,8096,863,7233
2021,East Riding of Yorkshire 010,E02002693,7056,1361,530,831,5695,501,5194
2021,East Riding of Yorkshire 011,E02002694,12792,2059,743,1316,10733,1097,9636
2021,East Riding of Yorkshire 012,E02002695,8197,2048,889,1159,6149,640,5509
2021,East Riding of Yorkshire 013,E02002696,6259,953,334,619,5306,479,4827
2021,East Riding of Yorkshire 014,E02002697,7536,1284,497,787,6252,589,5663
2021,East Riding of Yorkshire 015,E02002698,8576,1454,529,925,7122,689,6433
2021,East Riding of Yorkshire 016,E02002699,9851,1484,513,971,8367,866,7501
2021,East Riding of Yorkshire 017,E02002700,6043,1371,571,800,4672,425,4247
2021,East Riding of Yorkshire 018,E02002701,8697,1332,478,854,7365,684,6681
2021,East Riding of Yorkshire 019,E02002702,9742,1871,780,1091,7871,827,7044
2021,East Riding of Yorkshire 020,E02002703,9277,1375,495,880,7902,822,7080
2021,East Riding of Yorkshire 021,E02002704,7143,1332,536,796,5811,510,5301
2021,East Riding of Yorkshire 022,E02002705,7059,1252,479,773,5807,576,5231
2021,East Riding of Yorkshire 023,E02002706,7276,1283,524,759,5993,553,5440
2021,East Riding of Yorkshire 024,E02002707,6736,1029,370,659,5707,590,5117
2021,East Riding of Yorkshire 025,E02002708,5796,1271,581,690,4525,385,4140
2021,East Riding of Yorkshire 026,E02002709,8325,1627,616,1011,6698,638,6060
2021,East Riding of Yorkshire 027,E02002710,7194,1182,486,696,6012,535,5477
2021,East Riding of Yorkshire 028,E02002711,7874,1191,463,728,6683,588,6095
2021,East Riding of Yorkshire 029,E02002712,7346,1531,695,836,5815,566,5249
2021,East Riding of Yorkshire 031,E02002714,7873,1546,612,934,6327,593,5734
2021,East Riding of Yorkshire 032,E02002715,13521,1778,639,1139,11743,1097,10646
2021,East Riding of Yorkshire 033,E02002716,8434,1496,629,867,6938,627,6311
2021,East Riding of Yorkshire 034,E02002717,7949,1428,599,829,6521,582,5939
2021,East Riding of Yorkshire 035,E02002718,8077,1132,428,704,6945,671,6274
2021,East Riding of Yorkshire 036,E02002719,6765,1161,534,627,5604,528,5076
2021,East Riding of Yorkshire 037,E02002720,7582,1153,460,693,6429,556,5873
2021,East Riding of Yorkshire 038,E02002721,6654,1214,540,674,5440,488,4952
2021,East Riding of Yorkshire 039,E02002722,8459,2190,1096,1094,6269,553,5716
2021,East Riding of Yorkshire 040,E02002723,8485,1377,596,781,7108,523,6585
2021,East Riding of Yorkshire 041,E02002724,9592,1757,751,1006,7835,600,7235
2021,East Riding of Yorkshire 042,E02002725,6887,1249,495,754,5638,539,5099
2021,North East Lincolnshire 001,E02002726,10360,2213,1027,1186,8147,696,7451
2021,North East Lincolnshire 002,E02002727,5034,1553,796,757,3481,246,3235
2021,North East Lincolnshire 003,E02002728,7543,1731,776,955,5812,387,5425
2021,North East Lincolnshire 004,E02002729,5601,1156,522,634,4445,402,4043
2021,North East Lincolnshire 005,E02002730,7149,1569,718,851,5580,406,5174
2021,North East Lincolnshire 006,E02002731,5635,1186,546,640,4449,271,4178
2021,North East Lincolnshire 007,E02002732,7957,1329,582,747,6628,576,6052
2021,North East Lincolnshire 008,E02002733,5757,1161,510,651,4596,372,4224
2021,North East Lincolnshire 009,E02002734,5533,1048,471,577,4485,374,4111
2021,North East Lincolnshire 011,E02002736,5607,1194,544,650,4413,342,4071
2021,North East Lincolnshire 012,E02002737,7069,1316,618,698,5753,453,5300
2021,North East Lincolnshire 013,E02002738,6893,1188,507,681,5705,508,5197
2021,North East Lincolnshire 014,E02002739,5758,1225,561,664,4533,385,4148
2021,North East Lincolnshire 015,E02002740,5452,1262,596,666,4190,321,3869
2021,North East Lincolnshire 016,E02002741,8925,1628,673,955,7297,644,6653
2021,North East Lincolnshire 018,E02002743,5408,1459,723,736,3949,347,3602
2021,North East Lincolnshire 019,E02002744,6977,1788,901,887,5189,362,4827
2021,North East Lincolnshire 020,E02002745,7162,1365,592,773,5797,535,5262
2021,North East Lincolnshire 021,E02002746,9830,1709,682,1027,8121,712,7409
2021,North East Lincolnshire 022,E02002747,9206,1505,597,908,7701,636,7065
2021,North East Lincolnshire 023,E02002748,7968,1483,671,812,6485,586,5899
2021,North Lincolnshire 001,E02002749,11921,2314,923,1391,9607,906,8701
2021,North Lincolnshire 002,E02002750,6363,1216,515,701,5147,471,4676
2021,North Lincolnshire 003,E02002751,6353,1303,571,732,5050,453,4597
2021,North Lincolnshire 004,E02002752,7104,1379,570,809,5725,506,5219
2021,North Lincolnshire 005,E02002753,8478,1891,863,1028,6587,603,5984
2021,North Lincolnshire 006,E02002754,8252,1647,738,909,6605,590,6015
2021,North Lincolnshire 007,E02002755,7494,1342,669,673,6152,355,5797
2021,North Lincolnshire 008,E02002756,8992,1555,731,824,7437,337,7100
2021,North Lincolnshire 009,E02002757,6290,997,420,577,5293,405,4888
2021,North Lincolnshire 010,E02002758,6437,1265,552,713,5172,400,4772
2021,North Lincolnshire 011,E02002759,9586,2008,819,1189,7578,730,6848
2021,North Lincolnshire 012,E02002760,5790,1239,551,688,4551,397,4154
2021,North Lincolnshire 013,E02002761,6439,1202,513,689,5237,470,4767
2021,North Lincolnshire 014,E02002762,6398,1484,694,790,4914,439,4475
2021,North Lincolnshire 015,E02002763,8825,1927,922,1005,6898,521,6377
2021,North Lincolnshire 016,E02002764,5997,1321,580,741,4676,360,4316
2021,North Lincolnshire 017,E02002765,6149,1414,642,772,4735,412,4323
2021,North Lincolnshire 018,E02002766,8955,1645,668,977,7310,639,6671
2021,North Lincolnshire 019,E02002767,6621,1211,510,701,5410,444,4966
2021,North Lincolnshire 020,E02002768,7493,1303,514,789,6190,543,5647
2021,North Lincolnshire 021,E02002769,5634,1003,397,606,4631,421,4210
2021,North Lincolnshire 022,E02002770,7038,1377,605,772,5661,550,5111
2021,North Lincolnshire 023,E02002771,7071,1295,544,751,5776,541,5235
2021,York 001,E02002772,6946,985,335,650,5961,593,5368
2021,York 002,E02002773,5693,1060,396,664,4633,493,4140
2021,York 003,E02002774,6083,1057,392,665,5026,521,4505
2021,York 004,E02002775,5763,1336,581,755,4427,439,3988
2021,York 005,E02002776,6659,1067,365,702,5592,554,5038
2021,York 006,E02002777,8961,1266,410,856,7695,735,6960
2021,York 007,E02002778,7874,1280,433,847,6594,702,5892
2021,York 008,E02002779,9566,1695,567,1128,7871,905,6966
2021,York 009,E02002780,8082,1565,610,955,6517,646,5871
2021,York 010,E02002781,10108,1795,588,1207,8313,887,7426
2021,York 011,E02002782,6442,1087,353,734,5355,582,4773
2021,York 012,E02002783,10290,1679,665,1014,8611,845,7766
2021,York 013,E02002784,11346,2166,712,1454,9180,982,8198
2021,York 014,E02002785,8108,1352,430,922,6756,725,6031
2021,York 015,E02002786,10185,1808,548,1260,8377,834,7543
2021,York 016,E02002787,8931,1573,558,1015,7358,771,6587
2021,York 017,E02002788,8302,1223,368,855,7079,838,6241
2021,York 018,E02002789,9279,1796,729,1067,7483,679,6804
2021,York 019,E02002790,11774,1962,682,1280,9812,991,8821
2021,York 020,E02002791,6578,1050,371,679,5528,603,4925
2021,York 021,E02002792,7761,1086,341,745,6675,726,5949
2021,York 022,E02002793,9269,1615,611,1004,7654,770,6884
2021,York 023,E02002794,10540,1814,470,1344,8726,915,7811
2021,York 024,E02002795,8281,1278,423,855,7003,797,6206
2021,Derby 001,E02002796,6182,1059,405,654,5123,476,4647
2021,Derby 002,E02002797,7361,1362,522,840,5999,547,5452
2021,Derby 003,E02002798,10399,1527,514,1013,8872,867,8005
2021,Derby 004,E02002799,6320,1180,531,649,5140,382,4758
2021,Derby 005,E02002800,7013,1300,558,742,5713,554,5159
2021,Derby 006,E02002801,7421,1578,662,916,5843,532,5311
2021,Derby 007,E02002802,7966,1917,912,1005,6049,466,5583
2021,Derby 008,E02002803,8244,1798,735,1063,6446,632,5814
2021,Derby 009,E02002804,9099,1883,877,1006,7216,556,6660
2021,Derby 010,E02002805,5597,1073,391,682,4524,476,4048
2021,Derby 011,E02002806,6401,1292,489,803,5109,458,4651
2021,Derby 012,E02002807,9035,1842,802,1040,7193,556,6637
2021,Derby 013,E02002808,12267,2426,937,1489,9841,794,9047
2021,Derby 014,E02002809,7051,1543,733,810,5508,464,5044
2021,Derby 015,E02002810,9163,1500,604,896,7663,739,6924
2021,Derby 016,E02002811,10930,1829,926,903,9101,400,8701
2021,Derby 017,E02002812,7818,1445,704,741,6373,532,5841
2021,Derby 018,E02002813,11564,1926,986,940,9638,372,9266
2021,Derby 019,E02002814,7182,1369,557,812,5813,586,5227
2021,Derby 020,E02002815,8955,1219,575,644,7736,279,7457
2021,Derby 021,E02002816,9418,1262,524,738,8156,650,7506
2021,Derby 022,E02002817,6311,1126,491,635,5185,358,4827
2021,Derby 023,E02002818,8533,1522,756,766,7011,333,6678
2021,Derby 024,E02002819,7562,1657,700,957,5905,534,5371
2021,Derby 025,E02002820,9941,1982,845,1137,7959,586,7373
2021,Derby 026,E02002821,12441,2483,1195,1288,9958,517,9441
2021,Derby 027,E02002822,6940,1294,574,720,5646,381,5265
2021,Derby 028,E02002823,7677,1812,876,936,5865,446,5419
2021,Derby 029,E02002824,10805,2025,939,1086,8780,458,8322
2021,Derby 030,E02002825,8675,1693,747,946,6982,556,6426
2021,Derby 031,E02002826,7093,1116,433,683,5977,540,5437
2021,Leicester 001,E02002827,6892,1182,522,660,5710,388,5322
2021,Leicester 002,E02002828,8228,1297,591,706,6931,388,6543
2021,Leicester 003,E02002829,11778,2380,1216,1164,9398,505,8893
2021,Leicester 004,E02002830,11023,1769,827,942,9254,474,8780
2021,Leicester 005,E02002831,7238,1155,569,586,6083,237,5846
2021,Leicester 006,E02002832,10317,1529,791,738,8788,313,8475
2021,Leicester 007,E02002833,8999,1131,522,609,7868,274,7594
2021,Leicester 008,E02002834,11929,1600,654,946,10329,583,9746
2021,Leicester 010,E02002836,11228,1371,673,698,9857,285,9572
2021,Leicester 011,E02002837,9981,1286,624,662,8695,314,8381
2021,Leicester 012,E02002838,8619,1690,799,891,6929,377,6552
2021,Leicester 013,E02002839,8516,1350,626,724,7166,422,6744
2021,Leicester 016,E02002842,8750,1175,438,737,7575,373,7202
2021,Leicester 017,E02002843,15833,1581,752,829,14252,366,13886
2021,Leicester 018,E02002844,12360,1606,830,776,10754,340,10414
2021,Leicester 019,E02002845,11178,1799,922,877,9379,363,9016
2021,Leicester 020,E02002846,7557,1187,503,684,6370,552,5818
2021,Leicester 021,E02002847,10606,1211,600,611,9395,289,9106
2021,Leicester 022,E02002848,11123,1534,759,775,9589,323,9266
2021,Leicester 023,E02002849,13815,2007,771,1236,11808,836,10972
2021,Leicester 025,E02002851,8717,1301,587,714,7416,387,7029
2021,Leicester 026,E02002852,7387,1532,759,773,5855,335,5520
2021,Leicester 027,E02002853,13443,1691,730,961,11752,544,11208
2021,Leicester 028,E02002854,8456,1738,816,922,6718,420,6298
2021,Leicester 029,E02002855,8146,1077,391,686,7069,423,6646
2021,Leicester 030,E02002856,11333,1852,681,1171,9481,966,8515
2021,Leicester 031,E02002857,7254,1281,500,781,5973,501,5472
2021,Leicester 032,E02002858,7324,1080,430,650,6244,617,5627
2021,Leicester 034,E02002860,8344,1652,717,935,6692,565,6127
2021,Leicester 035,E02002861,8276,1884,958,926,6392,394,5998
2021,Leicester 036,E02002862,8651,1983,937,1046,6668,459,6209
2021,Rutland 001,E02002863,8950,1391,445,946,7559,726,6833
2021,Rutland 002,E02002864,8282,1339,516,823,6943,703,6240
2021,Rutland 003,E02002865,7868,1349,466,883,6519,675,5844
2021,Rutland 004,E02002866,7480,1148,359,789,6332,695,5637
2021,Rutland 005,E02002867,8471,1297,450,847,7174,723,6451
2021,Nottingham 001,E02002868,6016,1261,549,712,4755,355,4400
2021,Nottingham 002,E02002869,7523,1825,885,940,5698,395,5303
2021,Nottingham 004,E02002871,7981,1701,777,924,6280,520,5760
2021,Nottingham 005,E02002872,8695,1968,958,1010,6727,473,6254
2021,Nottingham 006,E02002873,9433,1868,876,992,7565,443,7122
2021,Nottingham 007,E02002874,8058,1708,739,969,6350,521,5829
2021,Nottingham 008,E02002875,8435,1765,784,981,6670,466,6204
2021,Nottingham 009,E02002876,7932,1610,762,848,6322,453,5869
2021,Nottingham 010,E02002877,7714,1510,602,908,6204,597,5607
2021,Nottingham 011,E02002878,9282,1818,857,961,7464,401,7063
2021,Nottingham 012,E02002879,10013,1620,638,982,8393,603,7790
2021,Nottingham 013,E02002880,8744,1575,751,824,7169,379,6790
2021,Nottingham 014,E02002881,6865,1500,730,770,5365,330,5035
2021,Nottingham 015,E02002882,8745,1584,592,992,7161,658,6503
2021,Nottingham 016,E02002883,7705,1508,717,791,6197,462,5735
2021,Nottingham 017,E02002884,7430,1317,586,731,6113,315,5798
2021,Nottingham 018,E02002885,8641,1292,616,676,7349,274,7075
2021,Nottingham 019,E02002886,10278,1637,793,844,8641,433,8208
2021,Nottingham 020,E02002887,6687,1922,1147,775,4765,314,4451
2021,Nottingham 021,E02002888,7859,1593,834,759,6266,316,5950
2021,Nottingham 022,E02002889,11302,1747,544,1203,9555,715,8840
2021,Nottingham 023,E02002890,11560,2019,840,1179,9541,648,8893
2021,Nottingham 024,E02002891,8459,1590,723,867,6869,440,6429
2021,Nottingham 025,E02002892,6186,1451,776,675,4735,324,4411
2021,Nottingham 026,E02002893,13952,2087,763,1324,11865,711,11154
2021,Nottingham 028,E02002895,9670,1136,328,808,8534,792,7742
2021,Nottingham 029,E02002896,10080,1801,827,974,8279,520,7759
2021,Nottingham 030,E02002897,7939,1286,501,785,6653,558,6095
2021,Nottingham 031,E02002898,10991,1504,394,1110,9487,859,8628
2021,Nottingham 034,E02002901,6129,1091,453,638,5038,439,4599
2021,Nottingham 035,E02002902,9389,1968,859,1109,7421,540,6881
2021,Nottingham 036,E02002903,5894,1418,654,764,4476,361,4115
2021,Nottingham 037,E02002904,6376,1372,666,706,5004,368,4636
2021,Herefordshire 001,E02002905,6263,1102,391,711,5161,491,4670
2021,Herefordshire 002,E02002906,5667,1236,533,703,4431,406,4025
2021,Herefordshire 003,E02002907,6287,1436,652,784,4851,449,4402
2021,Herefordshire 004,E02002908,8834,1573,541,1032,7261,739,6522
2021,Herefordshire 005,E02002909,10681,2175,847,1328,8506,828,7678
2021,Herefordshire 006,E02002910,7850,1531,639,892,6319,584,5735
2021,Herefordshire 007,E02002911,9588,1682,672,1010,7906,753,7153
2021,Herefordshire 008,E02002912,7582,1219,482,737,6363,569,5794
2021,Herefordshire 009,E02002913,5798,1086,418,668,4712,542,4170
2021,Herefordshire 010,E02002914,8936,1602,633,969,7334,686,6648
2021,Herefordshire 011,E02002915,7929,1394,585,809,6535,604,5931
2021,Herefordshire 012,E02002916,9766,1952,823,1129,7814,628,7186
2021,Herefordshire 013,E02002917,6854,1135,476,659,5719,473,5246
2021,Herefordshire 014,E02002918,5797,1009,386,623,4788,435,4353
2021,Herefordshire 015,E02002919,9081,1743,859,884,7338,603,6735
2021,Herefordshire 016,E02002920,6556,1118,422,696,5438,487,4951
2021,Herefordshire 017,E02002921,7862,1640,735,905,6222,429,5793
2021,Herefordshire 018,E02002922,6600,1120,452,668,5480,541,4939
2021,Herefordshire 019,E02002923,9439,1815,663,1152,7624,832,6792
2021,Herefordshire 020,E02002924,6060,1101,410,691,4959,465,4494
2021,Herefordshire 021,E02002925,10857,1900,759,1141,8957,845,8112
2021,Herefordshire 022,E02002926,10990,2169,863,1306,8821,857,7964
2021,Herefordshire 023,E02002927,11761,2092,759,1333,9669,995,8674
2021,Telford and Wrekin 001,E02002928,6063,1160,449,711,4903,538,4365
2021,Telford and Wrekin 002,E02002929,6665,1144,452,692,5521,507,5014
2021,Telford and Wrekin 003,E02002930,6994,1312,515,797,5682,532,5150
2021,Telford and Wrekin 004,E02002931,6565,1064,424,640,5501,473,5028
2021,Telford and Wrekin 005,E02002932,8958,1996,899,1097,6962,511,6451
2021,Telford and Wrekin 006,E02002933,8005,1598,678,920,6407,636,5771
2021,Telford and Wrekin 007,E02002934,6175,1122,478,644,5053,454,4599
2021,Telford and Wrekin 008,E02002935,6779,1420,641,779,5359,421,4938
2021,Telford and Wrekin 009,E02002936,11157,1803,818,985,9354,553,8801
2021,Telford and Wrekin 010,E02002937,10745,1988,812,1176,8757,826,7931
2021,Telford and Wrekin 011,E02002938,7322,1376,635,741,5946,391,5555
2021,Telford and Wrekin 012,E02002939,7569,1646,741,905,5923,524,5399
2021,Telford and Wrekin 013,E02002940,5855,1270,574,696,4585,456,4129
2021,Telford and Wrekin 014,E02002941,10465,2359,1101,1258,8106,716,7390
2021,Telford and Wrekin 015,E02002942,8045,1145,431,714,6900,524,6376
2021,Telford and Wrekin 017,E02002944,8336,2011,971,1040,6325,468,5857
2021,Telford and Wrekin 018,E02002945,9442,1862,830,1032,7580,507,7073
2021,Telford and Wrekin 019,E02002946,7580,1708,791,917,5872,538,5334
2021,Telford and Wrekin 020,E02002947,7129,1526,671,855,5603,384,5219
2021,Telford and Wrekin 021,E02002948,7597,1783,818,965,5814,362,5452
2021,Telford and Wrekin 022,E02002949,5322,1310,603,707,4012,385,3627
2021,Telford and Wrekin 023,E02002950,5853,1340,643,697,4513,355,4158
2021,Stoke-on-Trent 001,E02002951,7845,1691,816,875,6154,575,5579
2021,Stoke-on-Trent 002,E02002952,7555,1526,696,830,6029,457,5572
2021,Stoke-on-Trent 003,E02002953,7346,1819,912,907,5527,467,5060
2021,Stoke-on-Trent 004,E02002954,8311,1897,880,1017,6414,491,5923
2021,Stoke-on-Trent 005,E02002955,7455,1484,696,788,5971,301,5670
2021,Stoke-on-Trent 006,E02002956,9232,2023,981,1042,7209,562,6647
2021,Stoke-on-Trent 007,E02002957,9570,1815,746,1069,7755,662,7093
2021,Stoke-on-Trent 008,E02002958,8463,1716,801,915,6747,531,6216
2021,Stoke-on-Trent 009,E02002959,9042,1991,983,1008,7051,451,6600
2021,Stoke-on-Trent 010,E02002960,5723,1045,446,599,4678,394,4284
2021,Stoke-on-Trent 011,E02002961,7297,1362,643,719,5935,359,5576
2021,Stoke-on-Trent 012,E02002962,7877,2041,996,1045,5836,446,5390
2021,Stoke-on-Trent 013,E02002963,7091,1562,709,853,5529,419,5110
2021,Stoke-on-Trent 014,E02002964,8647,2034,955,1079,6613,567,6046
2021,Stoke-on-Trent 015,E02002965,8343,1470,721,749,6873,348,6525
2021,Stoke-on-Trent 016,E02002966,10329,1864,702,1162,8465,577,7888
2021,Stoke-on-Trent 017,E02002967,10449,2615,1301,1314,7834,491,7343
2021,Stoke-on-Trent 018,E02002968,9494,1685,680,1005,7809,673,7136
2021,Stoke-on-Trent 019,E02002969,9443,1896,811,1085,7547,653,6894
2021,Stoke-on-Trent 020,E02002970,7954,1859,842,1017,6095,529,5566
2021,Stoke-on-Trent 023,E02002973,8113,1661,705,956,6452,598,5854
2021,Stoke-on-Trent 024,E02002974,6145,1404,657,747,4741,386,4355
2021,Stoke-on-Trent 025,E02002975,7147,1260,546,714,5887,506,5381
2021,Stoke-on-Trent 026,E02002976,5970,1295,568,727,4675,382,4293
2021,Stoke-on-Trent 027,E02002977,5566,1497,778,719,4069,345,3724
2021,Stoke-on-Trent 028,E02002978,6775,1629,790,839,5146,357,4789
2021,Stoke-on-Trent 029,E02002979,6118,1073,503,570,5045,241,4804
2021,Stoke-on-Trent 030,E02002980,6007,1216,539,677,4791,477,4314
2021,Stoke-on-Trent 031,E02002981,8594,1695,768,927,6899,495,6404
2021,Stoke-on-Trent 032,E02002982,8703,1980,958,1022,6723,544,6179
2021,Stoke-on-Trent 033,E02002983,5313,989,386,603,4324,400,3924
2021,Stoke-on-Trent 034,E02002984,5470,937,409,528,4533,484,4049
2021,Bath and North East Somerset 001,E02002985,6789,1259,520,739,5530,532,4998
2021,Bath and North East Somerset 002,E02002986,7034,1334,558,776,5700,534,5166
2021,Bath and North East Somerset 003,E02002987,5771,906,324,582,4865,472,4393
2021,Bath and North East Somerset 004,E02002988,5573,900,343,557,4673,478,4195
2021,Bath and North East Somerset 005,E02002989,5548,946,362,584,4602,438,4164
2021,Bath and North East Somerset 006,E02002990,5857,873,257,616,4984,471,4513
2021,Bath and North East Somerset 007,E02002991,10998,1704,594,1110,9294,832,8462
2021,Bath and North East Somerset 008,E02002992,5731,856,292,564,4875,487,4388
2021,Bath and North East Somerset 009,E02002993,6031,1016,335,681,5015,496,4519
2021,Bath and North East Somerset 010,E02002994,10557,1499,522,977,9058,886,8172
2021,Bath and North East Somerset 011,E02002995,5789,1375,644,731,4414,369,4045
2021,Bath and North East Somerset 012,E02002996,11773,1495,417,1078,10278,874,9404
2021,Bath and North East Somerset 013,E02002997,8330,1257,382,875,7073,690,6383
2021,Bath and North East Somerset 014,E02002998,5980,1042,403,639,4938,485,4453
2021,Bath and North East Somerset 015,E02002999,5642,1050,424,626,4592,422,4170
2021,Bath and North East Somerset 016,E02003000,9572,1596,599,997,7976,813,7163
2021,Bath and North East Somerset 017,E02003001,5543,785,273,512,4758,494,4264
2021,Bath and North East Somerset 018,E02003002,6328,1094,425,669,5234,527,4707
2021,Bath and North East Somerset 019,E02003003,5922,1052,413,639,4870,458,4412
2021,Bath and North East Somerset 020,E02003004,7384,1170,451,719,6214,543,5671
2021,Bath and North East Somerset 021,E02003005,6773,941,300,641,5832,554,5278
2021,Bath and North East Somerset 022,E02003006,10003,1731,618,1113,8272,799,7473
2021,Bath and North East Somerset 023,E02003007,9594,1532,606,926,8062,724,7338
2021,Bath and North East Somerset 024,E02003008,6149,1208,452,756,4941,469,4472
2021,Bath and North East Somerset 025,E02003009,6218,986,350,636,5232,472,4760
2021,Bath and North East Somerset 026,E02003010,6543,1094,423,671,5449,449,5000
2021,Bath and North East Somerset 027,E02003011,5980,1078,431,647,4902,458,4444
2021,Bristol 001,E02003012,12095,2432,1083,1349,9663,782,8881
2021,Bristol 002,E02003013,12669,2682,1270,1412,9987,704,9283
2021,Bristol 003,E02003014,8507,1812,829,983,6695,450,6245
2021,Bristol 004,E02003015,6865,1207,513,694,5658,506,5152
2021,Bristol 005,E02003016,8046,1537,676,861,6509,507,6002
2021,Bristol 006,E02003017,6310,1107,506,601,5203,533,4670
2021,Bristol 007,E02003018,6221,1179,519,660,5042,442,4600
2021,Bristol 008,E02003019,10250,2014,905,1109,8236,688,7548
2021,Bristol 009,E02003020,6480,1047,457,590,5433,522,4911
2021,Bristol 010,E02003021,7491,1100,334,766,6391,596,5795
2021,Bristol 011,E02003022,6245,829,272,557,5416,591,4825
2021,Bristol 012,E02003023,6678,1362,614,748,5316,457,4859
2021,Bristol 013,E02003024,10012,2020,915,1105,7992,682,7310
2021,Bristol 014,E02003025,7721,1518,705,813,6203,474,5729
2021,Bristol 015,E02003026,10254,1474,496,978,8780,825,7955
2021,Bristol 016,E02003027,13216,1660,436,1224,11556,1145,10411
2021,Bristol 017,E02003028,8769,1167,397,770,7602,771,6831
2021,Bristol 018,E02003029,6690,1294,608,686,5396,405,4991
2021,Bristol 019,E02003030,7930,1281,487,794,6649,548,6101
2021,Bristol 020,E02003031,10477,1383,341,1042,9094,890,8204
2021,Bristol 021,E02003032,8446,1341,540,801,7105,537,6568
2021,Bristol 022,E02003033,8785,1175,270,905,7610,813,6797
2021,Bristol 025,E02003036,8681,1272,365,907,7409,678,6731
2021,Bristol 026,E02003037,9140,1120,242,878,8020,788,7232
2021,Bristol 027,E02003038,6940,1178,497,681,5762,497,5265
2021,Bristol 028,E02003039,8798,1656,726,930,7142,625,6517
2021,Bristol 029,E02003040,9861,1773,700,1073,8088,752,7336
2021,Bristol 030,E02003041,6212,813,192,621,5399,469,4930
2021,Bristol 033,E02003044,6135,942,339,603,5193,423,4770
2021,Bristol 034,E02003045,6924,1031,259,772,5893,596,5297
2021,Bristol 035,E02003046,9994,1640,665,975,8354,768,7586
2021,Bristol 036,E02003047,11125,1596,578,1018,9529,873,8656
2021,Bristol 037,E02003048,6831,1021,352,669,5810,535,5275
2021,Bristol 038,E02003049,7923,1403,581,822,6520,556,5964
2021,Bristol 039,E02003050,10185,1890,760,1130,8295,800,7495
2021,Bristol 040,E02003051,7587,1153,412,741,6434,580,5854
2021,Bristol 041,E02003052,7223,1130,438,692,6093,559,5534
2021,Bristol 042,E02003053,8639,1504,581,923,7135,662,6473
2021,Bristol 043,E02003054,6904,1163,501,662,5741,490,5251
2021,Bristol 044,E02003055,9130,1834,837,997,7296,473,6823
2021,Bristol 045,E02003056,7691,1863,912,951,5828,414,5414
2021,Bristol 046,E02003057,6220,1120,457,663,5100,388,4712
2021,Bristol 047,E02003058,9861,2024,942,1082,7837,614,7223
2021,Bristol 048,E02003059,6734,1234,503,731,5500,439,5061
2021,Bristol 049,E02003060,11085,2269,1057,1212,8816,798,8018
2021,Bristol 050,E02003061,6266,1364,646,718,4902,357,4545
2021,Bristol 051,E02003062,5966,1443,742,701,4523,317,4206
2021,Bristol 052,E02003063,7280,1208,533,675,6072,489,5583
2021,Bristol 053,E02003064,7409,1742,877,865,5667,324,5343
2021,North Somerset 001,E02003065,9782,1618,580,1038,8164,796,7368
2021,North Somerset 002,E02003066,6141,890,322,568,5251,537,4714
2021,North Somerset 003,E02003067,8183,1230,475,755,6953,629,6324
2021,North Somerset 004,E02003068,6388,1041,405,636,5347,512,4835
2021,North Somerset 005,E02003069,5678,1018,446,572,4660,521,4139
2021,North Somerset 006,E02003070,13360,1889,663,1226,11471,1020,10451
2021,North Somerset 007,E02003071,8032,1727,711,1016,6305,692,5613
2021,North Somerset 008,E02003072,9249,1866,728,1138,7383,846,6537
2021,North Somerset 009,E02003073,6290,935,300,635,5355,579,4776
2021,North Somerset 010,E02003074,7693,1279,442,837,6414,703,5711
2021,North Somerset 011,E02003075,6195,871,330,541,5324,526,4798
2021,North Somerset 012,E02003076,9845,1732,649,1083,8113,840,7273
2021,North Somerset 013,E02003077,6329,828,282,546,5501,457,5044
2021,North Somerset 014,E02003078,7362,1382,551,831,5980,664,5316
2021,North Somerset 015,E02003079,9287,1562,547,1015,7725,731,6994
2021,North Somerset 016,E02003080,8660,2072,907,1165,6588,696,5892
2021,North Somerset 017,E02003081,9391,1863,701,1162,7528,764,6764
2021,North Somerset 018,E02003082,9038,2183,959,1224,6855,741,6114
2021,North Somerset 020,E02003084,10670,2788,1345,1443,7882,662,7220
2021,North Somerset 021,E02003085,7866,2096,983,1113,5770,524,5246
2021,North Somerset 022,E02003086,6127,1598,825,773,4529,449,4080
2021,North Somerset 023,E02003087,10810,2164,880,1284,8646,890,7756
2021,North Somerset 024,E02003088,9045,1559,636,923,7486,760,6726
2021,North Somerset 025,E02003089,5961,1299,563,736,4662,446,4216
2021,South Gloucestershire 001,E02003090,9440,1710,648,1062,7730,779,6951
2021,South Gloucestershire 002,E02003091,6720,1235,458,777,5485,591,4894
2021,South Gloucestershire 003,E02003092,8756,1405,492,913,7351,730,6621
2021,South Gloucestershire 004,E02003093,6678,1091,367,724,5587,558,5029
2021,South Gloucestershire 005,E02003094,8899,1444,575,869,7455,670,6785
2021,South Gloucestershire 006,E02003095,8612,1301,498,803,7311,683,6628
2021,South Gloucestershire 007,E02003096,6302,1182,487,695,5120,472,4648
2021,South Gloucestershire 008,E02003097,6502,1202,479,723,5300,541,4759
2021,South Gloucestershire 009,E02003098,10030,1149,351,798,8881,747,8134
2021,South Gloucestershire 010,E02003099,7629,1463,600,863,6166,560,5606
2021,South Gloucestershire 012,E02003101,10659,1358,443,915,9301,814,8487
2021,South Gloucestershire 013,E02003102,7163,1086,417,669,6077,519,5558
2021,South Gloucestershire 014,E02003103,7183,1165,405,760,6018,538,5480
2021,South Gloucestershire 015,E02003104,7530,1235,439,796,6295,675,5620
2021,South Gloucestershire 016,E02003105,6406,1128,476,652,5278,468,4810
2021,South Gloucestershire 018,E02003107,11296,1993,717,1276,9303,871,8432
2021,South Gloucestershire 019,E02003108,12709,2081,798,1283,10628,933,9695
2021,South Gloucestershire 020,E02003109,6219,874,328,546,5345,505,4840
2021,South Gloucestershire 021,E02003110,12403,1486,450,1036,10917,914,10003
2021,South Gloucestershire 022,E02003111,6678,1150,461,689,5528,522,5006
2021,South Gloucestershire 023,E02003112,6541,1301,531,770,5240,407,4833
2021,South Gloucestershire 024,E02003113,10478,1577,560,1017,8901,835,8066
2021,South Gloucestershire 025,E02003114,7245,1303,520,783,5942,551,5391
2021,South Gloucestershire 026,E02003115,9713,1829,811,1018,7884,671,7213
2021,South Gloucestershire 027,E02003116,7767,1666,737,929,6101,496,5605
2021,South Gloucestershire 028,E02003117,9414,1685,718,967,7729,749,6980
2021,South Gloucestershire 029,E02003118,9901,1458,544,914,8443,734,7709
2021,South Gloucestershire 030,E02003119,10345,1794,753,1041,8551,722,7829
2021,South Gloucestershire 031,E02003120,9201,1527,620,907,7674,691,6983
2021,South Gloucestershire 032,E02003121,10118,1638,602,1036,8480,869,7611
2021,Plymouth 001,E02003122,7305,1464,630,834,5841,587,5254
2021,Plymouth 002,E02003123,8727,2016,894,1122,6711,615,6096
2021,Plymouth 003,E02003124,8301,1913,883,1030,6388,635,5753
2021,Plymouth 004,E02003125,6029,1644,810,834,4385,445,3940
2021,Plymouth 005,E02003126,8417,1713,748,965,6704,637,6067
2021,Plymouth 006,E02003127,7533,1919,890,1029,5614,487,5127
2021,Plymouth 007,E02003128,9179,2327,1139,1188,6852,648,6204
2021,Plymouth 008,E02003129,6411,1280,545,735,5131,506,4625
2021,Plymouth 009,E02003130,10530,2591,1226,1365,7939,734,7205
2021,Plymouth 010,E02003131,7287,1620,710,910,5667,533,5134
2021,Plymouth 011,E02003132,8870,1806,771,1035,7064,621,6443
2021,Plymouth 012,E02003133,7127,1470,633,837,5657,560,5097
2021,Plymouth 013,E02003134,6937,1640,765,875,5297,402,4895
2021,Plymouth 014,E02003135,7076,1663,780,883,5413,445,4968
2021,Plymouth 015,E02003136,7730,1636,727,909,6094,636,5458
2021,Plymouth 016,E02003137,7868,1450,638,812,6418,654,5764
2021,Plymouth 017,E02003138,7544,1116,397,719,6428,677,5751
2021,Plymouth 018,E02003139,6692,991,333,658,5701,534,5167
2021,Plymouth 019,E02003140,7813,1404,574,830,6409,670,5739
2021,Plymouth 020,E02003141,7959,1901,876,1025,6058,638,5420
2021,Plymouth 021,E02003142,9206,2174,1016,1158,7032,661,6371
2021,Plymouth 022,E02003143,7324,1425,598,827,5899,506,5393
2021,Plymouth 023,E02003144,8492,1834,651,1183,6658,713,5945
2021,Plymouth 024,E02003145,6675,1473,612,861,5202,568,4634
2021,Plymouth 025,E02003146,8603,1680,623,1057,6923,687,6236
2021,Plymouth 026,E02003147,9182,2211,1082,1129,6971,537,6434
2021,Plymouth 027,E02003148,11315,2434,936,1498,8881,873,8008
2021,Plymouth 028,E02003149,9331,2111,864,1247,7220,696,6524
2021,Plymouth 030,E02003151,8365,1723,772,951,6642,641,6001
2021,Plymouth 031,E02003152,11334,2144,866,1278,9190,860,8330
2021,Plymouth 032,E02003153,7440,1441,591,850,5999,589,5410
2021,Torbay 001,E02003154,7278,1868,886,982,5410,464,4946
2021,Torbay 002,E02003155,5880,1538,744,794,4342,447,3895
2021,Torbay 003,E02003156,10631,2067,934,1133,8564,775,7789
2021,Torbay 004,E02003157,6846,1650,780,870,5196,467,4729
2021,Torbay 005,E02003158,5758,1399,676,723,4359,393,3966
2021,Torbay 006,E02003159,6025,1298,571,727,4727,361,4366
2021,Torbay 008,E02003161,7758,2149,973,1176,5609,521,5088
2021,Torbay 010,E02003163,8122,2205,1105,1100,5917,608,5309
2021,Torbay 011,E02003164,9028,1924,901,1023,7104,654,6450
2021,Torbay 012,E02003165,7322,1619,719,900,5703,572,5131
2021,Torbay 013,E02003166,12958,2987,1339,1648,9971,879,9092
2021,Torbay 014,E02003167,9851,2997,1454,1543,6854,661,6193
2021,Torbay 015,E02003168,7151,1600,735,865,5551,569,4982
2021,Torbay 016,E02003169,6604,1506,643,863,5098,502,4596
2021,Torbay 017,E02003170,9473,2349,1040,1309,7124,758,6366
2021,Torbay 018,E02003171,7359,1808,838,970,5551,529,5022
2021,"Bournemouth, Christchurch and Poole 003",E02003172,6496,1495,723,772,5001,451,4550
2021,"Bournemouth, Christchurch and Poole 005",E02003173,6838,1606,775,831,5232,492,4740
2021,"Bournemouth, Christchurch and Poole 006",E02003174,8328,1633,685,948,6695,670,6025
2021,"Bournemouth, Christchurch and Poole 007",E02003175,9431,1623,689,934,7808,681,7127
2021,"Bournemouth, Christchurch and Poole 010",E02003176,7494,1962,962,1000,5532,463,5069
2021,"Bournemouth, Christchurch and Poole 009",E02003177,8453,1186,472,714,7267,682,6585
2021,"Bournemouth, Christchurch and Poole 011",E02003178,8757,1794,781,1013,6963,623,6340
2021,"Bournemouth, Christchurch and Poole 012",E02003179,6451,1489,739,750,4962,457,4505
2021,"Bournemouth, Christchurch and Poole 015",E02003180,10118,1602,571,1031,8516,701,7815
2021,"Bournemouth, Christchurch and Poole 017",E02003181,8839,1303,491,812,7536,644,6892
2021,"Bournemouth, Christchurch and Poole 020",E02003182,6575,933,327,606,5642,482,5160
2021,"Bournemouth, Christchurch and Poole 028",E02003183,7347,1125,425,700,6222,548,5674
2021,"Bournemouth, Christchurch and Poole 027",E02003184,8098,1226,453,773,6872,548,6324
2021,"Bournemouth, Christchurch and Poole 026",E02003185,7598,1340,547,793,6258,551,5707
2021,"Bournemouth, Christchurch and Poole 025",E02003186,9437,1618,648,970,7819,605,7214
2021,"Bournemouth, Christchurch and Poole 035",E02003187,9518,1738,727,1011,7780,654,7126
2021,"Bournemouth, Christchurch and Poole 038",E02003188,13199,2202,806,1396,10997,869,10128
2021,"Bournemouth, Christchurch and Poole 036",E02003189,8501,1683,739,944,6818,656,6162
2021,"Bournemouth, Christchurch and Poole 037",E02003190,10376,2226,1082,1144,8150,650,7500
2021,"Bournemouth, Christchurch and Poole 039",E02003191,8370,1467,577,890,6903,698,6205
2021,"Bournemouth, Christchurch and Poole 041",E02003192,13184,2350,909,1441,10834,842,9992
2021,"Bournemouth, Christchurch and Poole 001",E02003194,6332,999,336,663,5333,586,4747
2021,"Bournemouth, Christchurch and Poole 008",E02003195,5924,1054,474,580,4870,461,4409
2021,"Bournemouth, Christchurch and Poole 004",E02003196,10289,1680,590,1090,8609,884,7725
2021,"Bournemouth, Christchurch and Poole 013",E02003197,6837,1260,516,744,5577,565,5012
2021,"Bournemouth, Christchurch and Poole 016",E02003198,7552,1336,484,852,6216,554,5662
2021,"Bournemouth, Christchurch and Poole 021",E02003199,9471,1895,760,1135,7576,741,6835
2021,"Bournemouth, Christchurch and Poole 022",E02003200,10404,2240,982,1258,8164,751,7413
2021,"Bournemouth, Christchurch and Poole 023",E02003201,11161,2137,911,1226,9024,813,8211
2021,"Bournemouth, Christchurch and Poole 029",E02003202,6116,1121,407,714,4995,474,4521
2021,"Bournemouth, Christchurch and Poole 032",E02003203,7603,1239,448,791,6364,622,5742
2021,"Bournemouth, Christchurch and Poole 030",E02003204,9291,1845,804,1041,7446,669,6777
2021,"Bournemouth, Christchurch and Poole 034",E02003205,8459,1424,550,874,7035,657,6378
2021,"Bournemouth, Christchurch and Poole 043",E02003206,10044,1428,534,894,8616,796,7820
2021,"Bournemouth, Christchurch and Poole 042",E02003207,7433,1367,595,772,6066,505,5561
2021,"Bournemouth, Christchurch and Poole 044",E02003208,11428,2418,1066,1352,9010,850,8160
2021,"Bournemouth, Christchurch and Poole 046",E02003209,6782,1323,602,721,5459,515,4944
2021,"Bournemouth, Christchurch and Poole 047",E02003210,9807,1451,563,888,8356,750,7606
2021,"Bournemouth, Christchurch and Poole 048",E02003211,8540,1632,731,901,6908,702,6206
2021,Swindon 001,E02003212,8368,1445,534,911,6923,731,6192
2021,Swindon 003,E02003214,6859,1632,698,934,5227,419,4808
2021,Swindon 004,E02003215,6696,1200,516,684,5496,565,4931
2021,Swindon 005,E02003216,9926,1858,811,1047,8068,724,7344
2021,Swindon 006,E02003217,7386,1585,710,875,5801,490,5311
2021,Swindon 007,E02003218,6564,1465,674,791,5099,387,4712
2021,Swindon 008,E02003219,13043,1628,626,1002,11415,923,10492
2021,Swindon 009,E02003220,10269,1716,710,1006,8553,762,7791
2021,Swindon 010,E02003221,7295,1196,498,698,6099,422,5677
2021,Swindon 011,E02003222,6017,788,297,491,5229,503,4726
2021,Swindon 012,E02003223,10893,1531,552,979,9362,699,8663
2021,Swindon 013,E02003224,8530,1373,492,881,7157,677,6480
2021,Swindon 014,E02003225,6434,939,332,607,5495,469,5026
2021,Swindon 015,E02003226,10665,1086,424,662,9579,372,9207
2021,Swindon 016,E02003227,7011,1521,734,787,5490,355,5135
2021,Swindon 017,E02003228,7780,945,339,606,6835,450,6385
2021,Swindon 018,E02003229,5664,835,323,512,4829,443,4386
2021,Swindon 019,E02003230,8728,1216,422,794,7512,564,6948
2021,Swindon 020,E02003231,8547,1824,871,953,6723,475,6248
2021,Swindon 021,E02003232,8572,1137,436,701,7435,635,6800
2021,Swindon 022,E02003233,8738,1781,764,1017,6957,607,6350
2021,Swindon 023,E02003234,8462,1604,614,990,6858,651,6207
2021,Swindon 024,E02003235,9358,1384,513,871,7974,685,7289
2021,Swindon 025,E02003236,12791,2199,922,1277,10592,924,9668
2021,Peterborough 001,E02003237,6155,1050,371,679,5105,486,4619
2021,Peterborough 002,E02003238,5737,1063,430,633,4674,462,4212
2021,Peterborough 003,E02003239,8328,1401,507,894,6927,611,6316
2021,Peterborough 004,E02003240,6871,954,334,620,5917,524,5393
2021,Peterborough 005,E02003241,7184,1304,521,783,5880,557,5323
2021,Peterborough 006,E02003242,8446,1711,706,1005,6735,603,6132
2021,Peterborough 007,E02003243,12169,2290,1047,1243,9879,638,9241
2021,Peterborough 008,E02003244,10036,1882,858,1024,8154,453,7701
2021,Peterborough 009,E02003245,8244,1555,675,880,6689,448,6241
2021,Peterborough 010,E02003246,10032,1685,758,927,8347,334,8013
2021,Peterborough 011,E02003247,8849,1787,798,989,7062,542,6520
2021,Peterborough 012,E02003248,11574,1528,708,820,10046,413,9633
2021,Peterborough 013,E02003249,12822,1988,882,1106,10834,602,10232
2021,Peterborough 014,E02003250,12051,1586,738,848,10465,511,9954
2021,Peterborough 015,E02003251,7922,1378,584,794,6544,528,6016
2021,Peterborough 016,E02003252,12527,1618,690,928,10909,662,10247
2021,Peterborough 017,E02003253,10266,1653,708,945,8613,644,7969
2021,Peterborough 018,E02003254,9238,1496,578,918,7742,784,6958
2021,Peterborough 019,E02003255,13724,2126,887,1239,11598,834,10764
2021,Peterborough 021,E02003257,9619,1995,888,1107,7624,546,7078
2021,Luton 001,E02003258,8610,1137,455,682,7473,597,6876
2021,Luton 002,E02003259,6798,936,342,594,5862,378,5484
2021,Luton 003,E02003260,8948,1491,666,825,7457,421,7036
2021,Luton 004,E02003261,6442,1165,562,603,5277,391,4886
2021,Luton 005,E02003262,11189,1885,853,1032,9304,430,8874
2021,Luton 006,E02003263,12974,1889,911,978,11085,613,10472
2021,Luton 007,E02003264,9849,1212,507,705,8637,501,8136
2021,Luton 008,E02003265,8232,1219,499,720,7013,588,6425
2021,Luton 009,E02003266,10115,1750,838,912,8365,455,7910
2021,Luton 010,E02003267,14641,1641,797,844,13000,438,12562
2021,Luton 011,E02003268,12949,1574,753,821,11375,471,10904
2021,Luton 012,E02003269,10774,1500,637,863,9274,615,8659
2021,Luton 013,E02003270,8807,1190,535,655,7617,419,7198
2021,Luton 014,E02003271,10215,1313,481,832,8902,674,8228
2021,Luton 015,E02003272,11353,1284,667,617,10069,292,9777
2021,Luton 016,E02003273,12031,1765,780,985,10266,614,9652
2021,Luton 017,E02003274,11539,1449,687,762,10090,252,9838
2021,Luton 019,E02003276,9149,1026,450,576,8123,254,7869
2021,Luton 020,E02003277,11613,1812,885,927,9801,453,9348
2021,Luton 021,E02003278,13277,1655,703,952,11622,550,11072
2021,Southend-on-Sea 001,E02003279,9451,1597,642,955,7854,718,7136
2021,Southend-on-Sea 002,E02003280,10581,1977,830,1147,8604,702,7902
2021,Southend-on-Sea 003,E02003281,9442,1794,788,1006,7648,646,7002
2021,Southend-on-Sea 004,E02003282,10687,1881,801,1080,8806,712,8094
2021,Southend-on-Sea 005,E02003283,10994,2180,983,1197,8814,725,8089
2021,Southend-on-Sea 006,E02003284,11209,2145,881,1264,9064,743,8321
2021,Southend-on-Sea 007,E02003285,11284,1857,758,1099,9427,799,8628
2021,Southend-on-Sea 008,E02003286,9368,1098,373,725,8270,693,7577
2021,Southend-on-Sea 009,E02003287,10154,2083,948,1135,8071,692,7379
2021,Southend-on-Sea 010,E02003288,13008,2527,1161,1366,10481,823,9658
2021,Southend-on-Sea 011,E02003289,9889,1343,499,844,8546,779,7767
2021,Southend-on-Sea 012,E02003290,9928,1953,927,1026,7975,763,7212
2021,Southend-on-Sea 013,E02003291,11676,2408,1016,1392,9268,868,8400
2021,Southend-on-Sea 014,E02003292,12092,2551,1150,1401,9541,755,8786
2021,Southend-on-Sea 015,E02003293,11691,2367,949,1418,9324,803,8521
2021,Southend-on-Sea 016,E02003294,9116,1498,566,932,7618,749,6869
2021,Southend-on-Sea 017,E02003295,10119,1849,792,1057,8270,666,7604
2021,Thurrock 001,E02003296,7085,1027,377,650,6058,477,5581
2021,Thurrock 002,E02003297,7312,1318,551,767,5994,535,5459
2021,Thurrock 003,E02003298,7097,1320,561,759,5777,491,5286
2021,Thurrock 004,E02003299,6417,865,310,555,5552,410,5142
2021,Thurrock 005,E02003300,8946,1319,464,855,7627,626,7001
2021,Thurrock 006,E02003301,12030,1734,727,1007,10296,618,9678
2021,Thurrock 007,E02003302,10408,1772,818,954,8636,527,8109
2021,Thurrock 008,E02003303,9517,1449,644,805,8068,467,7601
2021,Thurrock 009,E02003304,9645,1812,827,985,7833,564,7269
2021,Thurrock 010,E02003305,7081,982,424,558,6099,399,5700
2021,Thurrock 012,E02003307,10622,2065,963,1102,8557,516,8041
2021,Thurrock 013,E02003308,7713,1051,396,655,6662,469,6193
2021,Thurrock 014,E02003309,7770,1124,463,661,6646,452,6194
2021,Thurrock 016,E02003311,9304,1245,568,677,8059,458,7601
2021,Thurrock 017,E02003312,9424,1065,422,643,8359,413,7946
2021,Thurrock 018,E02003313,14821,2387,1081,1306,12434,727,11707
2021,Medway 001,E02003314,6774,1391,616,775,5383,485,4898
2021,Medway 002,E02003315,5724,882,327,555,4842,431,4411
2021,Medway 003,E02003316,12142,1830,723,1107,10312,861,9451
2021,Medway 004,E02003317,7079,1220,553,667,5859,477,5382
2021,Medway 005,E02003318,5968,870,300,570,5098,425,4673
2021,Medway 006,E02003319,8240,1497,663,834,6743,546,6197
2021,Medway 007,E02003320,9402,1377,558,819,8025,618,7407
2021,Medway 008,E02003321,6492,1270,579,691,5222,402,4820
2021,Medway 009,E02003322,8035,1430,550,880,6605,498,6107
2021,Medway 010,E02003323,7385,1428,647,781,5957,533,5424
2021,Medway 011,E02003324,10077,1598,656,942,8479,609,7870
2021,Medway 012,E02003325,7357,1364,531,833,5993,403,5590
2021,Medway 013,E02003326,7769,1432,631,801,6337,496,5841
2021,Medway 014,E02003327,7458,1330,550,780,6128,574,5554
2021,Medway 015,E02003328,9919,1808,778,1030,8111,580,7531
2021,Medway 016,E02003329,6878,1097,430,667,5781,442,5339
2021,Medway 017,E02003330,6780,1153,456,697,5627,472,5155
2021,Medway 018,E02003331,8858,1945,898,1047,6913,604,6309
2021,Medway 019,E02003332,6283,1229,582,647,5054,428,4626
2021,Medway 020,E02003333,6804,1324,596,728,5480,344,5136
2021,Medway 021,E02003334,6218,1037,414,623,5181,399,4782
2021,Medway 022,E02003335,7430,1310,593,717,6120,396,5724
2021,Medway 023,E02003336,6354,1159,433,726,5195,454,4741
2021,Medway 024,E02003337,7419,1399,536,863,6020,525,5495
2021,Medway 025,E02003338,7300,1354,576,778,5946,526,5420
2021,Medway 026,E02003339,6443,1083,479,604,5360,471,4889
2021,Medway 027,E02003340,8090,1734,834,900,6356,529,5827
2021,Medway 028,E02003341,6602,1030,390,640,5572,507,5065
2021,Medway 029,E02003342,6422,1095,392,703,5327,482,4845
2021,Medway 030,E02003343,5973,902,324,578,5071,506,4565
2021,Medway 031,E02003344,6802,1271,547,724,5531,458,5073
2021,Medway 032,E02003345,6254,788,260,528,5466,549,4917
2021,Medway 033,E02003346,7087,1210,533,677,5877,494,5383
2021,Medway 034,E02003347,6097,848,303,545,5249,506,4743
2021,Medway 035,E02003348,8094,1138,417,721,6956,618,6338
2021,Medway 036,E02003349,7390,1259,497,762,6131,601,5530
2021,Medway 037,E02003350,6459,1200,484,716,5259,531,4728
2021,Medway 038,E02003351,7917,1285,532,753,6632,573,6059
2021,Bracknell Forest 001,E02003352,5774,762,278,484,5012,422,4590
2021,Bracknell Forest 002,E02003353,12093,1248,419,829,10845,875,9970
2021,Bracknell Forest 003,E02003354,10266,1141,381,760,9125,867,8258
2021,Bracknell Forest 004,E02003355,6957,1107,434,673,5850,492,5358
2021,Bracknell Forest 005,E02003356,7162,815,288,527,6347,548,5799
2021,Bracknell Forest 006,E02003357,10193,1486,595,891,8707,712,7995
2021,Bracknell Forest 007,E02003358,11871,1737,651,1086,10134,810,9324
2021,Bracknell Forest 008,E02003359,6323,866,304,562,5457,541,4916
2021,Bracknell Forest 009,E02003360,11623,1616,542,1074,10007,860,9147
2021,Bracknell Forest 010,E02003361,7439,1230,446,784,6209,580,5629
2021,Bracknell Forest 011,E02003362,6721,1043,379,664,5678,545,5133
2021,Bracknell Forest 012,E02003363,7096,958,332,626,6138,570,5568
2021,Bracknell Forest 013,E02003364,7015,918,303,615,6097,576,5521
2021,Bracknell Forest 014,E02003365,6939,951,319,632,5988,566,5422
2021,Bracknell Forest 015,E02003366,7132,823,269,554,6309,511,5798
2021,West Berkshire 001,E02003367,6534,1022,407,615,5512,524,4988
2021,West Berkshire 002,E02003368,5694,853,274,579,4841,465,4376
2021,West Berkshire 003,E02003369,6399,807,263,544,5592,566,5026
2021,West Berkshire 004,E02003370,6731,910,312,598,5821,610,5211
2021,West Berkshire 005,E02003371,5946,858,306,552,5088,493,4595
2021,West Berkshire 006,E02003372,7848,1142,378,764,6706,582,6124
2021,West Berkshire 007,E02003373,8655,1039,310,729,7616,677,6939
2021,West Berkshire 008,E02003374,5863,843,265,578,5020,442,4578
2021,West Berkshire 009,E02003375,6193,942,360,582,5251,573,4678
2021,West Berkshire 010,E02003376,5867,946,344,602,4921,504,4417
2021,West Berkshire 011,E02003377,10412,1400,455,945,9012,850,8162
2021,West Berkshire 012,E02003378,8009,1394,510,884,6615,648,5967
2021,West Berkshire 013,E02003379,6978,1153,456,697,5825,497,5328
2021,West Berkshire 014,E02003380,8149,1172,369,803,6977,688,6289
2021,West Berkshire 015,E02003381,6114,870,294,576,5244,491,4753
2021,West Berkshire 016,E02003382,7545,1337,514,823,6208,577,5631
2021,West Berkshire 017,E02003383,6919,928,281,647,5991,560,5431
2021,West Berkshire 018,E02003384,6478,915,315,600,5563,523,5040
2021,West Berkshire 019,E02003385,11181,1603,538,1065,9578,846,8732
2021,West Berkshire 020,E02003386,8307,1373,491,882,6934,695,6239
2021,West Berkshire 021,E02003387,9591,1308,421,887,8283,796,7487
2021,West Berkshire 022,E02003388,6039,857,316,541,5182,525,4657
2021,Reading 001,E02003389,7995,1047,366,681,6948,614,6334
2021,Reading 002,E02003390,7752,887,268,619,6865,695,6170
2021,Reading 003,E02003391,8588,1179,394,785,7409,741,6668
2021,Reading 004,E02003392,8701,1285,446,839,7416,627,6789
2021,Reading 005,E02003393,8161,1115,363,752,7046,670,6376
2021,Reading 006,E02003394,8657,1420,634,786,7237,517,6720
2021,Reading 007,E02003395,11274,1275,446,829,9999,648,9351
2021,Reading 008,E02003396,9836,1363,494,869,8473,707,7766
2021,Reading 009,E02003397,8224,1382,572,810,6842,529,6313
2021,Reading 010,E02003398,11531,1419,489,930,10112,618,9494
2021,Reading 012,E02003400,8970,1203,396,807,7767,665,7102
2021,Reading 013,E02003401,9170,1411,647,764,7759,570,7189
2021,Reading 014,E02003402,10708,1199,401,798,9509,639,8870
2021,Reading 015,E02003403,9382,1526,596,930,7856,583,7273
2021,Reading 016,E02003404,8640,1384,471,913,7256,517,6739
2021,Reading 017,E02003405,13070,1960,835,1125,11110,684,10426
2021,Reading 018,E02003406,8245,1399,605,794,6846,437,6409
2021,Slough 001,E02003407,10910,1448,644,804,9462,452,9010
2021,Slough 002,E02003408,11292,1207,545,662,10085,399,9686
2021,Slough 003,E02003409,10446,1317,540,777,9129,522,8607
2021,Slough 004,E02003410,12244,1494,672,822,10750,422,10328
2021,Slough 005,E02003411,12504,1479,693,786,11025,432,10593
2021,Slough 006,E02003412,10406,1220,487,733,9186,508,8678
2021,Slough 008,E02003414,13753,1381,589,792,12372,576,11796
2021,Slough 009,E02003415,13508,1553,788,765,11955,414,11541
2021,Slough 010,E02003416,9812,980,395,585,8832,428,8404
2021,Slough 011,E02003417,12806,1308,522,786,11498,478,11020
2021,Slough 012,E02003418,10321,1270,565,705,9051,439,8612
2021,Slough 013,E02003419,8982,1128,464,664,7854,390,7464
2021,Slough 014,E02003420,6417,683,304,379,5734,308,5426
2021,Windsor and Maidenhead 001,E02003421,5673,689,264,425,4984,402,4582
2021,Windsor and Maidenhead 002,E02003422,11849,1482,607,875,10367,863,9504
2021,Windsor and Maidenhead 003,E02003423,6586,880,352,528,5706,427,5279
2021,Windsor and Maidenhead 004,E02003424,9311,1011,372,639,8300,665,7635
2021,Windsor and Maidenhead 005,E02003425,13066,1559,550,1009,11507,815,10692
2021,Windsor and Maidenhead 006,E02003426,9803,1238,492,746,8565,702,7863
2021,Windsor and Maidenhead 007,E02003427,8184,1047,391,656,7137,503,6634
2021,Windsor and Maidenhead 008,E02003428,9163,1185,430,755,7978,618,7360
2021,Windsor and Maidenhead 009,E02003429,7742,949,326,623,6793,522,6271
2021,Windsor and Maidenhead 010,E02003430,7522,761,251,510,6761,512,6249
2021,Windsor and Maidenhead 011,E02003431,7006,950,402,548,6056,358,5698
2021,Windsor and Maidenhead 012,E02003432,7096,833,281,552,6263,467,5796
2021,Windsor and Maidenhead 013,E02003433,6470,862,334,528,5608,439,5169
2021,Windsor and Maidenhead 014,E02003434,9191,1328,555,773,7863,571,7292
2021,Windsor and Maidenhead 015,E02003435,7142,751,237,514,6391,491,5900
2021,Windsor and Maidenhead 016,E02003436,9037,1168,498,670,7869,519,7350
2021,Windsor and Maidenhead 017,E02003437,7422,874,333,541,6548,578,5970
2021,Windsor and Maidenhead 018,E02003438,11232,1339,516,823,9893,745,9148
2021,Wokingham 001,E02003439,5526,742,269,473,4784,425,4359
2021,Wokingham 002,E02003440,9273,1176,363,813,8097,767,7330
2021,Wokingham 003,E02003441,7671,1120,434,686,6551,597,5954
2021,Wokingham 004,E02003442,8490,898,265,633,7592,708,6884
2021,Wokingham 005,E02003443,6986,1169,461,708,5817,469,5348
2021,Wokingham 006,E02003444,9376,1158,418,740,8218,661,7557
2021,Wokingham 007,E02003445,8774,1154,424,730,7620,643,6977
2021,Wokingham 008,E02003446,9805,1190,327,863,8615,792,7823
2021,Wokingham 009,E02003447,10717,1358,498,860,9359,845,8514
2021,Wokingham 010,E02003448,8120,968,318,650,7152,658,6494
2021,Wokingham 011,E02003449,7488,767,196,571,6721,592,6129
2021,Wokingham 012,E02003450,13192,1497,516,981,11695,901,10794
2021,Wokingham 013,E02003451,9718,1627,624,1003,8091,791,7300
2021,Wokingham 014,E02003452,9494,1027,290,737,8467,752,7715
2021,Wokingham 015,E02003453,6980,695,184,511,6285,611,5674
2021,Wokingham 016,E02003454,8753,1205,440,765,7548,731,6817
2021,Wokingham 017,E02003455,10644,1161,394,767,9483,775,8708
2021,Wokingham 018,E02003456,8269,1017,360,657,7252,617,6635
2021,Wokingham 019,E02003457,9802,1160,386,774,8642,857,7785
2021,Wokingham 020,E02003458,8423,1068,397,671,7355,685,6670
2021,Milton Keynes 001,E02003459,9007,1298,466,832,7709,729,6980
2021,Milton Keynes 002,E02003460,11675,1606,587,1019,10069,859,9210
2021,Milton Keynes 003,E02003461,7478,1299,549,750,6179,537,5642
2021,Milton Keynes 004,E02003462,8108,1093,372,721,7015,632,6383
2021,Milton Keynes 005,E02003463,6808,1177,484,693,5631,526,5105
2021,Milton Keynes 006,E02003464,7064,1325,559,766,5739,406,5333
2021,Milton Keynes 007,E02003465,6071,1101,444,657,4970,438,4532
2021,Milton Keynes 008,E02003466,7788,1104,406,698,6684,570,6114
2021,Milton Keynes 009,E02003467,6588,1238,619,619,5350,340,5010
2021,Milton Keynes 010,E02003468,8622,1417,530,887,7205,650,6555
2021,Milton Keynes 011,E02003469,5731,921,354,567,4810,428,4382
2021,Milton Keynes 012,E02003470,6194,1215,559,656,4979,338,4641
2021,Milton Keynes 013,E02003471,6628,1191,516,675,5437,384,5053
2021,Milton Keynes 014,E02003472,10202,1228,479,749,8974,467,8507
2021,Milton Keynes 015,E02003473,5608,824,265,559,4784,384,4400
2021,Milton Keynes 016,E02003474,9015,1173,412,761,7842,569,7273
2021,Milton Keynes 018,E02003476,8782,1662,789,873,7120,390,6730
2021,Milton Keynes 020,E02003478,6837,984,362,622,5853,470,5383
2021,Milton Keynes 021,E02003479,7681,1191,549,642,6490,378,6112
2021,Milton Keynes 022,E02003480,8152,1211,449,762,6941,548,6393
2021,Milton Keynes 023,E02003481,8373,1669,783,886,6704,431,6273
2021,Milton Keynes 024,E02003482,8742,1105,389,716,7637,619,7018
2021,Milton Keynes 025,E02003483,11215,1256,480,776,9959,730,9229
2021,Milton Keynes 026,E02003484,7153,1092,441,651,6061,489,5572
2021,Milton Keynes 027,E02003485,8265,1441,579,862,6824,542,6282
2021,Milton Keynes 028,E02003486,10188,1111,386,725,9077,675,8402
2021,Milton Keynes 029,E02003487,7388,1328,549,779,6060,532,5528
2021,Milton Keynes 030,E02003488,8468,1411,556,855,7057,479,6578
2021,Milton Keynes 031,E02003489,7638,1365,579,786,6273,565,5708
2021,Milton Keynes 032,E02003490,11200,1727,733,994,9473,573,8900
2021,Brighton and Hove 001,E02003491,7790,1309,507,802,6481,581,5900
2021,Brighton and Hove 002,E02003492,10116,2175,781,1394,7941,678,7263
2021,Brighton and Hove 003,E02003493,8062,1322,531,791,6740,605,6135
2021,Brighton and Hove 004,E02003494,6640,1030,379,651,5610,576,5034
2021,Brighton and Hove 005,E02003495,7155,1286,540,746,5869,543,5326
2021,Brighton and Hove 006,E02003496,7751,1571,678,893,6180,541,5639
2021,Brighton and Hove 007,E02003497,7584,1022,397,625,6562,542,6020
2021,Brighton and Hove 008,E02003498,8547,2112,961,1151,6435,595,5840
2021,Brighton and Hove 009,E02003499,7852,1957,878,1079,5895,485,5410
2021,Brighton and Hove 010,E02003500,8071,1031,307,724,7040,659,6381
2021,Brighton and Hove 011,E02003501,8385,1135,376,759,7250,657,6593
2021,Brighton and Hove 012,E02003502,7781,1567,676,891,6214,595,5619
2021,Brighton and Hove 013,E02003503,9080,1742,745,997,7338,615,6723
2021,Brighton and Hove 014,E02003504,8556,1349,444,905,7207,689,6518
2021,Brighton and Hove 015,E02003505,8967,1669,496,1173,7298,778,6520
2021,Brighton and Hove 016,E02003506,7165,990,389,601,6175,513,5662
2021,Brighton and Hove 017,E02003507,9774,2017,873,1144,7757,750,7007
2021,Brighton and Hove 018,E02003508,8705,1441,394,1047,7264,751,6513
2021,Brighton and Hove 019,E02003509,8890,1613,673,940,7277,677,6600
2021,Brighton and Hove 020,E02003510,8651,1432,554,878,7219,644,6575
2021,Brighton and Hove 021,E02003511,8646,1378,557,821,7268,577,6691
2021,Brighton and Hove 022,E02003512,8955,1665,499,1166,7290,753,6537
2021,Brighton and Hove 023,E02003513,6488,1275,619,656,5213,436,4777
2021,Brighton and Hove 024,E02003514,8466,1473,491,982,6993,720,6273
2021,Brighton and Hove 025,E02003515,9089,2603,1310,1293,6486,544,5942
2021,Brighton and Hove 026,E02003516,8180,1398,488,910,6782,672,6110
2021,Brighton and Hove 027,E02003517,10740,2031,713,1318,8709,813,7896
2021,Brighton and Hove 028,E02003518,7576,1477,601,876,6099,571,5528
2021,Brighton and Hove 029,E02003519,8238,1454,471,983,6784,628,6156
2021,Brighton and Hove 030,E02003520,9171,2166,921,1245,7005,633,6372
2021,Brighton and Hove 031,E02003521,8077,1773,805,968,6304,663,5641
2021,Brighton and Hove 032,E02003522,7806,1542,619,923,6264,573,5691
2021,Brighton and Hove 033,E02003523,10158,1801,686,1115,8357,747,7610
2021,Portsmouth 001,E02003524,8115,1870,851,1019,6245,529,5716
2021,Portsmouth 002,E02003525,6440,1336,650,686,5104,383,4721
2021,Portsmouth 003,E02003526,6832,1195,496,699,5637,538,5099
2021,Portsmouth 004,E02003527,6379,1116,430,686,5263,463,4800
2021,Portsmouth 006,E02003529,8328,1318,536,782,7010,681,6329
2021,Portsmouth 007,E02003530,7865,1402,599,803,6463,511,5952
2021,Portsmouth 008,E02003531,7720,1132,409,723,6588,642,5946
2021,Portsmouth 009,E02003532,7873,1300,472,828,6573,609,5964
2021,Portsmouth 010,E02003533,5785,1104,460,644,4681,408,4273
2021,Portsmouth 011,E02003534,8895,1329,499,830,7566,696,6870
2021,Portsmouth 012,E02003535,9664,1547,601,946,8117,705,7412
2021,Portsmouth 013,E02003536,8011,1874,955,919,6137,464,5673
2021,Portsmouth 014,E02003537,10262,1738,663,1075,8524,753,7771
2021,Portsmouth 015,E02003538,10355,1842,738,1104,8513,725,7788
2021,Portsmouth 017,E02003540,9436,1653,727,926,7783,716,7067
2021,Portsmouth 018,E02003541,10937,2233,906,1327,8704,633,8071
2021,Portsmouth 019,E02003542,8831,1279,426,853,7552,666,6886
2021,Portsmouth 020,E02003543,8785,1399,466,933,7386,622,6764
2021,Portsmouth 021,E02003544,6319,974,382,592,5345,507,4838
2021,Portsmouth 022,E02003545,6748,1228,489,739,5520,531,4989
2021,Portsmouth 023,E02003546,7927,1281,488,793,6646,643,6003
2021,Portsmouth 024,E02003547,8087,1416,541,875,6671,667,6004
2021,Portsmouth 025,E02003548,6164,1098,413,685,5066,497,4569
2021,Southampton 001,E02003549,8494,1190,370,820,7304,690,6614
2021,Southampton 002,E02003550,7887,1425,589,836,6462,580,5882
2021,Southampton 003,E02003551,6488,1271,490,781,5217,478,4739
2021,Southampton 004,E02003552,6134,1413,636,777,4721,407,4314
2021,Southampton 005,E02003553,7275,1152,444,708,6123,482,5641
2021,Southampton 006,E02003554,6070,1065,420,645,5005,474,4531
2021,Southampton 007,E02003555,8703,1605,701,904,7098,598,6500
2021,Southampton 008,E02003556,5752,966,363,603,4786,471,4315
2021,Southampton 009,E02003557,6801,1024,325,699,5777,574,5203
2021,Southampton 010,E02003558,7249,1307,588,719,5942,474,5468
2021,Southampton 011,E02003559,7837,1134,425,709,6703,649,6054
2021,Southampton 012,E02003560,7468,1625,719,906,5843,429,5414
2021,Southampton 013,E02003561,7923,1451,583,868,6472,514,5958
2021,Southampton 014,E02003562,8318,1375,516,859,6943,673,6270
2021,Southampton 015,E02003563,8016,1435,584,851,6581,530,6051
2021,Southampton 016,E02003564,8086,1532,660,872,6554,606,5948
2021,Southampton 017,E02003565,6760,1119,379,740,5641,489,5152
2021,Southampton 018,E02003566,6402,1330,549,781,5072,442,4630
2021,Southampton 019,E02003567,8063,1423,595,828,6640,462,6178
2021,Southampton 020,E02003568,8266,1181,426,755,7085,633,6452
2021,Southampton 021,E02003569,7816,1340,473,867,6476,546,5930
2021,Southampton 022,E02003570,11609,1610,678,932,9999,512,9487
2021,Southampton 023,E02003571,8966,1438,497,941,7528,570,6958
2021,Southampton 024,E02003572,6179,1128,432,696,5051,491,4560
2021,Southampton 025,E02003573,7875,1775,776,999,6100,511,5589
2021,Southampton 026,E02003574,7660,1384,582,802,6276,544,5732
2021,Southampton 027,E02003575,6534,1532,675,857,5002,405,4597
2021,Southampton 028,E02003576,8124,1578,629,949,6546,631,5915
2021,Southampton 030,E02003578,6338,1150,479,671,5188,496,4692
2021,Southampton 031,E02003579,9585,1681,720,961,7904,708,7196
2021,Southampton 032,E02003580,6201,1436,648,788,4765,378,4387
2021,Isle of Wight 001,E02003581,7800,1600,640,960,6200,660,5540
2021,Isle of Wight 002,E02003582,8584,1617,622,995,6967,682,6285
2021,Isle of Wight 003,E02003583,7707,1857,783,1074,5850,590,5260
2021,Isle of Wight 004,E02003584,6127,1625,678,947,4502,481,4021
2021,Isle of Wight 005,E02003585,6598,1439,561,878,5159,527,4632
2021,Isle of Wight 006,E02003586,7691,1774,755,1019,5917,620,5297
2021,Isle of Wight 007,E02003587,8573,2026,901,1125,6547,628,5919
2021,Isle of Wight 008,E02003588,9266,2357,1063,1294,6909,724,6185
2021,Isle of Wight 009,E02003589,7411,1732,704,1028,5679,532,5147
2021,Isle of Wight 010,E02003590,7326,1613,629,984,5713,634,5079
2021,Isle of Wight 011,E02003591,9417,2027,832,1195,7390,695,6695
2021,Isle of Wight 012,E02003592,9693,2446,1074,1372,7247,784,6463
2021,Isle of Wight 013,E02003593,5255,1095,441,654,4160,449,3711
2021,Isle of Wight 014,E02003594,9301,2350,1069,1281,6951,682,6269
2021,Isle of Wight 015,E02003595,8022,1870,817,1053,6152,631,5521
2021,Isle of Wight 016,E02003596,8712,2197,954,1243,6515,702,5813
2021,Isle of Wight 017,E02003597,5700,1237,504,733,4463,486,3977
2021,Isle of Wight 018,E02003598,7274,1890,803,1087,5384,581,4803
2021,Central Bedfordshire 001,E02003599,5749,983,362,621,4766,476,4290
2021,Central Bedfordshire 002,E02003600,6427,1178,473,705,5249,566,4683
2021,Central Bedfordshire 003,E02003601,8156,1265,424,841,6891,694,6197
2021,Central Bedfordshire 004,E02003602,6563,1057,359,698,5506,549,4957
2021,Central Bedfordshire 005,E02003603,11314,1839,646,1193,9475,962,8513
2021,Central Bedfordshire 006,E02003604,11227,1627,645,982,9600,847,8753
2021,Central Bedfordshire 007,E02003605,10296,1281,433,848,9015,789,8226
2021,Central Bedfordshire 008,E02003606,9325,1345,505,840,7980,752,7228
2021,Central Bedfordshire 009,E02003607,11207,1567,558,1009,9640,820,8820
2021,Central Bedfordshire 010,E02003608,12184,1871,655,1216,10313,1031,9282
2021,Central Bedfordshire 011,E02003609,11849,1677,582,1095,10172,906,9266
2021,Central Bedfordshire 012,E02003610,8972,1130,346,784,7842,766,7076
2021,Central Bedfordshire 013,E02003611,9888,1449,530,919,8439,811,7628
2021,Central Bedfordshire 014,E02003612,12420,1682,550,1132,10738,965,9773
2021,Central Bedfordshire 015,E02003613,5714,1046,442,604,4668,410,4258
2021,Central Bedfordshire 016,E02003614,8141,1059,331,728,7082,702,6380
2021,Central Bedfordshire 017,E02003615,10506,1379,510,869,9127,852,8275
2021,Bedford 001,E02003616,5674,906,315,591,4768,515,4253
2021,Bedford 002,E02003617,9035,1490,508,982,7545,763,6782
2021,Bedford 003,E02003618,8758,1328,495,833,7430,696,6734
2021,Bedford 004,E02003619,11854,1771,684,1087,10083,940,9143
2021,Bedford 005,E02003620,8161,1334,526,808,6827,638,6189
2021,Bedford 006,E02003621,8061,1377,534,843,6684,659,6025
2021,Bedford 007,E02003622,9210,1661,692,969,7549,605,6944
2021,Bedford 008,E02003623,12828,1532,485,1047,11296,942,10354
2021,Bedford 009,E02003624,5936,1160,518,642,4776,446,4330
2021,Bedford 010,E02003625,8870,1845,878,967,7025,633,6392
2021,Bedford 011,E02003626,5607,844,295,549,4763,410,4353
2021,Bedford 012,E02003627,10647,1648,671,977,8999,730,8269
2021,Bedford 013,E02003628,9777,1282,612,670,8495,389,8106
2021,Bedford 014,E02003629,10684,1872,797,1075,8812,585,8227
2021,Bedford 015,E02003630,11373,1646,741,905,9727,556,9171
2021,Bedford 016,E02003631,5507,984,435,549,4523,385,4138
2021,Bedford 017,E02003632,6207,954,383,571,5253,396,4857
2021,Bedford 018,E02003633,10562,1484,594,890,9078,672,8406
2021,Bedford 020,E02003635,10346,1380,529,851,8966,798,8168
2021,Central Bedfordshire 018,E02003636,7282,1118,376,742,6164,538,5626
2021,Central Bedfordshire 019,E02003637,10698,1572,584,988,9126,915,8211
2021,Central Bedfordshire 020,E02003638,7688,1186,437,749,6502,576,5926
2021,Central Bedfordshire 021,E02003639,9584,1733,686,1047,7851,743,7108
2021,Central Bedfordshire 022,E02003640,6046,943,338,605,5103,526,4577
2021,Central Bedfordshire 023,E02003641,5358,694,243,451,4664,507,4157
2021,Central Bedfordshire 025,E02003642,9606,1556,642,914,8050,533,7517
2021,Central Bedfordshire 024,E02003643,13726,1835,637,1198,11891,982,10909
2021,Central Bedfordshire 026,E02003644,10058,1548,624,924,8510,605,7905
2021,Central Bedfordshire 027,E02003645,6983,979,377,602,6004,465,5539
2021,Central Bedfordshire 028,E02003646,10668,1643,638,1005,9025,744,8281
2021,Central Bedfordshire 029,E02003647,10506,1660,695,965,8846,671,8175
2021,Central Bedfordshire 030,E02003648,5521,942,375,567,4579,350,4229
2021,Central Bedfordshire 031,E02003649,6606,952,330,622,5654,493,5161
2021,Central Bedfordshire 032,E02003650,6996,1174,455,719,5822,558,5264
2021,Central Bedfordshire 033,E02003651,6993,1064,416,648,5929,536,5393
2021,Buckinghamshire 001,E02003652,10558,1308,425,883,9250,833,8417
2021,Buckinghamshire 002,E02003653,6752,1034,370,664,5718,561,5157
2021,Buckinghamshire 003,E02003654,5787,817,271,546,4970,518,4452
2021,Buckinghamshire 004,E02003655,10362,1437,490,947,8925,876,8049
2021,Buckinghamshire 005,E02003656,6641,1039,373,666,5602,576,5026
2021,Buckinghamshire 006,E02003657,7467,987,397,590,6480,543,5937
2021,Buckinghamshire 007,E02003658,10010,1346,481,865,8664,745,7919
2021,Buckinghamshire 009,E02003659,9788,1261,415,846,8527,777,7750
2021,Buckinghamshire 008,E02003660,10802,1422,472,950,9380,895,8485
2021,Buckinghamshire 010,E02003661,5892,790,255,535,5102,539,4563
2021,Buckinghamshire 012,E02003662,6214,967,370,597,5247,401,4846
2021,Buckinghamshire 011,E02003663,14108,1677,646,1031,12431,861,11570
2021,Buckinghamshire 013,E02003664,8121,1276,538,738,6845,518,6327
2021,Buckinghamshire 014,E02003665,6183,960,325,635,5223,441,4782
2021,Buckinghamshire 015,E02003666,7598,1203,475,728,6395,491,5904
2021,Buckinghamshire 016,E02003667,9391,1199,396,803,8192,700,7492
2021,Buckinghamshire 018,E02003668,8768,1301,485,816,7467,709,6758
2021,Buckinghamshire 017,E02003669,7416,1218,508,710,6198,394,5804
2021,Buckinghamshire 019,E02003670,9161,1288,467,821,7873,674,7199
2021,Buckinghamshire 020,E02003671,5966,882,336,546,5084,396,4688
2021,Buckinghamshire 021,E02003672,12460,1708,652,1056,10752,928,9824
2021,Buckinghamshire 022,E02003673,9449,1413,491,922,8036,804,7232
2021,Buckinghamshire 023,E02003674,5558,697,231,466,4861,454,4407
2021,Buckinghamshire 024,E02003675,9654,1246,411,835,8408,722,7686
2021,Buckinghamshire 029,E02003676,8145,1110,368,742,7035,644,6391
2021,Buckinghamshire 027,E02003677,10408,1565,612,953,8843,731,8112
2021,Buckinghamshire 028,E02003678,5820,755,249,506,5065,405,4660
2021,Buckinghamshire 030,E02003679,6868,1113,420,693,5755,544,5211
2021,Buckinghamshire 031,E02003680,9825,1292,419,873,8533,881,7652
2021,Buckinghamshire 032,E02003681,10564,1359,477,882,9205,800,8405
2021,Buckinghamshire 034,E02003682,7573,880,273,607,6693,586,6107
2021,Buckinghamshire 035,E02003683,7164,868,297,571,6296,520,5776
2021,Buckinghamshire 047,E02003685,8007,929,319,610,7078,609,6469
2021,Buckinghamshire 050,E02003686,7558,1057,423,634,6501,482,6019
2021,Buckinghamshire 054,E02003687,5819,745,293,452,5074,388,4686
2021,Buckinghamshire 053,E02003688,12235,1558,569,989,10677,860,9817
2021,Buckinghamshire 058,E02003689,9261,949,358,591,8312,569,7743
2021,Buckinghamshire 059,E02003690,7474,1178,510,668,6296,418,5878
2021,Buckinghamshire 063,E02003691,7296,926,378,548,6370,504,5866
2021,Buckinghamshire 064,E02003692,8890,1155,515,640,7735,551,7184
2021,Buckinghamshire 065,E02003693,7217,861,334,527,6356,510,5846
2021,Buckinghamshire 066,E02003694,8442,1259,528,731,7183,543,6640
2021,Buckinghamshire 067,E02003695,10807,1406,560,846,9401,676,8725
2021,Buckinghamshire 026,E02003696,8547,1547,558,989,7000,743,6257
2021,Buckinghamshire 025,E02003697,6310,759,261,498,5551,505,5046
2021,Buckinghamshire 033,E02003698,8272,945,273,672,7327,763,6564
2021,Buckinghamshire 037,E02003699,5853,907,316,591,4946,511,4435
2021,Buckinghamshire 038,E02003701,12303,1761,692,1069,10542,823,9719
2021,Buckinghamshire 040,E02003702,8187,937,276,661,7250,628,6622
2021,Buckinghamshire 041,E02003703,8965,1101,358,743,7864,617,7247
2021,Buckinghamshire 045,E02003704,5811,634,214,420,5177,443,4734
2021,Buckinghamshire 042,E02003705,7107,885,344,541,6222,383,5839
2021,Buckinghamshire 043,E02003706,6768,917,359,558,5851,456,5395
2021,Buckinghamshire 044,E02003707,6748,831,335,496,5917,393,5524
2021,Buckinghamshire 046,E02003708,9775,1281,593,688,8494,358,8136
2021,Buckinghamshire 048,E02003709,5761,838,317,521,4923,351,4572
2021,Buckinghamshire 049,E02003710,12920,1502,537,965,11418,733,10685
2021,Buckinghamshire 051,E02003711,9746,1296,454,842,8450,695,7755
2021,Buckinghamshire 052,E02003712,8135,1454,620,834,6681,577,6104
2021,Buckinghamshire 055,E02003713,5902,838,301,537,5064,481,4583
2021,Buckinghamshire 056,E02003714,6749,849,309,540,5900,476,5424
2021,Buckinghamshire 057,E02003715,6571,699,208,491,5872,509,5363
2021,Buckinghamshire 060,E02003716,5930,865,326,539,5065,499,4566
2021,Buckinghamshire 062,E02003717,9111,1112,394,718,7999,718,7281
2021,Buckinghamshire 061,E02003718,5663,727,273,454,4936,374,4562
2021,Cambridge 001,E02003719,10313,1880,793,1087,8433,733,7700
2021,Cambridge 002,E02003720,9720,1514,519,995,8206,712,7494
2021,Cambridge 003,E02003721,9716,1814,772,1042,7902,697,7205
2021,Cambridge 004,E02003722,8484,1196,329,867,7288,756,6532
2021,Cambridge 005,E02003723,12981,1718,368,1350,11263,1126,10137
2021,Cambridge 006,E02003724,10340,1817,722,1095,8523,674,7849
2021,Cambridge 007,E02003725,16246,2223,460,1763,14023,1486,12537
2021,Cambridge 008,E02003726,8229,1121,332,789,7108,711,6397
2021,Cambridge 009,E02003727,10189,1365,401,964,8824,735,8089
2021,Cambridge 010,E02003728,10823,1480,509,971,9343,802,8541
2021,Cambridge 011,E02003729,9343,1381,559,822,7962,675,7287
2021,Cambridge 013,E02003731,11927,1668,632,1036,10259,915,9344
2021,East Cambridgeshire 001,E02003732,9910,1787,738,1049,8123,727,7396
2021,East Cambridgeshire 002,E02003733,8470,1373,489,884,7097,799,6298
2021,East Cambridgeshire 003,E02003734,11960,1912,653,1259,10048,1025,9023
2021,East Cambridgeshire 004,E02003735,8614,1361,477,884,7253,800,6453
2021,East Cambridgeshire 005,E02003736,10279,1691,581,1110,8588,919,7669
2021,East Cambridgeshire 006,E02003737,13242,2099,790,1309,11143,925,10218
2021,East Cambridgeshire 007,E02003738,6399,975,340,635,5424,534,4890
2021,East Cambridgeshire 008,E02003739,6407,1000,361,639,5407,566,4841
2021,East Cambridgeshire 009,E02003740,6279,1138,509,629,5141,551,4590
2021,Fenland 001,E02003742,6808,1472,645,827,5336,520,4816
2021,Fenland 002,E02003743,11077,2135,1021,1114,8942,601,8341
2021,Fenland 003,E02003744,13717,2733,1209,1524,10984,764,10220
2021,Fenland 004,E02003745,10361,2151,946,1205,8210,762,7448
2021,Fenland 005,E02003746,7816,1613,671,942,6203,560,5643
2021,Fenland 006,E02003747,12680,2447,1033,1414,10233,944,9289
2021,Fenland 007,E02003748,7659,1753,765,988,5906,553,5353
2021,Fenland 008,E02003749,6124,1109,465,644,5015,489,4526
2021,Fenland 009,E02003750,7488,1650,713,937,5838,577,5261
2021,Fenland 010,E02003751,7543,1525,630,895,6018,603,5415
2021,Fenland 011,E02003752,11188,2247,947,1300,8941,815,8126
2021,Huntingdonshire 001,E02003753,11199,1951,731,1220,9248,883,8365
2021,Huntingdonshire 002,E02003754,5663,922,326,596,4741,444,4297
2021,Huntingdonshire 003,E02003755,8597,1644,613,1031,6953,739,6214
2021,Huntingdonshire 004,E02003756,7086,1164,426,738,5922,636,5286
2021,Huntingdonshire 005,E02003757,6950,1209,470,739,5741,579,5162
2021,Huntingdonshire 006,E02003758,9684,1493,545,948,8191,854,7337
2021,Huntingdonshire 007,E02003759,5897,919,301,618,4978,546,4432
2021,Huntingdonshire 008,E02003760,9055,1562,664,898,7493,569,6924
2021,Huntingdonshire 009,E02003761,5974,1106,464,642,4868,457,4411
2021,Huntingdonshire 010,E02003762,11548,1811,691,1120,9737,820,8917
2021,Huntingdonshire 011,E02003763,9599,1399,458,941,8200,833,7367
2021,Huntingdonshire 012,E02003764,10399,1590,614,976,8809,833,7976
2021,Huntingdonshire 013,E02003765,7219,1275,527,748,5944,593,5351
2021,Huntingdonshire 014,E02003766,7889,1111,377,734,6778,660,6118
2021,Huntingdonshire 015,E02003767,6374,902,327,575,5472,572,4900
2021,Huntingdonshire 016,E02003768,10039,1538,534,1004,8501,888,7613
2021,Huntingdonshire 017,E02003769,7462,1470,515,955,5992,710,5282
2021,Huntingdonshire 018,E02003770,10935,1494,558,936,9441,883,8558
2021,Huntingdonshire 019,E02003771,6284,1143,443,700,5141,493,4648
2021,Huntingdonshire 020,E02003772,6714,956,333,623,5758,565,5193
2021,Huntingdonshire 021,E02003773,10542,1768,651,1117,8774,817,7957
2021,Huntingdonshire 022,E02003774,5727,1147,478,669,4580,438,4142
2021,South Cambridgeshire 001,E02003775,7239,1056,355,701,6183,627,5556
2021,South Cambridgeshire 002,E02003776,6779,1103,409,694,5676,575,5101
2021,South Cambridgeshire 003,E02003777,9937,1323,415,908,8614,751,7863
2021,South Cambridgeshire 004,E02003778,6526,1024,359,665,5502,498,5004
2021,South Cambridgeshire 006,E02003780,11428,1841,705,1136,9587,966,8621
2021,South Cambridgeshire 007,E02003781,6092,855,287,568,5237,552,4685
2021,South Cambridgeshire 010,E02003784,8891,1274,460,814,7617,818,6799
2021,South Cambridgeshire 011,E02003785,8952,1304,442,862,7648,743,6905
2021,South Cambridgeshire 012,E02003786,6535,996,343,653,5539,598,4941
2021,South Cambridgeshire 013,E02003787,7657,1216,450,766,6441,622,5819
2021,South Cambridgeshire 014,E02003788,8121,1076,370,706,7045,736,6309
2021,South Cambridgeshire 015,E02003789,7271,1232,464,768,6039,606,5433
2021,South Cambridgeshire 016,E02003790,9301,1385,476,909,7916,829,7087
2021,South Cambridgeshire 017,E02003791,8268,1175,400,775,7093,777,6316
2021,South Cambridgeshire 018,E02003792,9874,1634,609,1025,8240,879,7361
2021,South Cambridgeshire 019,E02003793,7239,1124,408,716,6115,623,5492
2021,Cheshire West and Chester 022,E02003794,8658,1497,599,898,7161,665,6496
2021,Cheshire West and Chester 025,E02003795,6359,1222,559,663,5137,486,4651
2021,Cheshire West and Chester 027,E02003796,7308,1428,601,827,5880,567,5313
2021,Cheshire West and Chester 028,E02003797,10001,1624,666,958,8377,904,7473
2021,Cheshire West and Chester 029,E02003798,6243,1450,739,711,4793,392,4401
2021,Cheshire West and Chester 031,E02003799,7341,1764,819,945,5577,466,5111
2021,Cheshire West and Chester 030,E02003800,7125,1073,405,668,6052,605,5447
2021,Cheshire West and Chester 032,E02003801,7117,1198,497,701,5919,567,5352
2021,Cheshire West and Chester 033,E02003802,8568,1748,725,1023,6820,689,6131
2021,Cheshire West and Chester 034,E02003803,10245,1849,594,1255,8396,834,7562
2021,Cheshire West and Chester 036,E02003804,6917,1091,434,657,5826,552,5274
2021,Cheshire West and Chester 039,E02003805,6344,986,386,600,5358,573,4785
2021,Cheshire West and Chester 041,E02003806,8298,1117,455,662,7181,649,6532
2021,Cheshire West and Chester 043,E02003807,8816,1395,557,838,7421,787,6634
2021,Cheshire West and Chester 044,E02003808,6517,1285,558,727,5232,465,4767
2021,Cheshire West and Chester 046,E02003809,8189,1354,476,878,6835,661,6174
2021,Cheshire West and Chester 047,E02003810,9772,1537,626,911,8235,794,7441
2021,Cheshire East 022,E02003811,7608,1084,398,686,6524,581,5943
2021,Cheshire East 023,E02003812,6669,1103,427,676,5566,555,5011
2021,Cheshire East 024,E02003813,6049,1156,486,670,4893,497,4396
2021,Cheshire East 025,E02003814,8376,1359,531,828,7017,709,6308
2021,Cheshire East 026,E02003815,7590,1634,708,926,5956,561,5395
2021,Cheshire East 027,E02003816,7516,1489,606,883,6027,637,5390
2021,Cheshire East 028,E02003817,7681,1343,546,797,6338,649,5689
2021,Cheshire East 029,E02003818,5698,820,296,524,4878,496,4382
2021,Cheshire East 030,E02003819,6568,1191,450,741,5377,566,4811
2021,Cheshire East 031,E02003820,9768,1343,464,879,8425,747,7678
2021,Cheshire East 032,E02003821,5592,1137,487,650,4455,483,3972
2021,Cheshire East 033,E02003822,11544,2109,846,1263,9435,978,8457
2021,Cheshire East 040,E02003823,6880,1464,620,844,5416,577,4839
2021,Cheshire East 042,E02003824,6506,955,367,588,5551,583,4968
2021,Cheshire East 034,E02003825,6332,897,318,579,5435,519,4916
2021,Cheshire East 035,E02003826,8851,1867,894,973,6984,531,6453
2021,Cheshire East 036,E02003827,9492,1886,811,1075,7606,527,7079
2021,Cheshire East 037,E02003828,6558,1224,572,652,5334,358,4976
2021,Cheshire East 038,E02003829,5567,1065,431,634,4502,404,4098
2021,Cheshire East 039,E02003830,7981,1488,690,798,6493,477,6016
2021,Cheshire East 041,E02003831,10148,1636,613,1023,8512,766,7746
2021,Cheshire East 043,E02003832,6586,989,434,555,5597,359,5238
2021,Cheshire East 044,E02003833,6356,1124,482,642,5232,446,4786
2021,Cheshire East 045,E02003834,7066,1122,456,666,5944,494,5450
2021,Cheshire East 046,E02003835,8313,1350,477,873,6963,696,6267
2021,Cheshire East 047,E02003836,6967,1531,640,891,5436,568,4868
2021,Cheshire East 048,E02003838,8222,1303,540,763,6919,616,6303
2021,Cheshire East 050,E02003839,7084,1460,635,825,5624,565,5059
2021,Cheshire East 051,E02003840,10835,1797,725,1072,9038,870,8168
2021,Cheshire West and Chester 001,E02003841,7909,1554,650,904,6355,655,5700
2021,Cheshire West and Chester 004,E02003842,5630,950,396,554,4680,484,4196
2021,Cheshire West and Chester 005,E02003843,6438,1545,720,825,4893,450,4443
2021,Cheshire West and Chester 006,E02003844,6636,1266,505,761,5370,613,4757
2021,Cheshire West and Chester 007,E02003845,11017,2433,1137,1296,8584,714,7870
2021,Cheshire West and Chester 008,E02003846,6869,1601,746,855,5268,458,4810
2021,Cheshire West and Chester 009,E02003847,9810,1418,512,906,8392,772,7620
2021,Cheshire West and Chester 010,E02003848,5299,1243,587,656,4056,342,3714
2021,Cheshire West and Chester 011,E02003849,8558,2023,1024,999,6535,535,6000
2021,Cheshire West and Chester 013,E02003850,5090,975,423,552,4115,395,3720
2021,Cheshire West and Chester 014,E02003851,5798,1015,427,588,4783,413,4370
2021,Cheshire West and Chester 016,E02003852,6479,1122,436,686,5357,465,4892
2021,Cheshire East 001,E02003853,6145,997,346,651,5148,570,4578
2021,Cheshire East 002,E02003854,6435,961,375,586,5474,563,4911
2021,Cheshire East 003,E02003855,6430,1079,445,634,5351,572,4779
2021,Cheshire East 004,E02003856,11452,1985,880,1105,9467,788,8679
2021,Cheshire East 005,E02003857,6781,933,337,596,5848,546,5302
2021,Cheshire East 006,E02003858,6863,870,333,537,5993,533,5460
2021,Cheshire East 007,E02003859,12546,2195,1019,1176,10351,857,9494
2021,Cheshire East 008,E02003860,7288,808,280,528,6480,594,5886
2021,Cheshire East 009,E02003861,6427,1232,526,706,5195,529,4666
2021,Cheshire East 011,E02003862,5266,784,352,432,4482,406,4076
2021,Cheshire East 010,E02003863,6829,890,306,584,5939,553,5386
2021,Cheshire East 012,E02003864,8578,1320,583,737,7258,659,6599
2021,Cheshire East 013,E02003865,7943,1326,470,856,6617,663,5954
2021,Cheshire East 014,E02003866,6253,807,266,541,5446,502,4944
2021,Cheshire East 015,E02003867,7667,1348,522,826,6319,672,5647
2021,Cheshire East 016,E02003868,8421,1673,635,1038,6748,679,6069
2021,Cheshire East 017,E02003869,7325,1320,548,772,6005,691,5314
2021,Cheshire East 018,E02003870,10419,1881,669,1212,8538,956,7582
2021,Cheshire East 019,E02003871,6866,1504,655,849,5362,526,4836
2021,Cheshire East 020,E02003872,10191,1625,604,1021,8566,895,7671
2021,Cheshire East 021,E02003873,6208,1372,646,726,4836,406,4430
2021,Cheshire West and Chester 002,E02003874,9179,1667,682,985,7512,777,6735
2021,Cheshire West and Chester 003,E02003875,6447,1050,386,664,5397,549,4848
2021,Cheshire West and Chester 012,E02003876,5700,1060,399,661,4640,440,4200
2021,Cheshire West and Chester 015,E02003877,9596,1579,606,973,8017,826,7191
2021,Cheshire West and Chester 017,E02003878,9261,1707,669,1038,7554,689,6865
2021,Cheshire West and Chester 018,E02003879,9159,1486,601,885,7673,735,6938
2021,Cheshire West and Chester 019,E02003880,6582,1345,574,771,5237,517,4720
2021,Cheshire West and Chester 020,E02003881,5845,1180,477,703,4665,482,4183
2021,Cheshire West and Chester 021,E02003882,9474,1928,903,1025,7546,704,6842
2021,Cheshire West and Chester 023,E02003883,11197,1545,510,1035,9652,986,8666
2021,Cheshire West and Chester 024,E02003884,8929,1431,541,890,7498,747,6751
2021,Cheshire West and Chester 026,E02003885,6448,1099,425,674,5349,517,4832
2021,Cheshire West and Chester 035,E02003886,6559,1343,586,757,5216,432,4784
2021,Cheshire West and Chester 037,E02003887,6930,1227,533,694,5703,511,5192
2021,Cheshire West and Chester 038,E02003888,6487,1559,698,861,4928,363,4565
2021,Cheshire West and Chester 040,E02003889,6516,1560,750,810,4956,433,4523
2021,Cheshire West and Chester 042,E02003890,7059,1411,614,797,5648,472,5176
2021,Cheshire West and Chester 045,E02003891,6435,959,359,600,5476,495,4981
2021,Cornwall 010,E02003892,6646,1475,599,876,5171,559,4612
2021,Cornwall 012,E02003893,6607,1364,563,801,5243,550,4693
2021,Cornwall 013,E02003894,8268,1893,784,1109,6375,592,5783
2021,Cornwall 016,E02003895,9518,2037,836,1201,7481,725,6756
2021,Cornwall 017,E02003896,5942,1569,695,874,4373,428,3945
2021,Cornwall 022,E02003897,5386,932,361,571,4454,442,4012
2021,Cornwall 023,E02003898,6723,1301,522,779,5422,519,4903
2021,Cornwall 025,E02003899,5281,1310,601,709,3971,369,3602
2021,Cornwall 026,E02003900,7094,1429,609,820,5665,592,5073
2021,Cornwall 028,E02003901,8285,1858,834,1024,6427,589,5838
2021,Cornwall 029,E02003902,5283,1225,547,678,4058,382,3676
2021,Cornwall 034,E02003903,6192,1277,516,761,4915,500,4415
2021,Cornwall 037,E02003904,5005,1085,446,639,3920,424,3496
2021,Cornwall 032,E02003905,7157,1310,490,820,5847,525,5322
2021,Cornwall 033,E02003906,6402,1238,533,705,5164,484,4680
2021,Cornwall 040,E02003907,8469,1553,605,948,6916,613,6303
2021,Cornwall 042,E02003908,8458,1665,686,979,6793,627,6166
2021,Cornwall 043,E02003909,10737,2242,971,1271,8495,872,7623
2021,Cornwall 044,E02003910,6968,1439,596,843,5529,553,4976
2021,Cornwall 047,E02003911,9118,1660,643,1017,7458,749,6709
2021,Cornwall 048,E02003912,8176,1541,604,937,6635,613,6022
2021,Cornwall 056,E02003913,5938,1156,437,719,4782,541,4241
2021,Cornwall 060,E02003914,8479,1750,627,1123,6729,666,6063
2021,Cornwall 062,E02003915,8286,1989,814,1175,6297,610,5687
2021,Cornwall 063,E02003916,7065,1407,499,908,5658,619,5039
2021,Cornwall 064,E02003917,8347,1416,511,905,6931,633,6298
2021,Cornwall 045,E02003918,7216,1541,687,854,5675,545,5130
2021,Cornwall 046,E02003919,7373,1784,812,972,5589,490,5099
2021,Cornwall 049,E02003920,8258,1670,703,967,6588,593,5995
2021,Cornwall 050,E02003921,6289,1335,544,791,4954,477,4477
2021,Cornwall 051,E02003922,9036,1970,848,1122,7066,664,6402
2021,Cornwall 052,E02003923,9524,2180,946,1234,7344,617,6727
2021,Cornwall 053,E02003924,7366,1902,920,982,5464,535,4929
2021,Cornwall 055,E02003925,7273,1738,764,974,5535,497,5038
2021,Cornwall 059,E02003926,8332,1558,597,961,6774,642,6132
2021,Cornwall 066,E02003927,10744,2080,710,1370,8664,865,7799
2021,Cornwall 071,E02003928,12173,2229,906,1323,9944,901,9043
2021,Cornwall 072,E02003929,6903,1356,543,813,5547,582,4965
2021,Cornwall 073,E02003930,8908,1977,824,1153,6931,685,6246
2021,Cornwall 001,E02003931,10597,2328,973,1355,8269,793,7476
2021,Cornwall 002,E02003932,7505,1405,573,832,6100,565,5535
2021,Cornwall 003,E02003933,7003,1435,595,840,5568,520,5048
2021,Cornwall 004,E02003934,7199,1497,650,847,5702,521,5181
2021,Cornwall 005,E02003935,10247,2202,950,1252,8045,667,7378
2021,Cornwall 006,E02003936,8329,1736,763,973,6593,643,5950
2021,Cornwall 007,E02003937,5274,1033,390,643,4241,369,3872
2021,Cornwall 008,E02003938,6776,1293,527,766,5483,489,4994
2021,Cornwall 009,E02003939,6810,1441,558,883,5369,486,4883
2021,Cornwall 011,E02003940,6376,1294,548,746,5082,531,4551
2021,Cornwall 014,E02003941,8921,1921,833,1088,7000,582,6418
2021,Cornwall 015,E02003942,7988,1839,863,976,6149,526,5623
2021,Cornwall 054,E02003943,6882,1503,657,846,5379,454,4925
2021,Cornwall 057,E02003944,10298,2203,975,1228,8095,646,7449
2021,Cornwall 058,E02003945,5899,1214,518,696,4685,455,4230
2021,Cornwall 061,E02003946,9470,1996,878,1118,7474,747,6727
2021,Cornwall 065,E02003947,6533,1505,696,809,5028,511,4517
2021,Cornwall 067,E02003948,8359,2192,1065,1127,6167,535,5632
2021,Cornwall 068,E02003949,6563,1809,814,995,4754,482,4272
2021,Cornwall 069,E02003950,5396,1174,503,671,4222,415,3807
2021,Cornwall 070,E02003951,5813,1369,558,811,4444,456,3988
2021,Cornwall 018,E02003952,9735,1717,690,1027,8018,611,7407
2021,Cornwall 019,E02003953,10828,2164,944,1220,8664,722,7942
2021,Cornwall 020,E02003954,7633,1600,678,922,6033,511,5522
2021,Cornwall 021,E02003955,10077,1909,800,1109,8168,705,7463
2021,Cornwall 024,E02003956,7748,1686,746,940,6062,503,5559
2021,Cornwall 027,E02003957,11098,2373,1021,1352,8725,776,7949
2021,Cornwall 030,E02003958,8202,1725,743,982,6477,583,5894
2021,Cornwall 031,E02003959,6931,1559,651,908,5372,493,4879
2021,Cornwall 035,E02003960,5689,1248,514,734,4441,462,3979
2021,Cornwall 036,E02003961,9603,1849,722,1127,7754,762,6992
2021,Cornwall 038,E02003962,7259,1593,700,893,5666,560,5106
2021,Cornwall 039,E02003963,10039,2682,1246,1436,7357,715,6642
2021,Cornwall 041,E02003964,8015,1640,613,1027,6375,681,5694
2021,Allerdale 001,E02003965,10979,2274,991,1283,8705,763,7942
2021,Allerdale 002,E02003966,7000,1136,452,684,5864,592,5272
2021,Allerdale 003,E02003967,8108,1607,718,889,6501,597,5904
2021,Allerdale 004,E02003968,8825,1743,839,904,7082,606,6476
2021,Allerdale 005,E02003969,6549,1580,793,787,4969,398,4571
2021,Allerdale 006,E02003970,8195,1436,581,855,6759,733,6026
2021,Allerdale 007,E02003971,7731,1356,536,820,6375,669,5706
2021,Allerdale 008,E02003972,8969,1750,773,977,7219,652,6567
2021,Allerdale 009,E02003973,8611,2221,1066,1155,6390,517,5873
2021,Allerdale 010,E02003974,7668,1693,849,844,5975,536,5439
2021,Allerdale 011,E02003975,7237,1301,582,719,5936,500,5436
2021,Allerdale 012,E02003976,6279,1107,422,685,5172,515,4657
2021,Barrow-in-Furness 001,E02003977,6179,1149,460,689,5030,463,4567
2021,Barrow-in-Furness 002,E02003978,5730,1087,493,594,4643,462,4181
2021,Barrow-in-Furness 003,E02003979,7769,1473,695,778,6296,585,5711
2021,Barrow-in-Furness 004,E02003980,6755,1807,885,922,4948,405,4543
2021,Barrow-in-Furness 005,E02003981,6473,1153,489,664,5320,498,4822
2021,Barrow-in-Furness 006,E02003982,8101,1473,651,822,6628,528,6100
2021,Barrow-in-Furness 007,E02003983,7259,1798,882,916,5461,419,5042
2021,Barrow-in-Furness 008,E02003984,6411,1856,889,967,4555,398,4157
2021,Barrow-in-Furness 009,E02003985,6685,1497,709,788,5188,498,4690
2021,Barrow-in-Furness 010,E02003986,6046,1357,660,697,4689,436,4253
2021,Carlisle 001,E02003987,6008,1176,505,671,4832,381,4451
2021,Carlisle 002,E02003988,6485,1316,553,763,5169,510,4659
2021,Carlisle 003,E02003989,7486,1387,557,830,6099,574,5525
2021,Carlisle 004,E02003990,10998,1748,679,1069,9250,818,8432
2021,Carlisle 005,E02003991,7559,1255,571,684,6304,525,5779
2021,Carlisle 006,E02003992,8023,1575,632,943,6448,626,5822
2021,Carlisle 007,E02003993,8802,1383,518,865,7419,792,6627
2021,Carlisle 008,E02003994,7213,1523,698,825,5690,475,5215
2021,Carlisle 009,E02003995,10164,2225,1053,1172,7939,636,7303
2021,Carlisle 010,E02003996,9334,1778,778,1000,7556,655,6901
2021,Carlisle 011,E02003997,9527,2090,1018,1072,7437,557,6880
2021,Carlisle 012,E02003998,6544,1383,620,763,5161,409,4752
2021,Carlisle 013,E02003999,11878,1928,771,1157,9950,849,9101
2021,Copeland 001,E02004000,5189,1180,563,617,4009,327,3682
2021,Copeland 002,E02004001,5185,1250,591,659,3935,401,3534
2021,Copeland 003,E02004002,9512,1752,766,986,7760,677,7083
2021,Copeland 004,E02004003,11578,2471,1142,1329,9107,835,8272
2021,Copeland 005,E02004004,9823,2266,1159,1107,7557,569,6988
2021,Copeland 006,E02004005,7663,1644,748,896,6019,548,5471
2021,Copeland 007,E02004006,8372,1564,609,955,6808,728,6080
2021,Copeland 008,E02004007,9755,2016,909,1107,7739,684,7055
2021,Eden 001,E02004008,6436,1089,415,674,5347,500,4847
2021,Eden 002,E02004009,6252,961,347,614,5291,465,4826
2021,Eden 003,E02004010,7730,1537,642,895,6193,579,5614
2021,Eden 004,E02004011,10877,1760,635,1125,9117,857,8260
2021,Eden 005,E02004012,5499,859,302,557,4640,460,4180
2021,Eden 006,E02004013,10218,1671,653,1018,8547,841,7706
2021,Eden 007,E02004014,7721,1348,521,827,6373,602,5771
2021,South Lakeland 001,E02004015,6127,1101,391,710,5026,562,4464
2021,South Lakeland 002,E02004016,8020,1275,467,808,6745,613,6132
2021,South Lakeland 003,E02004017,8878,1487,541,946,7391,704,6687
2021,South Lakeland 004,E02004018,8320,1621,621,1000,6699,714,5985
2021,South Lakeland 005,E02004019,7647,1222,422,800,6425,594,5831
2021,South Lakeland 006,E02004020,8934,1491,611,880,7443,798,6645
2021,South Lakeland 007,E02004021,5269,893,353,540,4376,510,3866
2021,South Lakeland 008,E02004022,5552,901,302,599,4651,458,4193
2021,South Lakeland 009,E02004023,6329,1012,405,607,5317,516,4801
2021,South Lakeland 010,E02004024,7433,1210,431,779,6223,699,5524
2021,South Lakeland 011,E02004025,7971,1529,603,926,6442,713,5729
2021,South Lakeland 012,E02004026,8107,1641,661,980,6466,629,5837
2021,South Lakeland 013,E02004027,7942,1646,675,971,6296,759,5537
2021,South Lakeland 014,E02004028,7917,1376,508,868,6541,711,5830
2021,Amber Valley 001,E02004029,7345,1679,764,915,5666,522,5144
2021,Amber Valley 002,E02004030,6034,1173,488,685,4861,514,4347
2021,Amber Valley 003,E02004031,7475,1923,902,1021,5552,441,5111
2021,Amber Valley 004,E02004032,8441,1587,649,938,6854,674,6180
2021,Amber Valley 005,E02004033,8927,1877,769,1108,7050,628,6422
2021,Amber Valley 006,E02004034,6826,1337,564,773,5489,506,4983
2021,Amber Valley 007,E02004035,6414,1174,442,732,5240,525,4715
2021,Amber Valley 008,E02004036,10306,2200,979,1221,8106,702,7404
2021,Amber Valley 009,E02004037,7877,1232,438,794,6645,708,5937
2021,Amber Valley 010,E02004038,7523,1597,650,947,5926,619,5307
2021,Amber Valley 011,E02004039,7742,1404,526,878,6338,634,5704
2021,Amber Valley 012,E02004040,9482,1745,717,1028,7737,675,7062
2021,Amber Valley 013,E02004041,7364,1512,638,874,5852,522,5330
2021,Amber Valley 015,E02004043,7324,1393,591,802,5931,514,5417
2021,Amber Valley 016,E02004044,9119,1249,479,770,7870,761,7109
2021,Bolsover 001,E02004045,9752,1927,830,1097,7825,778,7047
2021,Bolsover 002,E02004046,6186,1482,675,807,4704,425,4279
2021,Bolsover 003,E02004047,6165,1591,790,801,4574,421,4153
2021,Bolsover 004,E02004048,7045,1742,808,934,5303,467,4836
2021,Bolsover 005,E02004049,7899,1849,855,994,6050,571,5479
2021,Bolsover 006,E02004050,7803,1875,969,906,5928,412,5516
2021,Bolsover 007,E02004051,9679,2437,1268,1169,7242,585,6657
2021,Bolsover 008,E02004052,8748,1769,794,975,6979,650,6329
2021,Bolsover 009,E02004053,7842,1782,849,933,6060,513,5547
2021,Bolsover 010,E02004054,9151,1889,853,1036,7262,613,6649
2021,Chesterfield 001,E02004055,6915,1704,791,913,5211,525,4686
2021,Chesterfield 002,E02004056,8046,2015,955,1060,6031,546,5485
2021,Chesterfield 003,E02004057,7760,1689,703,986,6071,595,5476
2021,Chesterfield 004,E02004058,8004,2085,968,1117,5919,492,5427
2021,Chesterfield 005,E02004059,7209,1611,754,857,5598,583,5015
2021,Chesterfield 006,E02004060,7512,1914,896,1018,5598,532,5066
2021,Chesterfield 007,E02004061,7392,1692,715,977,5700,513,5187
2021,Chesterfield 008,E02004062,7585,1826,808,1018,5759,591,5168
2021,Chesterfield 009,E02004063,7739,1618,658,960,6121,676,5445
2021,Chesterfield 010,E02004064,9581,2101,873,1228,7480,697,6783
2021,Chesterfield 011,E02004065,8110,1436,546,890,6674,760,5914
2021,Chesterfield 012,E02004066,11420,2306,1040,1266,9114,934,8180
2021,Chesterfield 013,E02004067,6300,1842,923,919,4458,385,4073
2021,Derbyshire Dales 001,E02004068,7259,1241,452,789,6018,646,5372
2021,Derbyshire Dales 002,E02004069,6316,1070,363,707,5246,580,4666
2021,Derbyshire Dales 005,E02004072,9392,1824,695,1129,7568,852,6716
2021,Derbyshire Dales 006,E02004073,8800,1909,792,1117,6891,701,6190
2021,Derbyshire Dales 007,E02004074,5795,1141,447,694,4654,534,4120
2021,Derbyshire Dales 008,E02004075,7129,1185,435,750,5944,544,5400
2021,Derbyshire Dales 009,E02004076,7528,1387,562,825,6141,547,5594
2021,Derbyshire Dales 010,E02004077,8263,1249,420,829,7014,668,6346
2021,Erewash 001,E02004078,7027,1868,927,941,5159,400,4759
2021,Erewash 003,E02004080,9737,2104,880,1224,7633,737,6896
2021,Erewash 004,E02004081,5808,1087,451,636,4721,452,4269
2021,Erewash 005,E02004082,6072,1017,382,635,5055,492,4563
2021,Erewash 006,E02004083,8241,1515,595,920,6726,552,6174
2021,Erewash 007,E02004084,5966,1424,666,758,4542,370,4172
2021,Erewash 008,E02004085,8904,1757,753,1004,7147,658,6489
2021,Erewash 009,E02004086,7167,1358,521,837,5809,573,5236
2021,Erewash 010,E02004087,7764,1494,627,867,6270,579,5691
2021,Erewash 011,E02004088,7621,1214,433,781,6407,630,5777
2021,Erewash 012,E02004089,6851,1528,654,874,5323,508,4815
2021,Erewash 013,E02004090,5946,1087,442,645,4859,484,4375
2021,Erewash 014,E02004091,9311,1628,638,990,7683,785,6898
2021,Erewash 015,E02004092,9390,1824,766,1058,7566,766,6800
2021,High Peak 001,E02004093,6368,1194,475,719,5174,517,4657
2021,High Peak 002,E02004094,7030,1522,699,823,5508,517,4991
2021,High Peak 003,E02004095,10153,1921,800,1121,8232,899,7333
2021,High Peak 004,E02004096,9789,1514,521,993,8275,920,7355
2021,High Peak 005,E02004097,7476,1238,446,792,6238,722,5516
2021,High Peak 006,E02004098,7351,1455,601,854,5896,591,5305
2021,High Peak 008,E02004100,8157,1298,424,874,6859,753,6106
2021,High Peak 010,E02004102,7606,1763,766,997,5843,637,5206
2021,High Peak 011,E02004103,6872,1433,636,797,5439,491,4948
2021,High Peak 012,E02004104,7240,1113,389,724,6127,631,5496
2021,North East Derbyshire 001,E02004105,9259,1809,805,1004,7450,673,6777
2021,North East Derbyshire 002,E02004106,6762,1276,519,757,5486,564,4922
2021,North East Derbyshire 004,E02004108,7555,1719,762,957,5836,590,5246
2021,North East Derbyshire 005,E02004109,6789,1170,445,725,5619,593,5026
2021,North East Derbyshire 006,E02004110,7378,1175,405,770,6203,647,5556
2021,North East Derbyshire 007,E02004111,5549,1348,584,764,4201,430,3771
2021,North East Derbyshire 008,E02004112,6273,1314,529,785,4959,585,4374
2021,North East Derbyshire 009,E02004113,10219,2678,1323,1355,7541,666,6875
2021,North East Derbyshire 010,E02004114,8471,1533,614,919,6938,690,6248
2021,North East Derbyshire 011,E02004115,8811,1955,850,1105,6856,680,6176
2021,North East Derbyshire 012,E02004116,8543,2194,1079,1115,6349,581,5768
2021,North East Derbyshire 013,E02004117,8081,1763,804,959,6318,565,5753
2021,South Derbyshire 001,E02004118,7714,1167,409,758,6547,611,5936
2021,South Derbyshire 002,E02004119,11895,1717,596,1121,10178,1030,9148
2021,South Derbyshire 003,E02004120,10939,1535,593,942,9404,741,8663
2021,South Derbyshire 004,E02004121,9288,1340,514,826,7948,799,7149
2021,South Derbyshire 005,E02004122,6916,1009,374,635,5907,576,5331
2021,South Derbyshire 006,E02004123,6769,1104,432,672,5665,556,5109
2021,South Derbyshire 007,E02004124,7560,1531,635,896,6029,552,5477
2021,South Derbyshire 008,E02004125,8689,1905,808,1097,6784,568,6216
2021,South Derbyshire 009,E02004126,7449,1615,705,910,5834,510,5324
2021,South Derbyshire 011,E02004128,11473,2175,909,1266,9298,867,8431
2021,East Devon 001,E02004129,6081,1032,351,681,5049,470,4579
2021,East Devon 002,E02004130,6171,1483,602,881,4688,490,4198
2021,East Devon 003,E02004131,5491,1065,392,673,4426,475,3951
2021,East Devon 004,E02004132,8894,1419,488,931,7475,719,6756
2021,East Devon 005,E02004133,9813,2001,746,1255,7812,832,6980
2021,East Devon 007,E02004135,8360,1655,664,991,6705,712,5993
2021,East Devon 008,E02004136,9494,1632,607,1025,7862,861,7001
2021,East Devon 009,E02004137,5325,913,307,606,4412,496,3916
2021,East Devon 010,E02004138,7688,1929,829,1100,5759,642,5117
2021,East Devon 011,E02004139,7004,1472,575,897,5532,634,4898
2021,East Devon 012,E02004140,5272,1256,455,801,4016,457,3559
2021,East Devon 013,E02004141,6259,1123,395,728,5136,538,4598
2021,East Devon 014,E02004142,6390,1028,380,648,5362,534,4828
2021,East Devon 015,E02004143,6344,1288,510,778,5056,497,4559
2021,East Devon 016,E02004144,6864,1358,542,816,5506,587,4919
2021,East Devon 017,E02004145,6106,1352,515,837,4754,573,4181
2021,East Devon 018,E02004146,7540,1534,599,935,6006,577,5429
2021,East Devon 019,E02004147,6974,1425,524,901,5549,534,5015
2021,East Devon 020,E02004148,7774,1977,887,1090,5797,659,5138
2021,Exeter 001,E02004149,11065,1680,465,1215,9385,908,8477
2021,Exeter 002,E02004150,7095,1325,504,821,5770,526,5244
2021,Exeter 003,E02004151,10072,1893,780,1113,8179,756,7423
2021,Exeter 004,E02004152,9733,1566,434,1132,8167,785,7382
2021,Exeter 005,E02004153,7487,1369,530,839,6118,577,5541
2021,Exeter 006,E02004154,8295,1376,475,901,6919,702,6217
2021,Exeter 007,E02004155,7459,1555,637,918,5904,585,5319
2021,Exeter 008,E02004156,11624,2412,864,1548,9212,897,8315
2021,Exeter 009,E02004157,6347,1088,408,680,5259,554,4705
2021,Exeter 010,E02004158,8064,1516,600,916,6548,655,5893
2021,Exeter 011,E02004159,12769,1815,686,1129,10954,970,9984
2021,Exeter 012,E02004160,7213,1446,556,890,5767,535,5232
2021,Exeter 013,E02004161,8296,1788,748,1040,6508,610,5898
2021,Exeter 014,E02004162,6937,1343,577,766,5594,539,5055
2021,Exeter 015,E02004163,8251,1609,612,997,6642,648,5994
2021,Mid Devon 001,E02004164,6803,1171,436,735,5632,562,5070
2021,Mid Devon 002,E02004165,8876,1565,620,945,7311,733,6578
2021,Mid Devon 003,E02004166,6780,1142,458,684,5638,540,5098
2021,Mid Devon 004,E02004167,7165,1493,626,867,5672,478,5194
2021,Mid Devon 005,E02004168,6252,1367,563,804,4885,424,4461
2021,Mid Devon 006,E02004169,7580,1250,475,775,6330,580,5750
2021,Mid Devon 007,E02004170,8808,1654,676,978,7154,701,6453
2021,Mid Devon 008,E02004171,8520,1455,545,910,7065,669,6396
2021,Mid Devon 009,E02004172,6501,1244,452,792,5257,534,4723
2021,Mid Devon 010,E02004173,7493,1411,519,892,6082,614,5468
2021,Mid Devon 011,E02004174,8077,1575,566,1009,6502,649,5853
2021,North Devon 001,E02004175,5146,1253,540,713,3893,378,3515
2021,North Devon 002,E02004176,5566,1113,412,701,4453,398,4055
2021,North Devon 003,E02004177,5891,1267,542,725,4624,454,4170
2021,North Devon 004,E02004178,5255,810,313,497,4445,429,4016
2021,North Devon 005,E02004179,9207,1584,640,944,7623,648,6975
2021,North Devon 006,E02004180,6512,1124,467,657,5388,519,4869
2021,North Devon 007,E02004181,5728,1116,451,665,4612,460,4152
2021,North Devon 008,E02004182,6272,1440,639,801,4832,437,4395
2021,North Devon 009,E02004183,5843,1275,506,769,4568,456,4112
2021,North Devon 010,E02004184,8564,1717,732,985,6847,678,6169
2021,North Devon 011,E02004185,6697,1342,509,833,5355,546,4809
2021,North Devon 012,E02004186,10159,1766,696,1070,8393,817,7576
2021,North Devon 013,E02004187,10752,2077,871,1206,8675,862,7813
2021,North Devon 014,E02004188,7020,1415,547,868,5605,581,5024
2021,South Hams 001,E02004189,6132,1054,421,633,5078,511,4567
2021,South Hams 002,E02004190,8707,1660,679,981,7047,716,6331
2021,South Hams 003,E02004191,9030,2098,914,1184,6932,717,6215
2021,South Hams 004,E02004192,7708,1427,532,895,6281,667,5614
2021,South Hams 005,E02004193,11905,2039,790,1249,9866,1014,8852
2021,South Hams 006,E02004194,7383,1235,483,752,6148,575,5573
2021,South Hams 007,E02004195,5261,1138,478,660,4123,397,3726
2021,South Hams 008,E02004196,8103,1443,556,887,6660,731,5929
2021,South Hams 009,E02004197,7233,1270,536,734,5963,615,5348
2021,South Hams 010,E02004198,6283,1321,547,774,4962,471,4491
2021,South Hams 011,E02004199,5763,1141,436,705,4622,489,4133
2021,South Hams 012,E02004200,5121,935,345,590,4186,435,3751
2021,Teignbridge 001,E02004201,5487,1012,372,640,4475,434,4041
2021,Teignbridge 002,E02004202,8695,1559,568,991,7136,750,6386
2021,Teignbridge 003,E02004203,5744,1020,360,660,4724,505,4219
2021,Teignbridge 004,E02004204,9823,1818,660,1158,8005,848,7157
2021,Teignbridge 005,E02004205,8591,1845,769,1076,6746,683,6063
2021,Teignbridge 006,E02004206,6673,1710,768,942,4963,578,4385
2021,Teignbridge 007,E02004207,6721,1264,519,745,5457,516,4941
2021,Teignbridge 008,E02004208,8331,1661,645,1016,6670,736,5934
2021,Teignbridge 009,E02004209,9234,1807,752,1055,7427,704,6723
2021,Teignbridge 010,E02004210,6602,1703,770,933,4899,495,4404
2021,Teignbridge 011,E02004211,6600,1252,515,737,5348,560,4788
2021,Teignbridge 012,E02004212,6170,1127,436,691,5043,507,4536
2021,Teignbridge 013,E02004213,9159,1637,592,1045,7522,738,6784
2021,Teignbridge 014,E02004214,6084,1406,572,834,4678,446,4232
2021,Teignbridge 015,E02004215,5827,1319,562,757,4508,436,4072
2021,Teignbridge 016,E02004216,5557,1194,483,711,4363,415,3948
2021,Teignbridge 017,E02004217,7792,1677,670,1007,6115,614,5501
2021,Teignbridge 018,E02004218,6126,1260,486,774,4866,461,4405
2021,Teignbridge 019,E02004219,5590,1143,440,703,4447,459,3988
2021,Torridge 001,E02004220,5981,1440,634,806,4541,509,4032
2021,Torridge 002,E02004221,6370,1472,688,784,4898,458,4440
2021,Torridge 003,E02004222,5737,1297,561,736,4440,415,4025
2021,Torridge 004,E02004223,13020,2670,1076,1594,10350,952,9398
2021,Torridge 005,E02004224,6446,1248,491,757,5198,530,4668
2021,Torridge 006,E02004225,5800,1313,506,807,4487,418,4069
2021,Torridge 007,E02004226,7305,1397,551,846,5908,611,5297
2021,Torridge 008,E02004227,10184,2089,865,1224,8095,745,7350
2021,Torridge 009,E02004228,7269,1523,613,910,5746,545,5201
2021,West Devon 001,E02004229,9956,2020,815,1205,7936,788,7148
2021,West Devon 002,E02004230,7710,1665,663,1002,6045,605,5440
2021,West Devon 003,E02004231,7088,1481,544,937,5607,629,4978
2021,West Devon 004,E02004232,6903,1266,482,784,5637,525,5112
2021,West Devon 005,E02004233,12673,2704,1067,1637,9969,1134,8835
2021,West Devon 006,E02004234,6224,1346,569,777,4878,562,4316
2021,West Devon 007,E02004235,6540,1410,566,844,5130,555,4575
2021,"Bournemouth, Christchurch and Poole 002",E02004236,6224,1230,466,764,4994,535,4459
2021,"Bournemouth, Christchurch and Poole 014",E02004237,8140,1512,662,850,6628,628,6000
2021,"Bournemouth, Christchurch and Poole 019",E02004238,7483,1621,655,966,5862,680,5182
2021,"Bournemouth, Christchurch and Poole 018",E02004239,6242,1142,424,718,5100,514,4586
2021,"Bournemouth, Christchurch and Poole 024",E02004240,6109,1437,697,740,4672,429,4243
2021,"Bournemouth, Christchurch and Poole 031",E02004241,9470,1863,759,1104,7607,734,6873
2021,"Bournemouth, Christchurch and Poole 033",E02004242,6466,1198,477,721,5268,572,4696
2021,Dorset 007,E02004243,6448,1060,377,683,5388,561,4827
2021,Dorset 010,E02004244,7690,1245,450,795,6445,692,5753
2021,Dorset 012,E02004245,7487,1339,523,816,6148,633,5515
2021,Dorset 015,E02004246,7903,1503,569,934,6400,664,5736
2021,Dorset 013,E02004247,6082,992,376,616,5090,501,4589
2021,Dorset 016,E02004248,7405,1721,688,1033,5684,705,4979
2021,Dorset 017,E02004249,6027,844,276,568,5183,550,4633
2021,Dorset 018,E02004250,7792,1825,778,1047,5967,605,5362
2021,Dorset 020,E02004251,6326,1220,465,755,5106,518,4588
2021,Dorset 021,E02004252,7987,1654,643,1011,6333,701,5632
2021,Dorset 024,E02004253,9800,1834,745,1089,7966,821,7145
2021,Dorset 025,E02004254,10374,1661,570,1091,8713,922,7791
2021,Dorset 001,E02004255,7315,1534,607,927,5781,611,5170
2021,Dorset 002,E02004256,9186,1487,510,977,7699,762,6937
2021,Dorset 003,E02004257,9160,1676,615,1061,7484,751,6733
2021,Dorset 005,E02004258,10439,2076,816,1260,8363,882,7481
2021,Dorset 006,E02004259,7156,1379,508,871,5777,588,5189
2021,Dorset 009,E02004260,9024,1402,501,901,7622,667,6955
2021,Dorset 011,E02004261,10359,2132,810,1322,8227,864,7363
2021,Dorset 014,E02004262,7889,1402,487,915,6487,687,5800
2021,Dorset 027,E02004263,5834,1001,358,643,4833,532,4301
2021,Dorset 028,E02004264,8648,1564,625,939,7084,713,6371
2021,Dorset 033,E02004265,8498,1703,661,1042,6795,652,6143
2021,Dorset 035,E02004266,8330,1549,584,965,6781,661,6120
2021,Dorset 039,E02004267,5057,980,374,606,4077,465,3612
2021,Dorset 042,E02004268,9426,2122,912,1210,7304,802,6502
2021,Dorset 004,E02004269,10361,2043,782,1261,8318,808,7510
2021,Dorset 008,E02004270,7796,1309,480,829,6487,698,5789
2021,Dorset 019,E02004271,10043,1932,690,1242,8111,880,7231
2021,Dorset 022,E02004272,12206,2196,850,1346,10010,1128,8882
2021,Dorset 023,E02004273,7173,1496,567,929,5677,620,5057
2021,Dorset 026,E02004274,6414,1450,572,878,4964,532,4432
2021,Dorset 029,E02004275,7664,1422,533,889,6242,677,5565
2021,Dorset 030,E02004276,5553,1302,547,755,4251,509,3742
2021,Dorset 034,E02004278,8817,1680,579,1101,7137,759,6378
2021,Dorset 036,E02004279,8023,1506,547,959,6517,663,5854
2021,Dorset 037,E02004280,8378,1713,689,1024,6665,721,5944
2021,Dorset 038,E02004281,7667,1697,729,968,5970,635,5335
2021,Dorset 040,E02004282,8848,1895,740,1155,6953,822,6131
2021,Dorset 041,E02004283,9063,1918,799,1119,7145,746,6399
2021,Dorset 044,E02004284,9524,2511,1107,1404,7013,742,6271
2021,Dorset 043,E02004285,7705,1817,723,1094,5888,588,5300
2021,Dorset 045,E02004286,5032,1058,449,609,3974,381,3593
2021,Dorset 046,E02004287,5574,1151,450,701,4423,500,3923
2021,Dorset 047,E02004288,6197,1607,588,1019,4590,604,3986
2021,Dorset 048,E02004289,7361,1613,632,981,5748,630,5118
2021,County Durham 002,E02004290,5722,1080,479,601,4642,460,4182
2021,County Durham 005,E02004291,7120,1658,774,884,5462,508,4954
2021,County Durham 007,E02004292,7960,1488,678,810,6472,709,5763
2021,County Durham 011,E02004293,9614,2496,1194,1302,7118,666,6452
2021,County Durham 013,E02004294,7899,1450,580,870,6449,676,5773
2021,County Durham 015,E02004295,7277,1546,696,850,5731,589,5142
2021,County Durham 019,E02004296,8425,1928,874,1054,6497,643,5854
2021,County Durham 001,E02004297,7938,1586,693,893,6352,648,5704
2021,County Durham 003,E02004298,9956,2013,900,1113,7943,911,7032
2021,County Durham 004,E02004299,8191,1956,927,1029,6235,588,5647
2021,County Durham 006,E02004300,7682,2111,1005,1106,5571,537,5034
2021,County Durham 008,E02004301,9596,2525,1280,1245,7071,615,6456
2021,County Durham 009,E02004302,7827,2086,996,1090,5741,549,5192
2021,County Durham 010,E02004303,11018,2542,1182,1360,8476,808,7668
2021,County Durham 012,E02004304,9004,2049,1026,1023,6955,591,6364
2021,County Durham 014,E02004305,10187,2047,916,1131,8140,722,7418
2021,County Durham 020,E02004306,5992,1240,514,726,4752,502,4250
2021,County Durham 024,E02004307,6454,1441,674,767,5013,467,4546
2021,County Durham 022,E02004308,7721,1679,652,1027,6042,700,5342
2021,County Durham 023,E02004309,6195,1248,567,681,4947,517,4430
2021,County Durham 026,E02004310,7826,1762,837,925,6064,609,5455
2021,County Durham 027,E02004311,9129,2055,943,1112,7074,717,6357
2021,County Durham 028,E02004312,7425,1431,566,865,5994,674,5320
2021,County Durham 029,E02004313,6744,1579,704,875,5165,452,4713
2021,County Durham 030,E02004314,12667,1963,479,1484,10704,979,9725
2021,County Durham 033,E02004315,13300,1805,566,1239,11495,1161,10334
2021,County Durham 031,E02004316,6479,1497,718,779,4982,455,4527
2021,County Durham 038,E02004317,7318,1777,922,855,5541,537,5004
2021,County Durham 041,E02004318,6585,1458,605,853,5127,497,4630
2021,County Durham 044,E02004319,7964,1701,782,919,6263,536,5727
2021,County Durham 016,E02004320,8557,1704,770,934,6853,584,6269
2021,County Durham 017,E02004321,8166,2031,1058,973,6135,565,5570
2021,County Durham 018,E02004322,8660,2434,1283,1151,6226,514,5712
2021,County Durham 021,E02004323,7383,1686,810,876,5697,543,5154
2021,County Durham 025,E02004324,5762,1458,687,771,4304,340,3964
2021,County Durham 032,E02004325,9012,2628,1458,1170,6384,493,5891
2021,County Durham 034,E02004326,6766,1729,942,787,5037,383,4654
2021,County Durham 036,E02004327,5549,1738,955,783,3811,299,3512
2021,County Durham 035,E02004328,7231,1840,944,896,5391,439,4952
2021,County Durham 037,E02004329,6456,1600,827,773,4856,420,4436
2021,County Durham 039,E02004330,5945,1697,885,812,4248,372,3876
2021,County Durham 040,E02004331,7186,1923,1001,922,5263,413,4850
2021,County Durham 043,E02004332,7362,1687,850,837,5675,493,5182
2021,County Durham 047,E02004333,6690,1455,661,794,5235,527,4708
2021,County Durham 048,E02004334,7001,1711,798,913,5290,456,4834
2021,County Durham 049,E02004335,7883,1833,908,925,6050,511,5539
2021,County Durham 050,E02004336,6713,1882,980,902,4831,436,4395
2021,County Durham 052,E02004337,10501,2381,1068,1313,8120,730,7390
2021,County Durham 053,E02004338,7323,1617,798,819,5706,484,5222
2021,County Durham 054,E02004339,7031,1279,508,771,5752,597,5155
2021,County Durham 059,E02004340,10420,2758,1301,1457,7662,683,6979
2021,County Durham 060,E02004341,8718,1637,730,907,7081,712,6369
2021,County Durham 061,E02004342,5606,1601,781,820,4005,367,3638
2021,County Durham 062,E02004343,5536,1491,699,792,4045,363,3682
2021,County Durham 063,E02004344,6973,1825,903,922,5148,511,4637
2021,County Durham 064,E02004345,12568,2686,1139,1547,9882,981,8901
2021,County Durham 042,E02004348,7825,1706,700,1006,6119,626,5493
2021,County Durham 045,E02004349,9361,2376,1184,1192,6985,573,6412
2021,County Durham 046,E02004350,9780,2186,1046,1140,7594,680,6914
2021,County Durham 051,E02004351,7235,1997,1075,922,5238,467,4771
2021,County Durham 055,E02004352,8181,1919,922,997,6262,574,5688
2021,County Durham 056,E02004353,7204,1616,694,922,5588,541,5047
2021,County Durham 057,E02004354,9086,2076,982,1094,7010,636,6374
2021,County Durham 058,E02004355,7039,1949,975,974,5090,425,4665
2021,Eastbourne 001,E02004356,7392,1818,852,966,5574,516,5058
2021,Eastbourne 002,E02004357,7686,1819,734,1085,5867,565,5302
2021,Eastbourne 003,E02004358,8041,1871,829,1042,6170,583,5587
2021,Eastbourne 004,E02004359,7750,1925,894,1031,5825,587,5238
2021,Eastbourne 006,E02004361,8190,1579,637,942,6611,652,5959
2021,Eastbourne 007,E02004362,8825,1624,622,1002,7201,623,6578
2021,Eastbourne 008,E02004363,6961,1577,745,832,5384,509,4875
2021,Eastbourne 009,E02004364,8200,1664,676,988,6536,677,5859
2021,Eastbourne 010,E02004365,8424,1730,778,952,6694,568,6126
2021,Eastbourne 011,E02004366,7644,1651,656,995,5993,589,5404
2021,Eastbourne 012,E02004367,6747,1518,605,913,5229,604,4625
2021,Hastings 001,E02004368,8293,1492,591,901,6801,618,6183
2021,Hastings 002,E02004369,10050,2072,908,1164,7978,814,7164
2021,Hastings 003,E02004370,8106,2140,1073,1067,5966,485,5481
2021,Hastings 004,E02004371,7137,1488,610,878,5649,525,5124
2021,Hastings 005,E02004372,7149,1839,854,985,5310,420,4890
2021,Hastings 006,E02004373,8798,1901,846,1055,6897,640,6257
2021,Hastings 007,E02004374,7295,1561,608,953,5734,548,5186
2021,Hastings 008,E02004375,8364,1896,808,1088,6468,643,5825
2021,Hastings 009,E02004376,6877,1578,662,916,5299,483,4816
2021,Hastings 010,E02004377,10709,2453,1078,1375,8256,750,7506
2021,Hastings 011,E02004378,8221,2107,935,1172,6114,558,5556
2021,Lewes 001,E02004379,7650,1175,426,749,6475,686,5789
2021,Lewes 002,E02004380,9643,1648,686,962,7995,847,7148
2021,Lewes 003,E02004381,9376,1963,697,1266,7413,830,6583
2021,Lewes 004,E02004382,6513,1271,492,779,5242,549,4693
2021,Lewes 005,E02004383,7339,1389,476,913,5950,662,5288
2021,Lewes 006,E02004384,7394,1424,589,835,5970,631,5339
2021,Lewes 007,E02004385,7659,1587,683,904,6072,600,5472
2021,Lewes 008,E02004386,6621,1450,613,837,5171,538,4633
2021,Lewes 009,E02004387,6070,1327,542,785,4743,426,4317
2021,Lewes 010,E02004388,7776,1787,792,995,5989,564,5425
2021,Lewes 011,E02004389,9342,2041,790,1251,7301,847,6454
2021,Lewes 012,E02004390,8034,1725,701,1024,6309,725,5584
2021,Lewes 013,E02004391,6488,1555,658,897,4933,620,4313
2021,Rother 001,E02004392,9283,1472,565,907,7811,717,7094
2021,Rother 002,E02004393,6349,1321,543,778,5028,515,4513
2021,Rother 003,E02004394,7909,1442,579,863,6467,623,5844
2021,Rother 004,E02004395,7623,1641,658,983,5982,592,5390
2021,Rother 005,E02004396,9238,1826,741,1085,7412,739,6673
2021,Rother 006,E02004397,8137,1547,589,958,6590,670,5920
2021,Rother 007,E02004398,9321,2343,1053,1290,6978,658,6320
2021,Rother 008,E02004399,8049,1993,905,1088,6056,634,5422
2021,Rother 009,E02004400,10530,2415,987,1428,8115,919,7196
2021,Rother 010,E02004401,7711,1726,660,1066,5985,698,5287
2021,Rother 011,E02004402,8960,2412,1026,1386,6548,707,5841
2021,Wealden 001,E02004403,6434,937,294,643,5497,458,5039
2021,Wealden 002,E02004404,6405,829,277,552,5576,520,5056
2021,Wealden 003,E02004405,6029,886,290,596,5143,586,4557
2021,Wealden 004,E02004406,7286,1222,495,727,6064,591,5473
2021,Wealden 005,E02004407,8103,1203,422,781,6900,671,6229
2021,Wealden 006,E02004408,8375,1331,434,897,7044,757,6287
2021,Wealden 007,E02004409,5323,821,334,487,4502,433,4069
2021,Wealden 008,E02004410,7991,1237,453,784,6754,718,6036
2021,Wealden 009,E02004411,8510,1455,545,910,7055,717,6338
2021,Wealden 010,E02004412,8079,1308,471,837,6771,719,6052
2021,Wealden 011,E02004413,7323,1176,451,725,6147,594,5553
2021,Wealden 012,E02004414,6524,1012,359,653,5512,584,4928
2021,Wealden 013,E02004415,6696,1065,415,650,5631,527,5104
2021,Wealden 014,E02004416,6475,1052,381,671,5423,530,4893
2021,Wealden 015,E02004417,6517,1308,555,753,5209,586,4623
2021,Wealden 016,E02004418,5788,1206,485,721,4582,513,4069
2021,Wealden 017,E02004419,6333,1574,711,863,4759,475,4284
2021,Wealden 018,E02004420,13949,2399,892,1507,11550,1123,10427
2021,Wealden 019,E02004421,9339,1984,794,1190,7355,744,6611
2021,Wealden 020,E02004422,11106,2083,815,1268,9023,819,8204
2021,Wealden 021,E02004423,7558,1538,603,935,6020,651,5369
2021,Basildon 001,E02004424,7113,826,266,560,6287,553,5734
2021,Basildon 002,E02004425,7343,1008,361,647,6335,551,5784
2021,Basildon 003,E02004426,8101,1090,398,692,7011,568,6443
2021,Basildon 004,E02004427,8064,1136,393,743,6928,605,6323
2021,Basildon 005,E02004428,6964,1301,558,743,5663,503,5160
2021,Basildon 006,E02004429,7576,1252,483,769,6324,543,5781
2021,Basildon 007,E02004430,8438,1179,441,738,7259,577,6682
2021,Basildon 008,E02004431,9722,1372,519,853,8350,687,7663
2021,Basildon 009,E02004432,6443,942,348,594,5501,452,5049
2021,Basildon 010,E02004433,8736,1592,734,858,7144,573,6571
2021,Basildon 011,E02004434,8544,1590,732,858,6954,512,6442
2021,Basildon 012,E02004435,9790,1614,739,875,8176,593,7583
2021,Basildon 013,E02004436,7908,1883,963,920,6025,485,5540
2021,Basildon 014,E02004437,10068,1704,724,980,8364,653,7711
2021,Basildon 015,E02004438,9610,1804,848,956,7806,552,7254
2021,Basildon 016,E02004439,9883,1860,858,1002,8023,564,7459
2021,Basildon 017,E02004440,9162,1428,604,824,7734,553,7181
2021,Basildon 018,E02004441,7828,1670,772,898,6158,493,5665
2021,Basildon 019,E02004442,8616,1791,797,994,6825,489,6336
2021,Basildon 020,E02004443,10312,1477,605,872,8835,683,8152
2021,Basildon 021,E02004444,9044,1256,518,738,7788,686,7102
2021,Basildon 022,E02004445,8298,1602,795,807,6696,493,6203
2021,Braintree 001,E02004446,7021,1141,431,710,5880,581,5299
2021,Braintree 002,E02004447,5971,869,306,563,5102,535,4567
2021,Braintree 003,E02004448,7817,1299,466,833,6518,594,5924
2021,Braintree 004,E02004449,8883,1683,681,1002,7200,724,6476
2021,Braintree 005,E02004450,6279,1011,410,601,5268,464,4804
2021,Braintree 006,E02004451,9494,1531,619,912,7963,773,7190
2021,Braintree 007,E02004452,9339,1686,725,961,7653,695,6958
2021,Braintree 008,E02004453,7453,1542,635,907,5911,477,5434
2021,Braintree 009,E02004454,9441,1638,603,1035,7803,717,7086
2021,Braintree 010,E02004455,7948,1051,373,678,6897,602,6295
2021,Braintree 011,E02004456,9833,1787,696,1091,8046,729,7317
2021,Braintree 012,E02004457,10612,1826,715,1111,8786,766,8020
2021,Braintree 013,E02004458,9536,1281,442,839,8255,815,7440
2021,Braintree 014,E02004459,10409,1816,729,1087,8593,894,7699
2021,Braintree 015,E02004460,9768,1685,675,1010,8083,795,7288
2021,Braintree 016,E02004461,5742,1060,435,625,4682,415,4267
2021,Braintree 017,E02004462,11582,2012,854,1158,9570,862,8708
2021,Braintree 018,E02004463,8138,1367,579,788,6771,645,6126
2021,Brentwood 001,E02004464,9866,1449,651,798,8417,665,7752
2021,Brentwood 002,E02004465,6364,942,371,571,5422,406,5016
2021,Brentwood 003,E02004466,8231,1272,523,749,6959,614,6345
2021,Brentwood 004,E02004467,8239,1263,544,719,6976,539,6437
2021,Brentwood 005,E02004468,10619,1295,470,825,9324,795,8529
2021,Brentwood 006,E02004469,7264,916,341,575,6348,432,5916
2021,Brentwood 007,E02004470,11765,1569,617,952,10196,802,9394
2021,Brentwood 008,E02004471,8518,1353,582,771,7165,545,6620
2021,Brentwood 009,E02004472,6182,792,298,494,5390,415,4975
2021,Castle Point 001,E02004473,7825,1175,448,727,6650,542,6108
2021,Castle Point 002,E02004474,7953,1294,530,764,6659,558,6101
2021,Castle Point 003,E02004475,6625,1040,422,618,5585,437,5148
2021,Castle Point 004,E02004476,8079,1135,426,709,6944,563,6381
2021,Castle Point 005,E02004477,6046,998,380,618,5048,467,4581
2021,Castle Point 006,E02004478,6687,1244,533,711,5443,473,4970
2021,Castle Point 007,E02004479,8045,1337,554,783,6708,546,6162
2021,Castle Point 008,E02004480,6973,1085,448,637,5888,428,5460
2021,Castle Point 009,E02004481,6646,1451,659,792,5195,417,4778
2021,Castle Point 010,E02004482,8342,1807,826,981,6535,551,5984
2021,Castle Point 011,E02004483,7998,1628,779,849,6370,515,5855
2021,Castle Point 012,E02004484,8365,1693,731,962,6672,533,6139
2021,Chelmsford 001,E02004485,9860,1282,450,832,8578,644,7934
2021,Chelmsford 002,E02004486,8630,1235,496,739,7395,738,6657
2021,Chelmsford 003,E02004487,7626,1243,460,783,6383,550,5833
2021,Chelmsford 004,E02004488,9998,1232,457,775,8766,741,8025
2021,Chelmsford 005,E02004489,9500,1214,438,776,8286,713,7573
2021,Chelmsford 006,E02004490,7907,1662,728,934,6245,530,5715
2021,Chelmsford 007,E02004491,7477,916,285,631,6561,623,5938
2021,Chelmsford 008,E02004492,9348,1210,385,825,8138,724,7414
2021,Chelmsford 009,E02004493,10349,1529,584,945,8820,724,8096
2021,Chelmsford 011,E02004495,8309,1359,523,836,6950,680,6270
2021,Chelmsford 012,E02004496,8224,1072,395,677,7152,599,6553
2021,Chelmsford 013,E02004497,7825,1194,459,735,6631,599,6032
2021,Chelmsford 014,E02004498,9891,1662,688,974,8229,715,7514
2021,Chelmsford 015,E02004499,6837,874,266,608,5963,573,5390
2021,Chelmsford 016,E02004500,9245,1372,516,856,7873,730,7143
2021,Chelmsford 017,E02004501,7049,1078,420,658,5971,565,5406
2021,Chelmsford 018,E02004502,7231,964,385,579,6267,543,5724
2021,Chelmsford 019,E02004503,8017,1054,349,705,6963,585,6378
2021,Chelmsford 020,E02004504,8008,1043,369,674,6965,582,6383
2021,Chelmsford 021,E02004505,6509,1128,456,672,5381,499,4882
2021,Colchester 001,E02004506,7148,1065,427,638,6083,601,5482
2021,Colchester 002,E02004507,9689,1553,627,926,8136,752,7384
2021,Colchester 003,E02004508,6566,1109,422,687,5457,525,4932
2021,Colchester 007,E02004512,11315,1996,777,1219,9319,878,8441
2021,Colchester 008,E02004513,11349,2332,983,1349,9017,703,8314
2021,Colchester 009,E02004514,5824,940,364,576,4884,442,4442
2021,Colchester 010,E02004515,9709,1353,481,872,8356,784,7572
2021,Colchester 011,E02004516,13379,2152,758,1394,11227,955,10272
2021,Colchester 012,E02004517,9611,1620,635,985,7991,711,7280
2021,Colchester 013,E02004518,8081,1089,379,710,6992,607,6385
2021,Colchester 014,E02004519,7498,1388,531,857,6110,637,5473
2021,Colchester 015,E02004520,9699,1517,637,880,8182,579,7603
2021,Colchester 016,E02004521,9445,1838,736,1102,7607,722,6885
2021,Colchester 017,E02004522,8983,1504,479,1025,7479,758,6721
2021,Colchester 018,E02004523,10502,2063,833,1230,8439,749,7690
2021,Colchester 019,E02004524,8301,1413,535,878,6888,714,6174
2021,Colchester 020,E02004525,8088,1435,555,880,6653,687,5966
2021,Colchester 021,E02004526,7221,1404,564,840,5817,622,5195
2021,Epping Forest 001,E02004527,9280,1227,469,758,8053,655,7398
2021,Epping Forest 002,E02004528,8816,1283,523,760,7533,554,6979
2021,Epping Forest 003,E02004529,7372,1009,399,610,6363,440,5923
2021,Epping Forest 004,E02004530,7138,1091,437,654,6047,435,5612
2021,Epping Forest 005,E02004531,7161,1036,438,598,6125,493,5632
2021,Epping Forest 006,E02004532,6415,871,339,532,5544,458,5086
2021,Epping Forest 007,E02004533,7714,1409,673,736,6305,429,5876
2021,Epping Forest 008,E02004534,9073,1380,556,824,7693,485,7208
2021,Epping Forest 009,E02004535,6071,1101,526,575,4970,322,4648
2021,Epping Forest 010,E02004536,6237,896,356,540,5341,396,4945
2021,Epping Forest 011,E02004537,9526,1610,725,885,7916,540,7376
2021,Epping Forest 012,E02004538,9863,1181,501,680,8682,610,8072
2021,Epping Forest 013,E02004539,7923,1076,442,634,6847,526,6321
2021,Epping Forest 014,E02004540,6034,727,290,437,5307,374,4933
2021,Epping Forest 015,E02004541,11751,1357,552,805,10394,688,9706
2021,Epping Forest 016,E02004542,6999,840,363,477,6159,410,5749
2021,Epping Forest 017,E02004543,7602,916,386,530,6686,370,6316
2021,Harlow 001,E02004544,11183,1421,554,867,9762,723,9039
2021,Harlow 002,E02004545,7971,1517,654,863,6454,503,5951
2021,Harlow 003,E02004546,8412,1455,567,888,6957,497,6460
2021,Harlow 004,E02004547,10061,1596,656,940,8465,580,7885
2021,Harlow 005,E02004548,8941,1000,345,655,7941,577,7364
2021,Harlow 006,E02004549,8158,1499,636,863,6659,522,6137
2021,Harlow 007,E02004550,8822,1654,698,956,7168,526,6642
2021,Harlow 008,E02004551,7608,1448,628,820,6160,484,5676
2021,Harlow 009,E02004552,6593,1074,422,652,5519,446,5073
2021,Harlow 010,E02004553,7848,1297,524,773,6551,495,6056
2021,Harlow 011,E02004554,7733,1265,554,711,6468,504,5964
2021,Maldon 001,E02004555,6487,1076,402,674,5411,473,4938
2021,Maldon 002,E02004556,7552,1113,414,699,6439,584,5855
2021,Maldon 003,E02004557,8908,1554,611,943,7354,685,6669
2021,Maldon 004,E02004558,6909,1351,555,796,5558,592,4966
2021,Maldon 005,E02004559,8029,1346,541,805,6683,614,6069
2021,Maldon 006,E02004560,9084,1743,701,1042,7341,673,6668
2021,Maldon 007,E02004561,10388,1745,691,1054,8643,821,7822
2021,Maldon 008,E02004562,8850,1556,600,956,7294,715,6579
2021,Rochford 001,E02004563,6593,1192,474,718,5401,510,4891
2021,Rochford 002,E02004564,7915,1250,466,784,6665,621,6044
2021,Rochford 004,E02004566,5655,1154,517,637,4501,403,4098
2021,Rochford 005,E02004567,8125,1211,424,787,6914,633,6281
2021,Rochford 006,E02004568,8861,1208,424,784,7653,641,7012
2021,Rochford 007,E02004569,8650,1519,580,939,7131,633,6498
2021,Rochford 008,E02004570,8693,1450,604,846,7243,658,6585
2021,Rochford 009,E02004571,7817,1093,408,685,6724,593,6131
2021,Rochford 010,E02004572,7932,1322,551,771,6610,571,6039
2021,Tendring 001,E02004573,6417,1569,708,861,4848,424,4424
2021,Tendring 002,E02004574,7862,1814,813,1001,6048,515,5533
2021,Tendring 003,E02004575,12089,2290,912,1378,9799,967,8832
2021,Tendring 004,E02004576,9139,1846,758,1088,7293,679,6614
2021,Tendring 005,E02004577,6108,1057,465,592,5051,459,4592
2021,Tendring 006,E02004578,7629,1997,933,1064,5632,554,5078
2021,Tendring 007,E02004579,7913,1617,698,919,6296,572,5724
2021,Tendring 008,E02004580,12285,2966,1299,1667,9319,961,8358
2021,Tendring 009,E02004581,8507,1629,665,964,6878,687,6191
2021,Tendring 010,E02004582,6971,1905,966,939,5066,477,4589
2021,Tendring 011,E02004583,8907,2037,872,1165,6870,659,6211
2021,Tendring 012,E02004584,6585,1693,818,875,4892,489,4403
2021,Tendring 013,E02004585,9038,2075,962,1113,6963,618,6345
2021,Tendring 014,E02004586,8246,2089,957,1132,6157,562,5595
2021,Tendring 015,E02004587,7736,2136,1077,1059,5600,481,5119
2021,Tendring 016,E02004588,7207,2321,1215,1106,4886,403,4483
2021,Tendring 017,E02004589,7413,1976,957,1019,5437,526,4911
2021,Tendring 018,E02004590,8238,2677,1409,1268,5561,507,5054
2021,Uttlesford 001,E02004591,7626,947,286,661,6679,631,6048
2021,Uttlesford 002,E02004592,13127,2042,720,1322,11085,1113,9972
2021,Uttlesford 003,E02004593,8966,1153,372,781,7813,772,7041
2021,Uttlesford 004,E02004594,8312,1169,391,778,7143,632,6511
2021,Uttlesford 005,E02004595,14835,1934,698,1236,12901,1124,11777
2021,Uttlesford 006,E02004596,10620,1361,517,844,9259,724,8535
2021,Uttlesford 007,E02004597,9024,1151,386,765,7873,655,7218
2021,Uttlesford 008,E02004598,11036,1412,528,884,9624,759,8865
2021,Uttlesford 009,E02004599,7793,1059,398,661,6734,631,6103
2021,Cheltenham 001,E02004600,5562,911,368,543,4651,419,4232
2021,Cheltenham 002,E02004601,6146,928,322,606,5218,532,4686
2021,Cheltenham 003,E02004602,6733,1273,567,706,5460,439,5021
2021,Cheltenham 004,E02004603,8096,1486,554,932,6610,615,5995
2021,Cheltenham 005,E02004604,8315,1676,730,946,6639,473,6166
2021,Cheltenham 006,E02004605,5868,1098,461,637,4770,387,4383
2021,Cheltenham 007,E02004606,10439,1773,671,1102,8666,814,7852
2021,Cheltenham 008,E02004607,9545,1387,511,876,8158,839,7319
2021,Cheltenham 009,E02004608,9913,1517,555,962,8396,865,7531
2021,Cheltenham 010,E02004609,7155,1170,422,748,5985,585,5400
2021,Cheltenham 011,E02004610,7576,1155,357,798,6421,715,5706
2021,Cheltenham 012,E02004611,12194,1497,468,1029,10697,1045,9652
2021,Cheltenham 013,E02004612,9340,1457,512,945,7883,830,7053
2021,Cheltenham 014,E02004613,6387,788,257,531,5599,599,5000
2021,Cheltenham 015,E02004614,5565,831,314,517,4734,501,4233
2021,Cotswold 001,E02004615,8699,1388,525,863,7311,771,6540
2021,Cotswold 002,E02004616,10008,1716,604,1112,8292,818,7474
2021,Cotswold 003,E02004617,9511,1386,471,915,8125,716,7409
2021,Cotswold 004,E02004618,7269,931,331,600,6338,595,5743
2021,Cotswold 005,E02004619,7191,1013,353,660,6178,560,5618
2021,Cotswold 006,E02004620,8410,1281,431,850,7129,656,6473
2021,Cotswold 007,E02004621,6129,1281,506,775,4848,518,4330
2021,Cotswold 008,E02004622,7509,1263,485,778,6246,618,5628
2021,Cotswold 009,E02004623,9265,1368,486,882,7897,785,7112
2021,Cotswold 010,E02004624,6583,917,312,605,5666,585,5081
2021,Cotswold 011,E02004625,10261,1440,519,921,8821,842,7979
2021,Forest of Dean 001,E02004626,9967,1580,562,1018,8387,772,7615
2021,Forest of Dean 002,E02004627,6376,1138,424,714,5238,473,4765
2021,Forest of Dean 003,E02004628,7908,1611,666,945,6297,614,5683
2021,Forest of Dean 004,E02004629,12961,2681,1105,1576,10280,955,9325
2021,Forest of Dean 005,E02004630,6586,1332,558,774,5254,491,4763
2021,Forest of Dean 006,E02004631,5101,939,396,543,4162,444,3718
2021,Forest of Dean 007,E02004632,10854,2249,921,1328,8605,850,7755
2021,Forest of Dean 008,E02004633,8325,1637,642,995,6688,636,6052
2021,Forest of Dean 009,E02004634,11303,2209,907,1302,9094,858,8236
2021,Forest of Dean 010,E02004635,7621,1303,519,784,6318,614,5704
2021,Gloucester 001,E02004636,7868,1162,409,753,6706,668,6038
2021,Gloucester 002,E02004637,9329,1903,818,1085,7426,723,6703
2021,Gloucester 003,E02004638,5905,984,387,597,4921,443,4478
2021,Gloucester 004,E02004639,11551,2241,871,1370,9310,814,8496
2021,Gloucester 005,E02004640,8613,1383,638,745,7230,385,6845
2021,Gloucester 006,E02004641,7382,1399,533,866,5983,600,5383
2021,Gloucester 007,E02004642,12101,1966,761,1205,10135,937,9198
2021,Gloucester 008,E02004643,8243,1550,705,845,6693,489,6204
2021,Gloucester 009,E02004644,9145,1676,715,961,7469,657,6812
2021,Gloucester 010,E02004645,9065,1319,447,872,7746,757,6989
2021,Gloucester 011,E02004646,9220,1952,868,1084,7268,627,6641
2021,Gloucester 012,E02004647,6173,1336,592,744,4837,451,4386
2021,Gloucester 013,E02004648,5681,1059,420,639,4622,458,4164
2021,Gloucester 014,E02004649,7314,1022,356,666,6292,609,5683
2021,Gloucester 015,E02004650,14831,2121,778,1343,12710,1110,11600
2021,Stroud 001,E02004651,11162,1496,507,989,9666,803,8863
2021,Stroud 002,E02004652,6674,1136,408,728,5538,542,4996
2021,Stroud 003,E02004653,7798,1310,539,771,6488,592,5896
2021,Stroud 004,E02004654,11501,2107,824,1283,9394,959,8435
2021,Stroud 005,E02004655,8066,1510,614,896,6556,581,5975
2021,Stroud 006,E02004656,11347,2177,794,1383,9170,979,8191
2021,Stroud 007,E02004657,6731,1022,319,703,5709,582,5127
2021,Stroud 008,E02004658,6283,901,301,600,5382,556,4826
2021,Stroud 009,E02004659,7129,1128,429,699,6001,586,5415
2021,Stroud 010,E02004660,6675,1163,463,700,5512,588,4924
2021,Stroud 011,E02004661,8521,1590,596,994,6931,779,6152
2021,Stroud 012,E02004662,6567,1086,437,649,5481,538,4943
2021,Stroud 013,E02004663,6496,1164,391,773,5332,566,4766
2021,Stroud 014,E02004664,7463,1404,538,866,6059,674,5385
2021,Stroud 015,E02004665,8691,1326,432,894,7365,771,6594
2021,Tewkesbury 001,E02004666,12084,1777,635,1142,10307,958,9349
2021,Tewkesbury 002,E02004667,10664,2010,777,1233,8654,886,7768
2021,Tewkesbury 003,E02004668,9105,1433,468,965,7672,766,6906
2021,Tewkesbury 004,E02004669,7497,1122,411,711,6375,659,5716
2021,Tewkesbury 006,E02004671,7132,1062,363,699,6070,573,5497
2021,Tewkesbury 007,E02004672,12346,2018,726,1292,10328,1050,9278
2021,Tewkesbury 008,E02004673,7767,1238,508,730,6529,621,5908
2021,Tewkesbury 009,E02004674,12252,2078,798,1280,10174,925,9249
2021,Basingstoke and Deane 001,E02004675,7725,1300,508,792,6425,645,5780
2021,Basingstoke and Deane 002,E02004676,7987,1188,408,780,6799,717,6082
2021,Basingstoke and Deane 003,E02004677,7570,964,311,653,6606,587,6019
2021,Basingstoke and Deane 004,E02004678,7578,1109,374,735,6469,634,5835
2021,Basingstoke and Deane 005,E02004679,11111,1596,598,998,9515,924,8591
2021,Basingstoke and Deane 006,E02004680,7848,844,254,590,7004,704,6300
2021,Basingstoke and Deane 007,E02004681,14930,2338,896,1442,12592,1061,11531
2021,Basingstoke and Deane 008,E02004682,8338,1210,416,794,7128,664,6464
2021,Basingstoke and Deane 009,E02004683,8159,1417,586,831,6742,605,6137
2021,Basingstoke and Deane 010,E02004684,11375,1691,625,1066,9684,883,8801
2021,Basingstoke and Deane 011,E02004685,7886,1226,418,808,6660,646,6014
2021,Basingstoke and Deane 012,E02004686,8831,1330,456,874,7501,625,6876
2021,Basingstoke and Deane 013,E02004687,7692,1370,560,810,6322,580,5742
2021,Basingstoke and Deane 014,E02004688,7845,1608,658,950,6237,580,5657
2021,Basingstoke and Deane 015,E02004689,5690,874,313,561,4816,491,4325
2021,Basingstoke and Deane 016,E02004690,8123,1163,404,759,6960,662,6298
2021,Basingstoke and Deane 017,E02004691,7950,1149,446,703,6801,599,6202
2021,Basingstoke and Deane 018,E02004692,7232,1109,397,712,6123,630,5493
2021,Basingstoke and Deane 019,E02004693,7446,1306,495,811,6140,638,5502
2021,Basingstoke and Deane 020,E02004694,7537,1099,395,704,6438,662,5776
2021,Basingstoke and Deane 021,E02004695,8753,869,232,637,7884,756,7128
2021,Basingstoke and Deane 022,E02004696,7544,1019,319,700,6525,627,5898
2021,East Hampshire 001,E02004697,6833,1037,437,600,5796,550,5246
2021,East Hampshire 002,E02004698,6605,1328,510,818,5277,545,4732
2021,East Hampshire 003,E02004699,10712,1702,533,1169,9010,962,8048
2021,East Hampshire 004,E02004700,6905,993,379,614,5912,502,5410
2021,East Hampshire 006,E02004702,8019,1339,496,843,6680,657,6023
2021,East Hampshire 007,E02004703,12611,1759,588,1171,10852,1133,9719
2021,East Hampshire 008,E02004704,6204,866,309,557,5338,513,4825
2021,East Hampshire 009,E02004705,9771,1502,538,964,8269,841,7428
2021,East Hampshire 010,E02004706,7616,1289,531,758,6327,665,5662
2021,East Hampshire 011,E02004707,11208,1622,551,1071,9586,989,8597
2021,East Hampshire 012,E02004708,9622,1578,550,1028,8044,817,7227
2021,East Hampshire 013,E02004709,8743,1307,446,861,7436,806,6630
2021,East Hampshire 014,E02004710,6554,1002,358,644,5552,593,4959
2021,Eastleigh 001,E02004712,8768,1193,404,789,7575,777,6798
2021,Eastleigh 002,E02004713,8032,1274,458,816,6758,697,6061
2021,Eastleigh 003,E02004714,7517,1156,422,734,6361,657,5704
2021,Eastleigh 004,E02004715,9045,1578,587,991,7467,767,6700
2021,Eastleigh 005,E02004716,8750,1436,547,889,7314,702,6612
2021,Eastleigh 006,E02004717,12988,2318,996,1322,10670,947,9723
2021,Eastleigh 007,E02004718,8692,1645,603,1042,7047,769,6278
2021,Eastleigh 008,E02004719,11531,1618,554,1064,9913,930,8983
2021,Eastleigh 009,E02004720,11321,1932,754,1178,9389,906,8483
2021,Eastleigh 010,E02004721,11784,1281,370,911,10503,885,9618
2021,Eastleigh 011,E02004722,7011,1333,594,739,5678,581,5097
2021,Eastleigh 012,E02004723,9858,1548,596,952,8310,830,7480
2021,Eastleigh 013,E02004724,9669,1534,570,964,8135,739,7396
2021,Eastleigh 014,E02004725,5443,1121,497,624,4322,470,3852
2021,Eastleigh 015,E02004726,6036,901,315,586,5135,513,4622
2021,Fareham 001,E02004727,10255,1291,453,838,8964,877,8087
2021,Fareham 002,E02004728,9098,1498,572,926,7600,789,6811
2021,Fareham 003,E02004729,7246,1462,521,941,5784,593,5191
2021,Fareham 004,E02004730,8673,1409,550,859,7264,823,6441
2021,Fareham 005,E02004731,7579,1126,405,721,6453,706,5747
2021,Fareham 006,E02004732,8843,1301,488,813,7542,750,6792
2021,Fareham 007,E02004733,8018,1241,458,783,6777,712,6065
2021,Fareham 008,E02004734,10112,1811,665,1146,8301,890,7411
2021,Fareham 009,E02004735,7478,1276,438,838,6202,754,5448
2021,Fareham 010,E02004736,8111,1361,484,877,6750,676,6074
2021,Fareham 011,E02004737,7572,1579,621,958,5993,617,5376
2021,Fareham 012,E02004738,7208,1247,482,765,5961,680,5281
2021,Fareham 013,E02004739,7224,1375,552,823,5849,641,5208
2021,Fareham 014,E02004740,7094,1275,514,761,5819,717,5102
2021,Gosport 001,E02004741,7497,1651,699,952,5846,601,5245
2021,Gosport 002,E02004742,7053,1717,739,978,5336,621,4715
2021,Gosport 003,E02004743,7313,1273,440,833,6040,713,5327
2021,Gosport 004,E02004744,9818,1802,687,1115,8016,754,7262
2021,Gosport 005,E02004745,8511,1756,681,1075,6755,740,6015
2021,Gosport 006,E02004746,11111,2133,814,1319,8978,1006,7972
2021,Gosport 007,E02004747,6247,1314,528,786,4933,555,4378
2021,Gosport 008,E02004748,9394,2229,889,1340,7165,850,6315
2021,Gosport 009,E02004749,7174,1359,517,842,5815,618,5197
2021,Gosport 010,E02004750,7838,1482,555,927,6356,733,5623
2021,Hart 001,E02004751,8436,1309,487,822,7127,694,6433
2021,Hart 002,E02004752,7953,963,289,674,6990,731,6259
2021,Hart 003,E02004753,11516,1511,510,1001,10005,875,9130
2021,Hart 004,E02004754,7164,950,341,609,6214,656,5558
2021,Hart 005,E02004755,12165,1413,412,1001,10752,898,9854
2021,Hart 006,E02004756,9659,1168,382,786,8491,814,7677
2021,Hart 007,E02004757,7889,1041,327,714,6848,709,6139
2021,Hart 008,E02004758,9154,1292,466,826,7862,716,7146
2021,Hart 009,E02004759,8226,1111,350,761,7115,692,6423
2021,Hart 010,E02004760,10724,1272,410,862,9452,800,8652
2021,Hart 011,E02004761,6516,819,288,531,5697,516,5181
2021,Havant 003,E02004764,8174,1637,641,996,6537,664,5873
2021,Havant 004,E02004765,6045,912,293,619,5133,564,4569
2021,Havant 005,E02004766,7115,1663,806,857,5452,533,4919
2021,Havant 006,E02004767,5820,1260,546,714,4560,388,4172
2021,Havant 007,E02004768,5378,1016,419,597,4362,450,3912
2021,Havant 008,E02004769,6385,1436,651,785,4949,417,4532
2021,Havant 009,E02004770,6850,1521,661,860,5329,474,4855
2021,Havant 010,E02004771,8967,2004,862,1142,6963,633,6330
2021,Havant 011,E02004772,9340,1640,619,1021,7700,771,6929
2021,Havant 013,E02004774,10269,1855,733,1122,8414,904,7510
2021,Havant 014,E02004775,10314,1725,699,1026,8589,937,7652
2021,Havant 015,E02004776,5948,1197,493,704,4751,521,4230
2021,Havant 016,E02004777,5258,1287,588,699,3971,444,3527
2021,Havant 017,E02004778,6184,1407,622,785,4777,487,4290
2021,New Forest 001,E02004779,10924,1877,760,1117,9047,967,8080
2021,New Forest 002,E02004780,5877,1157,492,665,4720,496,4224
2021,New Forest 003,E02004781,8007,1254,504,750,6753,631,6122
2021,New Forest 004,E02004782,7736,1574,623,951,6162,635,5527
2021,New Forest 005,E02004783,7035,1090,385,705,5945,573,5372
2021,New Forest 006,E02004784,5645,1028,411,617,4617,484,4133
2021,New Forest 007,E02004785,5488,979,392,587,4509,472,4037
2021,New Forest 008,E02004786,8246,1344,504,840,6902,712,6190
2021,New Forest 009,E02004787,7276,1341,489,852,5935,702,5233
2021,New Forest 010,E02004788,7224,1232,452,780,5992,579,5413
2021,New Forest 011,E02004789,10435,2054,831,1223,8381,828,7553
2021,New Forest 012,E02004790,8107,1594,610,984,6513,636,5877
2021,New Forest 013,E02004791,5556,1165,504,661,4391,430,3961
2021,New Forest 014,E02004792,8457,1510,561,949,6947,694,6253
2021,New Forest 015,E02004793,7391,1274,474,800,6117,587,5530
2021,New Forest 016,E02004794,6890,1128,422,706,5762,587,5175
2021,New Forest 017,E02004795,8514,1494,597,897,7020,734,6286
2021,New Forest 018,E02004796,9630,1682,616,1066,7948,856,7092
2021,New Forest 019,E02004797,8124,1427,561,866,6697,633,6064
2021,New Forest 020,E02004798,6145,1421,611,810,4724,497,4227
2021,New Forest 021,E02004799,7943,1838,760,1078,6105,601,5504
2021,New Forest 022,E02004800,7404,1669,752,917,5735,685,5050
2021,New Forest 023,E02004801,7731,1456,541,915,6275,679,5596
2021,Rushmoor 001,E02004802,6750,1173,454,719,5577,513,5064
2021,Rushmoor 002,E02004803,7489,1297,488,809,6192,471,5721
2021,Rushmoor 003,E02004804,7155,936,317,619,6219,560,5659
2021,Rushmoor 004,E02004805,8569,1081,357,724,7488,664,6824
2021,Rushmoor 005,E02004806,8034,1035,343,692,6999,619,6380
2021,Rushmoor 006,E02004807,9461,1438,541,897,8023,721,7302
2021,Rushmoor 007,E02004808,12121,1609,607,1002,10512,887,9625
2021,Rushmoor 008,E02004809,10914,1172,443,729,9742,577,9165
2021,Rushmoor 009,E02004810,8086,1132,422,710,6954,552,6402
2021,Rushmoor 010,E02004811,7972,1270,521,749,6702,564,6138
2021,Rushmoor 011,E02004812,6741,862,290,572,5879,500,5379
2021,Rushmoor 012,E02004813,6465,1305,577,728,5160,483,4677
2021,Test Valley 001,E02004814,7041,946,311,635,6095,611,5484
2021,Test Valley 002,E02004815,7373,1522,591,931,5851,478,5373
2021,Test Valley 004,E02004817,7491,1399,538,861,6092,599,5493
2021,Test Valley 005,E02004818,10242,1614,610,1004,8628,853,7775
2021,Test Valley 006,E02004819,7796,1247,443,804,6549,670,5879
2021,Test Valley 007,E02004820,7286,1023,375,648,6263,578,5685
2021,Test Valley 008,E02004821,5226,720,224,496,4506,446,4060
2021,Test Valley 009,E02004822,8025,1157,410,747,6868,685,6183
2021,Test Valley 010,E02004823,8658,1361,426,935,7297,779,6518
2021,Test Valley 011,E02004824,5858,1270,499,771,4588,483,4105
2021,Test Valley 012,E02004825,10903,1737,670,1067,9166,920,8246
2021,Test Valley 013,E02004826,9764,1408,544,864,8356,806,7550
2021,Test Valley 014,E02004827,7361,798,227,571,6563,589,5974
2021,Test Valley 015,E02004828,7250,1036,429,607,6214,540,5674
2021,Winchester 001,E02004829,5917,795,218,577,5122,472,4650
2021,Winchester 002,E02004830,6944,950,314,636,5994,567,5427
2021,Winchester 003,E02004831,10489,1579,598,981,8910,930,7980
2021,Winchester 004,E02004832,8476,1320,445,875,7156,758,6398
2021,Winchester 005,E02004833,10079,1662,575,1087,8417,915,7502
2021,Winchester 006,E02004834,7643,1518,594,924,6125,603,5522
2021,Winchester 007,E02004835,10700,1605,524,1081,9095,963,8132
2021,Winchester 008,E02004836,6765,1377,441,936,5388,599,4789
2021,Winchester 009,E02004837,8232,1122,377,745,7110,779,6331
2021,Winchester 010,E02004838,9750,1304,429,875,8446,786,7660
2021,Winchester 011,E02004839,8962,1181,374,807,7781,747,7034
2021,Winchester 012,E02004840,10203,1620,547,1073,8583,961,7622
2021,Winchester 013,E02004841,11746,1655,604,1051,10091,997,9094
2021,Winchester 014,E02004842,11538,1879,773,1106,9659,917,8742
2021,Broxbourne 001,E02004843,7232,946,362,584,6286,500,5786
2021,Broxbourne 002,E02004844,7458,1122,451,671,6336,480,5856
2021,Broxbourne 003,E02004845,7896,1208,496,712,6688,495,6193
2021,Broxbourne 004,E02004846,6400,748,270,478,5652,397,5255
2021,Broxbourne 005,E02004847,10355,1433,587,846,8922,607,8315
2021,Broxbourne 006,E02004848,7717,1028,422,606,6689,442,6247
2021,Broxbourne 007,E02004849,6851,815,307,508,6036,392,5644
2021,Broxbourne 008,E02004850,7448,1097,483,614,6351,405,5946
2021,Broxbourne 009,E02004851,5939,994,458,536,4945,315,4630
2021,Broxbourne 010,E02004852,8069,1134,498,636,6935,411,6524
2021,Broxbourne 011,E02004853,6991,1214,549,665,5777,337,5440
2021,Broxbourne 012,E02004854,8073,1172,501,671,6901,436,6465
2021,Broxbourne 013,E02004855,8579,1345,620,725,7234,348,6886
2021,Dacorum 001,E02004856,5799,799,276,523,5000,430,4570
2021,Dacorum 002,E02004857,6042,826,296,530,5216,479,4737
2021,Dacorum 003,E02004858,5026,760,240,520,4266,380,3886
2021,Dacorum 004,E02004859,5318,663,211,452,4655,450,4205
2021,Dacorum 005,E02004860,5832,808,317,491,5024,437,4587
2021,Dacorum 006,E02004861,5532,810,292,518,4722,461,4261
2021,Dacorum 007,E02004862,7782,1433,593,840,6349,521,5828
2021,Dacorum 008,E02004863,7932,1634,777,857,6298,470,5828
2021,Dacorum 009,E02004864,6372,748,241,507,5624,536,5088
2021,Dacorum 010,E02004865,5514,843,339,504,4671,413,4258
2021,Dacorum 011,E02004866,6769,1247,539,708,5522,474,5048
2021,Dacorum 012,E02004867,6537,859,298,561,5678,510,5168
2021,Dacorum 013,E02004868,7798,1301,577,724,6497,439,6058
2021,Dacorum 014,E02004869,5873,708,257,451,5165,488,4677
2021,Dacorum 015,E02004870,11617,1835,732,1103,9782,771,9011
2021,Dacorum 016,E02004871,5023,835,328,507,4188,380,3808
2021,Dacorum 017,E02004872,7425,1134,420,714,6291,513,5778
2021,Dacorum 018,E02004873,11666,1474,510,964,10192,928,9264
2021,Dacorum 019,E02004874,6000,949,371,578,5051,433,4618
2021,Dacorum 020,E02004875,10441,1645,648,997,8796,696,8100
2021,Dacorum 021,E02004876,9497,1447,485,962,8050,702,7348
2021,Dacorum 022,E02004877,5288,765,288,477,4523,380,4143
2021,East Hertfordshire 001,E02004878,9319,1316,459,857,8003,672,7331
2021,East Hertfordshire 003,E02004880,10829,1244,434,810,9585,834,8751
2021,East Hertfordshire 004,E02004881,6867,868,313,555,5999,480,5519
2021,East Hertfordshire 005,E02004882,8460,1085,367,718,7375,673,6702
2021,East Hertfordshire 006,E02004883,6249,842,268,574,5407,426,4981
2021,East Hertfordshire 007,E02004884,10373,1511,605,906,8862,741,8121
2021,East Hertfordshire 008,E02004885,8581,954,290,664,7627,681,6946
2021,East Hertfordshire 009,E02004886,6662,1038,436,602,5624,455,5169
2021,East Hertfordshire 010,E02004887,7530,997,326,671,6533,574,5959
2021,East Hertfordshire 011,E02004888,8745,1235,458,777,7510,689,6821
2021,East Hertfordshire 012,E02004889,11240,1809,727,1082,9431,816,8615
2021,East Hertfordshire 013,E02004890,8388,1102,360,742,7286,624,6662
2021,East Hertfordshire 014,E02004891,7897,1106,383,723,6791,644,6147
2021,East Hertfordshire 015,E02004892,5913,894,323,571,5019,459,4560
2021,East Hertfordshire 016,E02004893,5976,686,235,451,5290,472,4818
2021,East Hertfordshire 017,E02004894,9632,1329,431,898,8303,728,7575
2021,East Hertfordshire 018,E02004895,9386,1312,483,829,8074,671,7403
2021,Hertsmere 001,E02004896,7980,1192,496,696,6788,518,6270
2021,Hertsmere 002,E02004897,6815,911,334,577,5904,426,5478
2021,Hertsmere 003,E02004898,7752,1364,586,778,6388,471,5917
2021,Hertsmere 004,E02004899,5391,789,330,459,4602,356,4246
2021,Hertsmere 005,E02004900,8183,945,331,614,7238,543,6695
2021,Hertsmere 006,E02004901,10214,1616,746,870,8598,533,8065
2021,Hertsmere 007,E02004902,8128,1114,447,667,7014,503,6511
2021,Hertsmere 008,E02004903,7513,970,407,563,6543,423,6120
2021,Hertsmere 009,E02004904,6869,1020,469,551,5849,388,5461
2021,Hertsmere 010,E02004905,6538,818,359,459,5720,405,5315
2021,Hertsmere 011,E02004906,11112,1481,662,819,9631,632,8999
2021,Hertsmere 012,E02004907,10776,1446,574,872,9330,702,8628
2021,Hertsmere 013,E02004908,10553,1412,513,899,9141,737,8404
2021,North Hertfordshire 001,E02004909,5813,917,340,577,4896,510,4386
2021,North Hertfordshire 002,E02004910,11631,1632,538,1094,9999,1007,8992
2021,North Hertfordshire 003,E02004911,6808,1352,534,818,5456,553,4903
2021,North Hertfordshire 004,E02004912,10617,1809,679,1130,8808,911,7897
2021,North Hertfordshire 006,E02004914,8075,1425,555,870,6650,580,6070
2021,North Hertfordshire 007,E02004915,5632,1004,395,609,4628,489,4139
2021,North Hertfordshire 008,E02004916,7416,1266,474,792,6150,650,5500
2021,North Hertfordshire 009,E02004917,6393,1267,484,783,5126,528,4598
2021,North Hertfordshire 010,E02004918,8160,1125,387,738,7035,676,6359
2021,North Hertfordshire 011,E02004919,7707,1149,390,759,6558,621,5937
2021,North Hertfordshire 012,E02004920,11485,2017,785,1232,9468,867,8601
2021,North Hertfordshire 013,E02004921,7869,1072,349,723,6797,680,6117
2021,North Hertfordshire 014,E02004922,10132,1550,606,944,8582,776,7806
2021,North Hertfordshire 015,E02004923,10385,1557,598,959,8828,764,8064
2021,St Albans 001,E02004924,7730,841,266,575,6889,569,6320
2021,St Albans 002,E02004925,7878,1012,373,639,6866,589,6277
2021,St Albans 003,E02004926,8101,887,303,584,7214,624,6590
2021,St Albans 004,E02004927,6716,873,287,586,5843,537,5306
2021,St Albans 005,E02004928,6871,732,219,513,6139,548,5591
2021,St Albans 006,E02004929,6403,967,362,605,5436,523,4913
2021,St Albans 007,E02004930,7002,952,333,619,6050,548,5502
2021,St Albans 008,E02004931,6972,892,261,631,6080,534,5546
2021,St Albans 009,E02004932,7744,1169,477,692,6575,550,6025
2021,St Albans 010,E02004933,6943,674,204,470,6269,547,5722
2021,St Albans 011,E02004934,7802,884,337,547,6918,568,6350
2021,St Albans 012,E02004935,9051,1017,330,687,8034,660,7374
2021,St Albans 013,E02004936,6540,707,226,481,5833,454,5379
2021,St Albans 014,E02004937,7292,928,313,615,6364,575,5789
2021,St Albans 016,E02004939,6686,1015,404,611,5671,433,5238
2021,St Albans 017,E02004940,7710,1081,411,670,6629,530,6099
2021,St Albans 018,E02004941,9805,1397,536,861,8408,636,7772
2021,St Albans 019,E02004942,6431,986,402,584,5445,450,4995
2021,St Albans 020,E02004943,8219,1189,451,738,7030,607,6423
2021,Stevenage 001,E02004944,8142,1306,500,806,6836,543,6293
2021,Stevenage 002,E02004945,12232,1913,777,1136,10319,854,9465
2021,Stevenage 003,E02004946,6423,1235,554,681,5188,473,4715
2021,Stevenage 005,E02004948,6078,1129,483,646,4949,393,4556
2021,Stevenage 006,E02004949,8797,1711,680,1031,7086,592,6494
2021,Stevenage 007,E02004950,6825,1095,417,678,5730,458,5272
2021,Stevenage 008,E02004951,8055,1468,634,834,6587,518,6069
2021,Stevenage 009,E02004952,6885,1217,518,699,5668,508,5160
2021,Stevenage 010,E02004953,6474,1137,501,636,5337,447,4890
2021,Stevenage 011,E02004954,7130,1287,512,775,5843,501,5342
2021,Stevenage 012,E02004955,6019,1030,404,626,4989,430,4559
2021,Three Rivers 001,E02004956,9036,1275,468,807,7761,695,7066
2021,Three Rivers 002,E02004957,10815,1472,527,945,9343,701,8642
2021,Three Rivers 003,E02004958,7858,983,360,623,6875,578,6297
2021,Three Rivers 004,E02004959,6182,704,259,445,5478,424,5054
2021,Three Rivers 005,E02004960,5710,665,202,463,5045,467,4578
2021,Three Rivers 006,E02004961,9710,1131,364,767,8579,726,7853
2021,Three Rivers 007,E02004962,9025,1183,414,769,7842,619,7223
2021,Three Rivers 008,E02004963,7565,1062,447,615,6503,450,6053
2021,Three Rivers 009,E02004964,5746,895,336,559,4851,371,4480
2021,Three Rivers 010,E02004965,6948,1100,452,648,5848,416,5432
2021,Three Rivers 011,E02004966,7300,835,331,504,6465,443,6022
2021,Three Rivers 012,E02004967,7878,1388,660,728,6490,454,6036
2021,Watford 001,E02004968,7704,1154,510,644,6550,490,6060
2021,Watford 002,E02004969,7254,925,345,580,6329,427,5902
2021,Watford 003,E02004970,8399,1290,560,730,7109,493,6616
2021,Watford 004,E02004971,8665,1127,500,627,7538,427,7111
2021,Watford 005,E02004972,6174,752,291,461,5422,381,5041
2021,Watford 006,E02004973,8704,929,352,577,7775,475,7300
2021,Watford 007,E02004974,9071,1204,538,666,7867,502,7365
2021,Watford 008,E02004975,8230,997,300,697,7233,486,6747
2021,Watford 009,E02004976,11416,1394,546,848,10022,605,9417
2021,Watford 010,E02004977,9160,849,329,520,8311,383,7928
2021,Watford 011,E02004978,10297,1371,598,773,8926,477,8449
2021,Watford 012,E02004979,7179,944,349,595,6235,545,5690
2021,Welwyn Hatfield 001,E02004980,6202,903,306,597,5299,449,4850
2021,Welwyn Hatfield 002,E02004981,8137,1129,406,723,7008,602,6406
2021,Welwyn Hatfield 003,E02004982,5973,974,359,615,4999,510,4489
2021,Welwyn Hatfield 004,E02004983,6119,1111,443,668,5008,478,4530
2021,Welwyn Hatfield 005,E02004984,6288,1102,414,688,5186,479,4707
2021,Welwyn Hatfield 006,E02004985,6934,1244,491,753,5690,565,5125
2021,Welwyn Hatfield 007,E02004986,8787,1454,596,858,7333,593,6740
2021,Welwyn Hatfield 008,E02004987,7795,1161,462,699,6634,492,6142
2021,Welwyn Hatfield 009,E02004988,7850,1184,487,697,6666,539,6127
2021,Welwyn Hatfield 010,E02004989,12556,1616,599,1017,10940,727,10213
2021,Welwyn Hatfield 011,E02004990,7285,1092,452,640,6193,464,5729
2021,Welwyn Hatfield 012,E02004991,8230,1228,480,748,7002,413,6589
2021,Welwyn Hatfield 013,E02004992,10404,1440,508,932,8964,508,8456
2021,Welwyn Hatfield 015,E02004994,6152,683,214,469,5469,419,5050
2021,Welwyn Hatfield 016,E02004995,5643,700,229,471,4943,355,4588
2021,Ashford 001,E02004996,8427,1347,497,850,7080,684,6396
2021,Ashford 002,E02004997,8191,1543,621,922,6648,660,5988
2021,Ashford 003,E02004998,6800,1160,445,715,5640,557,5083
2021,Ashford 005,E02005000,12105,2035,826,1209,10070,830,9240
2021,Ashford 006,E02005001,9563,1649,670,979,7914,660,7254
2021,Ashford 007,E02005002,10040,1840,759,1081,8200,610,7590
2021,Ashford 008,E02005003,9245,1633,684,949,7612,546,7066
2021,Ashford 009,E02005004,11801,1855,733,1122,9946,853,9093
2021,Ashford 010,E02005005,10396,1557,576,981,8839,835,8004
2021,Ashford 011,E02005006,6208,1061,449,612,5147,443,4704
2021,Ashford 012,E02005007,9365,1610,685,925,7755,676,7079
2021,Ashford 013,E02005008,8769,1689,674,1015,7080,662,6418
2021,Ashford 014,E02005009,5961,1080,402,678,4881,536,4345
2021,Canterbury 001,E02005010,7592,1856,849,1007,5736,607,5129
2021,Canterbury 002,E02005011,7484,1597,684,913,5887,644,5243
2021,Canterbury 003,E02005012,8962,2006,921,1085,6956,743,6213
2021,Canterbury 004,E02005013,8213,1967,895,1072,6246,659,5587
2021,Canterbury 005,E02005014,8437,1525,605,920,6912,788,6124
2021,Canterbury 006,E02005015,9648,1719,754,965,7929,765,7164
2021,Canterbury 007,E02005016,7808,1497,605,892,6311,630,5681
2021,Canterbury 008,E02005017,6637,1205,475,730,5432,580,4852
2021,Canterbury 009,E02005018,8732,1683,671,1012,7049,708,6341
2021,Canterbury 010,E02005019,6525,1266,558,708,5259,493,4766
2021,Canterbury 011,E02005020,7519,1489,643,846,6030,551,5479
2021,Canterbury 012,E02005021,11032,1830,564,1266,9202,768,8434
2021,Canterbury 013,E02005022,8060,1621,563,1058,6439,655,5784
2021,Canterbury 014,E02005023,9728,2134,921,1213,7594,603,6991
2021,Canterbury 016,E02005025,9894,1744,582,1162,8150,832,7318
2021,Canterbury 017,E02005026,8079,1326,481,845,6753,666,6087
2021,Canterbury 018,E02005027,5517,1062,426,636,4455,453,4002
2021,Dartford 001,E02005028,14368,1856,793,1063,12512,643,11869
2021,Dartford 002,E02005029,14925,1500,546,954,13425,858,12567
2021,Dartford 003,E02005030,12203,1397,556,841,10806,712,10094
2021,Dartford 004,E02005031,8138,1369,565,804,6769,516,6253
2021,Dartford 005,E02005032,9727,1342,508,834,8385,624,7761
2021,Dartford 006,E02005033,7604,1264,526,738,6340,448,5892
2021,Dartford 007,E02005034,7727,1020,334,686,6707,576,6131
2021,Dartford 008,E02005035,8539,1147,455,692,7392,558,6834
2021,Dartford 009,E02005036,6736,1231,536,695,5505,387,5118
2021,Dartford 010,E02005037,7088,1064,397,667,6024,471,5553
2021,Dartford 011,E02005038,5998,950,426,524,5048,408,4640
2021,Dartford 012,E02005039,6873,1112,500,612,5761,419,5342
2021,Dartford 013,E02005040,6830,1122,504,618,5708,528,5180
2021,Dover 001,E02005041,7246,1367,531,836,5879,601,5278
2021,Dover 002,E02005042,8921,1877,782,1095,7044,800,6244
2021,Dover 003,E02005043,7127,1590,701,889,5537,572,4965
2021,Dover 004,E02005044,6054,1354,557,797,4700,535,4165
2021,Dover 005,E02005045,9352,1948,882,1066,7404,693,6711
2021,Dover 006,E02005046,8964,1728,758,970,7236,629,6607
2021,Dover 007,E02005047,7716,1865,850,1015,5851,608,5243
2021,Dover 008,E02005048,6594,1380,586,794,5214,567,4647
2021,Dover 009,E02005049,6932,1479,610,869,5453,592,4861
2021,Dover 010,E02005050,9705,1862,797,1065,7843,839,7004
2021,Dover 011,E02005051,13606,3022,1344,1678,10584,947,9637
2021,Dover 012,E02005052,8351,1810,803,1007,6541,547,5994
2021,Dover 013,E02005053,9157,2058,905,1153,7099,593,6506
2021,Dover 014,E02005054,6686,1309,530,779,5377,540,4837
2021,Gravesham 001,E02005055,8395,1347,566,781,7048,407,6641
2021,Gravesham 002,E02005056,10162,1698,705,993,8464,533,7931
2021,Gravesham 003,E02005057,11586,1717,741,976,9869,583,9286
2021,Gravesham 004,E02005058,8007,1386,578,808,6621,472,6149
2021,Gravesham 005,E02005059,9644,1430,560,870,8214,641,7573
2021,Gravesham 006,E02005060,8645,1439,675,764,7206,495,6711
2021,Gravesham 007,E02005061,7496,1509,718,791,5987,434,5553
2021,Gravesham 008,E02005062,7086,1111,425,686,5975,459,5516
2021,Gravesham 009,E02005063,7326,1123,481,642,6203,458,5745
2021,Gravesham 010,E02005064,6562,1020,424,596,5542,508,5034
2021,Gravesham 011,E02005065,8311,1611,741,870,6700,499,6201
2021,Gravesham 012,E02005066,7747,1235,470,765,6512,609,5903
2021,Gravesham 013,E02005067,5932,882,330,552,5050,443,4607
2021,Maidstone 001,E02005068,7177,854,296,558,6323,565,5758
2021,Maidstone 002,E02005069,9085,1292,500,792,7793,679,7114
2021,Maidstone 003,E02005070,9754,1548,603,945,8206,761,7445
2021,Maidstone 004,E02005071,12292,2041,819,1222,10251,735,9516
2021,Maidstone 005,E02005072,8041,1028,319,709,7013,625,6388
2021,Maidstone 006,E02005073,12366,1949,771,1178,10417,882,9535
2021,Maidstone 007,E02005074,8032,1183,462,721,6849,601,6248
2021,Maidstone 008,E02005075,11061,1713,672,1041,9348,822,8526
2021,Maidstone 009,E02005076,10011,1654,660,994,8357,663,7694
2021,Maidstone 010,E02005077,8099,1509,626,883,6590,556,6034
2021,Maidstone 011,E02005078,9764,1565,643,922,8199,778,7421
2021,Maidstone 012,E02005079,9052,1405,526,879,7647,708,6939
2021,Maidstone 013,E02005080,12181,2589,1191,1398,9592,786,8806
2021,Maidstone 014,E02005081,6971,1220,452,768,5751,566,5185
2021,Maidstone 015,E02005082,11970,1826,729,1097,10144,889,9255
2021,Maidstone 016,E02005083,7850,1225,438,787,6625,592,6033
2021,Maidstone 017,E02005084,7505,1169,419,750,6336,619,5717
2021,Maidstone 018,E02005085,7880,1171,445,726,6709,602,6107
2021,Maidstone 019,E02005086,6693,1086,443,643,5607,572,5035
2021,Sevenoaks 001,E02005087,7141,1155,442,713,5986,505,5481
2021,Sevenoaks 002,E02005088,9913,2263,1028,1235,7650,589,7061
2021,Sevenoaks 003,E02005089,6856,983,351,632,5873,483,5390
2021,Sevenoaks 004,E02005090,5931,1128,498,630,4803,488,4315
2021,Sevenoaks 005,E02005091,6770,1016,418,598,5754,484,5270
2021,Sevenoaks 007,E02005093,6024,1026,451,575,4998,412,4586
2021,Sevenoaks 008,E02005094,9728,1307,461,846,8421,729,7692
2021,Sevenoaks 009,E02005095,7566,1026,350,676,6540,595,5945
2021,Sevenoaks 010,E02005096,9853,1460,567,893,8393,748,7645
2021,Sevenoaks 011,E02005097,9640,1012,358,654,8628,762,7866
2021,Sevenoaks 012,E02005098,10106,1278,504,774,8828,754,8074
2021,Sevenoaks 013,E02005099,7963,1065,364,701,6898,643,6255
2021,Sevenoaks 014,E02005100,9881,1537,575,962,8344,814,7530
2021,Sevenoaks 015,E02005101,7071,880,307,573,6191,545,5646
2021,Folkestone and Hythe 001,E02005102,6088,1169,463,706,4919,572,4347
2021,Folkestone and Hythe 002,E02005103,10086,1891,780,1111,8195,770,7425
2021,Folkestone and Hythe 003,E02005104,7997,1842,834,1008,6155,544,5611
2021,Folkestone and Hythe 004,E02005105,7655,1752,736,1016,5903,554,5349
2021,Folkestone and Hythe 005,E02005106,10008,1900,848,1052,8108,665,7443
2021,Folkestone and Hythe 006,E02005107,13096,2384,983,1401,10712,1047,9665
2021,Folkestone and Hythe 008,E02005109,6692,1306,547,759,5386,646,4740
2021,Folkestone and Hythe 009,E02005110,7107,1418,599,819,5689,596,5093
2021,Folkestone and Hythe 010,E02005111,7185,1894,846,1048,5291,579,4712
2021,Folkestone and Hythe 011,E02005112,7056,1797,859,938,5259,528,4731
2021,Folkestone and Hythe 012,E02005113,7252,1766,808,958,5486,567,4919
2021,Folkestone and Hythe 013,E02005114,6340,1577,679,898,4763,466,4297
2021,Swale 001,E02005115,6707,1558,721,837,5149,410,4739
2021,Swale 002,E02005116,6544,1742,873,869,4802,378,4424
2021,Swale 003,E02005117,6584,1438,682,756,5146,471,4675
2021,Swale 004,E02005118,10855,2084,913,1171,8771,740,8031
2021,Swale 005,E02005119,6574,1367,627,740,5207,452,4755
2021,Swale 006,E02005120,9634,2608,1105,1503,7026,716,6310
2021,Swale 007,E02005121,14037,2246,897,1349,11791,1034,10757
2021,Swale 008,E02005122,7812,1340,564,776,6472,595,5877
2021,Swale 009,E02005123,12756,2079,891,1188,10677,964,9713
2021,Swale 010,E02005124,8821,1914,903,1011,6907,561,6346
2021,Swale 011,E02005125,8549,1496,615,881,7053,568,6485
2021,Swale 012,E02005126,8164,1513,627,886,6651,613,6038
2021,Swale 013,E02005127,8887,1399,545,854,7488,733,6755
2021,Swale 014,E02005128,8973,1702,661,1041,7271,753,6518
2021,Swale 015,E02005129,11463,2371,956,1415,9092,945,8147
2021,Swale 016,E02005130,9521,1739,714,1025,7782,684,7098
2021,Swale 017,E02005131,5798,1042,377,665,4756,471,4285
2021,Thanet 001,E02005132,10633,2738,1303,1435,7895,564,7331
2021,Thanet 002,E02005133,8636,1792,779,1013,6844,712,6132
2021,Thanet 003,E02005134,7994,1921,899,1022,6073,542,5531
2021,Thanet 004,E02005135,7882,1802,855,947,6080,532,5548
2021,Thanet 005,E02005136,8045,1739,805,934,6306,581,5725
2021,Thanet 006,E02005137,7721,1951,927,1024,5770,510,5260
2021,Thanet 007,E02005138,9047,2222,1038,1184,6825,740,6085
2021,Thanet 008,E02005139,8864,2121,951,1170,6743,760,5983
2021,Thanet 009,E02005140,7557,1545,568,977,6012,631,5381
2021,Thanet 010,E02005141,7065,1480,591,889,5585,596,4989
2021,Thanet 011,E02005142,7295,1728,798,930,5567,544,5023
2021,Thanet 012,E02005143,8207,1679,702,977,6528,624,5904
2021,Thanet 013,E02005144,8925,2404,1209,1195,6521,559,5962
2021,Thanet 014,E02005145,8055,1559,635,924,6496,654,5842
2021,Thanet 015,E02005146,8140,1649,654,995,6491,579,5912
2021,Thanet 016,E02005147,8706,2211,960,1251,6495,627,5868
2021,Thanet 017,E02005148,7814,1594,716,878,6220,636,5584
2021,Tonbridge and Malling 001,E02005149,12104,1768,670,1098,10336,1053,9283
2021,Tonbridge and Malling 002,E02005150,11831,2048,834,1214,9783,930,8853
2021,Tonbridge and Malling 003,E02005151,12716,2046,769,1277,10670,990,9680
2021,Tonbridge and Malling 005,E02005153,9442,1591,689,902,7851,702,7149
2021,Tonbridge and Malling 006,E02005154,11751,1597,617,980,10154,809,9345
2021,Tonbridge and Malling 007,E02005155,12559,1358,453,905,11201,879,10322
2021,Tonbridge and Malling 008,E02005156,7215,1274,523,751,5941,592,5349
2021,Tonbridge and Malling 009,E02005157,6730,1384,588,796,5346,546,4800
2021,Tonbridge and Malling 010,E02005158,6614,941,366,575,5673,584,5089
2021,Tonbridge and Malling 011,E02005159,7728,1347,516,831,6381,649,5732
2021,Tonbridge and Malling 012,E02005160,12508,1923,678,1245,10585,1005,9580
2021,Tonbridge and Malling 013,E02005161,8601,1172,420,752,7429,701,6728
2021,Tunbridge Wells 001,E02005162,10512,1677,609,1068,8835,887,7948
2021,Tunbridge Wells 002,E02005163,8080,1227,481,746,6853,618,6235
2021,Tunbridge Wells 003,E02005164,8925,1334,478,856,7591,680,6911
2021,Tunbridge Wells 004,E02005165,7517,1238,495,743,6279,692,5587
2021,Tunbridge Wells 005,E02005166,6913,1362,605,757,5551,491,5060
2021,Tunbridge Wells 006,E02005167,7662,1003,389,614,6659,652,6007
2021,Tunbridge Wells 007,E02005168,7572,987,378,609,6585,618,5967
2021,Tunbridge Wells 008,E02005169,9097,1236,396,840,7861,659,7202
2021,Tunbridge Wells 009,E02005170,9847,1381,532,849,8466,791,7675
2021,Tunbridge Wells 010,E02005171,6200,1180,512,668,5020,481,4539
2021,Tunbridge Wells 011,E02005172,8262,1053,337,716,7209,676,6533
2021,Tunbridge Wells 012,E02005173,8430,974,320,654,7456,708,6748
2021,Tunbridge Wells 013,E02005174,7576,1250,492,758,6326,631,5695
2021,Tunbridge Wells 014,E02005175,8719,1397,488,909,7322,701,6621
2021,Burnley 001,E02005176,9112,1704,736,968,7408,594,6814
2021,Burnley 002,E02005177,6703,1328,641,687,5375,294,5081
2021,Burnley 003,E02005178,11817,1656,856,800,10161,343,9818
2021,Burnley 004,E02005179,9325,2249,1073,1176,7076,540,6536
2021,Burnley 005,E02005180,7076,1360,593,767,5716,493,5223
2021,Burnley 006,E02005181,6645,1522,689,833,5123,425,4698
2021,Burnley 007,E02005182,6308,1488,773,715,4820,331,4489
2021,Burnley 008,E02005183,6028,1465,726,739,4563,416,4147
2021,Burnley 009,E02005184,5075,861,381,480,4214,394,3820
2021,Burnley 010,E02005185,9618,2416,1252,1164,7202,534,6668
2021,Burnley 011,E02005186,6192,1101,481,620,5091,410,4681
2021,Chorley 001,E02005189,5329,1314,653,661,4015,385,3630
2021,Chorley 002,E02005190,5969,920,329,591,5049,559,4490
2021,Chorley 003,E02005191,9736,1638,644,994,8098,795,7303
2021,Chorley 004,E02005192,8847,1258,472,786,7589,748,6841
2021,Chorley 005,E02005193,8715,1526,582,944,7189,748,6441
2021,Chorley 006,E02005194,7986,1654,717,937,6332,666,5666
2021,Chorley 007,E02005195,7883,1660,634,1026,6223,770,5453
2021,Chorley 008,E02005196,11326,1938,820,1118,9388,886,8502
2021,Chorley 009,E02005197,7242,1507,653,854,5735,502,5233
2021,Chorley 010,E02005198,9678,1918,885,1033,7760,708,7052
2021,Chorley 011,E02005199,7562,1210,468,742,6352,639,5713
2021,Chorley 012,E02005200,9135,1784,784,1000,7351,659,6692
2021,Chorley 013,E02005201,8300,1712,779,933,6588,627,5961
2021,Chorley 014,E02005202,10024,1770,697,1073,8254,824,7430
2021,Fylde 001,E02005203,8512,1430,597,833,7082,695,6387
2021,Fylde 002,E02005204,12576,2338,999,1339,10238,926,9312
2021,Fylde 003,E02005205,6673,1252,510,742,5421,596,4825
2021,Fylde 004,E02005206,7572,1700,751,949,5872,577,5295
2021,Fylde 005,E02005207,8526,1667,723,944,6859,667,6192
2021,Fylde 006,E02005208,10050,2704,1290,1414,7346,793,6553
2021,Fylde 007,E02005209,8768,1785,728,1057,6983,721,6262
2021,Fylde 008,E02005210,10215,2136,933,1203,8079,877,7202
2021,Fylde 009,E02005211,8488,1642,659,983,6846,728,6118
2021,Hyndburn 001,E02005212,11016,2251,1053,1198,8765,683,8082
2021,Hyndburn 002,E02005213,11482,2337,1042,1295,9145,787,8358
2021,Hyndburn 003,E02005214,6657,1410,599,811,5247,474,4773
2021,Hyndburn 004,E02005215,12510,2781,1297,1484,9729,818,8911
2021,Hyndburn 005,E02005216,5339,1194,596,598,4145,312,3833
2021,Hyndburn 006,E02005217,13414,2527,1279,1248,10887,425,10462
2021,Hyndburn 007,E02005218,7289,1639,798,841,5650,477,5173
2021,Hyndburn 008,E02005219,8637,1713,751,962,6924,582,6342
2021,Hyndburn 009,E02005220,5892,1274,561,713,4618,351,4267
2021,Lancaster 001,E02005221,9943,1942,758,1184,8001,900,7101
2021,Lancaster 002,E02005222,5995,1029,393,636,4966,579,4387
2021,Lancaster 003,E02005223,7245,1317,477,840,5928,631,5297
2021,Lancaster 004,E02005224,5158,1279,608,671,3879,409,3470
2021,Lancaster 005,E02005225,6024,1016,377,639,5008,538,4470
2021,Lancaster 006,E02005226,7465,2084,980,1104,5381,509,4872
2021,Lancaster 008,E02005228,5776,1232,581,651,4544,384,4160
2021,Lancaster 009,E02005229,5744,1542,770,772,4202,386,3816
2021,Lancaster 010,E02005230,6590,1672,849,823,4918,493,4425
2021,Lancaster 011,E02005231,8282,1870,822,1048,6412,600,5812
2021,Lancaster 013,E02005233,8041,1590,622,968,6451,587,5864
2021,Lancaster 014,E02005234,9086,1620,522,1098,7466,699,6767
2021,Lancaster 015,E02005235,5109,941,277,664,4168,459,3709
2021,Lancaster 016,E02005236,13421,2753,1164,1589,10668,1040,9628
2021,Lancaster 017,E02005237,10343,1964,740,1224,8379,861,7518
2021,Lancaster 018,E02005238,5620,976,352,624,4644,462,4182
2021,Lancaster 019,E02005239,10904,1595,462,1133,9309,815,8494
2021,Pendle 001,E02005240,5558,954,421,533,4604,358,4246
2021,Pendle 002,E02005241,5611,961,407,554,4650,382,4268
2021,Pendle 003,E02005242,6193,1141,439,702,5052,438,4614
2021,Pendle 006,E02005245,6932,1039,406,633,5893,493,5400
2021,Pendle 007,E02005246,5422,1280,615,665,4142,327,3815
2021,Pendle 008,E02005247,9877,1551,643,908,8326,729,7597
2021,Pendle 009,E02005248,7707,1347,739,608,6360,244,6116
2021,Pendle 010,E02005249,10466,1803,897,906,8663,395,8268
2021,Pendle 011,E02005250,9518,1347,702,645,8171,263,7908
2021,Pendle 012,E02005251,7310,1400,720,680,5910,367,5543
2021,Pendle 013,E02005252,10396,1722,840,882,8674,483,8191
2021,Preston 001,E02005253,7166,1092,431,661,6074,586,5488
2021,Preston 002,E02005254,9749,1245,493,752,8504,780,7724
2021,Preston 003,E02005255,9550,1540,575,965,8010,682,7328
2021,Preston 004,E02005256,6858,1143,511,632,5715,523,5192
2021,Preston 005,E02005257,5776,1500,752,748,4276,361,3915
2021,Preston 006,E02005258,8367,1496,684,812,6871,523,6348
2021,Preston 007,E02005259,10544,2121,1076,1045,8423,507,7916
2021,Preston 008,E02005260,6678,1174,502,672,5504,522,4982
2021,Preston 009,E02005261,10277,2258,1160,1098,8019,505,7514
2021,Preston 010,E02005262,7375,1090,422,668,6285,526,5759
2021,Preston 011,E02005263,7155,1188,547,641,5967,339,5628
2021,Preston 012,E02005264,12439,2238,845,1393,10201,880,9321
2021,Preston 013,E02005265,10811,2340,1114,1226,8471,750,7721
2021,Preston 014,E02005266,8984,1648,794,854,7336,412,6924
2021,Preston 015,E02005267,6373,1182,533,649,5191,296,4895
2021,Preston 016,E02005268,9351,1576,780,796,7775,361,7414
2021,Preston 017,E02005269,10382,2009,833,1176,8373,674,7699
2021,Ribble Valley 001,E02005270,7413,997,362,635,6416,578,5838
2021,Ribble Valley 002,E02005271,8160,1285,511,774,6875,651,6224
2021,Ribble Valley 003,E02005272,8978,1619,713,906,7359,667,6692
2021,Ribble Valley 004,E02005273,5917,937,353,584,4980,470,4510
2021,Ribble Valley 005,E02005274,7810,1050,392,658,6760,644,6116
2021,Ribble Valley 006,E02005275,5743,938,350,588,4805,455,4350
2021,Ribble Valley 007,E02005276,8814,1243,473,770,7571,686,6885
2021,Ribble Valley 008,E02005277,8726,1329,546,783,7397,715,6682
2021,Rossendale 001,E02005278,7882,1295,516,779,6587,609,5978
2021,Rossendale 002,E02005279,10341,2199,970,1229,8142,684,7458
2021,Rossendale 003,E02005280,11135,2272,1106,1166,8863,795,8068
2021,Rossendale 004,E02005281,8951,1695,748,947,7256,602,6654
2021,Rossendale 007,E02005284,6094,1111,467,644,4983,475,4508
2021,Rossendale 008,E02005285,6294,1091,477,614,5203,536,4667
2021,Rossendale 009,E02005286,7798,1600,727,873,6198,531,5667
2021,South Ribble 001,E02005287,5335,834,289,545,4501,427,4074
2021,South Ribble 002,E02005288,5962,1075,427,648,4887,457,4430
2021,South Ribble 003,E02005289,5890,989,358,631,4901,515,4386
2021,South Ribble 004,E02005290,7130,1093,440,653,6037,564,5473
2021,South Ribble 005,E02005291,5681,1051,419,632,4630,469,4161
2021,South Ribble 006,E02005292,5657,1305,569,736,4352,458,3894
2021,South Ribble 007,E02005293,5455,1172,500,672,4283,431,3852
2021,South Ribble 008,E02005294,7054,1237,526,711,5817,544,5273
2021,South Ribble 009,E02005295,7531,1303,577,726,6228,566,5662
2021,South Ribble 010,E02005296,6117,1074,402,672,5043,474,4569
2021,South Ribble 011,E02005297,8316,1420,541,879,6896,693,6203
2021,South Ribble 012,E02005298,8367,1381,564,817,6986,651,6335
2021,South Ribble 013,E02005299,7358,1289,535,754,6069,533,5536
2021,South Ribble 014,E02005300,5051,960,404,556,4091,417,3674
2021,South Ribble 015,E02005301,6123,1346,602,744,4777,464,4313
2021,South Ribble 016,E02005302,7674,1250,452,798,6424,631,5793
2021,South Ribble 017,E02005303,6336,1536,696,840,4800,443,4357
2021,West Lancashire 001,E02005304,9019,1512,605,907,7507,739,6768
2021,West Lancashire 002,E02005305,7972,1673,793,880,6299,597,5702
2021,West Lancashire 003,E02005306,7504,1416,654,762,6088,553,5535
2021,West Lancashire 004,E02005307,9619,1767,790,977,7852,729,7123
2021,West Lancashire 005,E02005308,6501,1031,421,610,5470,559,4911
2021,West Lancashire 006,E02005309,8815,1595,673,922,7220,709,6511
2021,West Lancashire 007,E02005310,10142,2022,824,1198,8120,798,7322
2021,West Lancashire 008,E02005311,6797,1145,425,720,5652,503,5149
2021,West Lancashire 009,E02005312,6273,1172,558,614,5101,435,4666
2021,West Lancashire 010,E02005313,8877,2039,1062,977,6838,497,6341
2021,West Lancashire 011,E02005314,6413,1444,739,705,4969,405,4564
2021,West Lancashire 012,E02005315,8037,1418,650,768,6619,593,6026
2021,West Lancashire 013,E02005316,6583,1454,691,763,5129,382,4747
2021,West Lancashire 014,E02005317,7308,1639,838,801,5669,348,5321
2021,West Lancashire 015,E02005318,7571,1450,676,774,6121,592,5529
2021,Wyre 001,E02005319,8171,2304,1167,1137,5867,582,5285
2021,Wyre 002,E02005320,5872,1315,657,658,4557,396,4161
2021,Wyre 003,E02005321,6120,1737,904,833,4383,402,3981
2021,Wyre 004,E02005322,10297,2510,1176,1334,7787,823,6964
2021,Wyre 005,E02005323,7532,1815,823,992,5717,521,5196
2021,Wyre 006,E02005324,7271,1205,501,704,6066,534,5532
2021,Wyre 007,E02005325,9365,1843,735,1108,7522,794,6728
2021,Wyre 008,E02005326,8280,2269,1092,1177,6011,565,5446
2021,Wyre 009,E02005327,6712,1212,516,696,5500,499,5001
2021,Wyre 010,E02005328,7572,1667,768,899,5905,612,5293
2021,Wyre 011,E02005329,9344,2050,875,1175,7294,692,6602
2021,Wyre 012,E02005330,8795,1729,752,977,7066,737,6329
2021,Wyre 013,E02005331,8317,1704,753,951,6613,647,5966
2021,Wyre 014,E02005332,8298,1411,575,836,6887,732,6155
2021,Blaby 002,E02005334,6067,831,324,507,5236,409,4827
2021,Blaby 003,E02005335,7551,1259,523,736,6292,568,5724
2021,Blaby 004,E02005336,7278,1058,400,658,6220,424,5796
2021,Blaby 005,E02005337,9986,1631,640,991,8355,596,7759
2021,Blaby 006,E02005338,11380,1880,718,1162,9500,824,8676
2021,Blaby 007,E02005339,8680,1298,447,851,7382,756,6626
2021,Blaby 008,E02005340,8901,1608,675,933,7293,699,6594
2021,Blaby 009,E02005341,7619,1102,452,650,6517,602,5915
2021,Blaby 010,E02005342,7429,1216,464,752,6213,598,5615
2021,Blaby 011,E02005343,7966,1247,470,777,6719,624,6095
2021,Blaby 012,E02005344,9249,1383,523,860,7866,764,7102
2021,Charnwood 001,E02005345,6413,1038,387,651,5375,519,4856
2021,Charnwood 002,E02005346,12655,2433,1022,1411,10222,813,9409
2021,Charnwood 003,E02005347,11233,1846,696,1150,9387,704,8683
2021,Charnwood 004,E02005348,5520,977,386,591,4543,464,4079
2021,Charnwood 005,E02005349,7923,1394,562,832,6529,623,5906
2021,Charnwood 006,E02005350,6945,1405,582,823,5540,595,4945
2021,Charnwood 007,E02005351,11274,1503,483,1020,9771,811,8960
2021,Charnwood 008,E02005352,6285,816,281,535,5469,508,4961
2021,Charnwood 009,E02005353,10686,1957,790,1167,8729,756,7973
2021,Charnwood 010,E02005354,10203,1529,511,1018,8674,864,7810
2021,Charnwood 011,E02005355,7356,1196,447,749,6160,601,5559
2021,Charnwood 012,E02005356,7259,1129,428,701,6130,639,5491
2021,Charnwood 013,E02005357,8418,1514,562,952,6904,631,6273
2021,Charnwood 014,E02005358,12258,1795,660,1135,10463,983,9480
2021,Charnwood 015,E02005359,7721,1149,426,723,6572,569,6003
2021,Charnwood 016,E02005360,6372,873,305,568,5499,491,5008
2021,Charnwood 017,E02005361,6327,1080,427,653,5247,444,4803
2021,Charnwood 018,E02005362,7295,1222,500,722,6073,514,5559
2021,Charnwood 019,E02005363,9058,1442,525,917,7616,619,6997
2021,Charnwood 020,E02005364,5259,839,315,524,4420,359,4061
2021,Charnwood 021,E02005365,9816,1770,781,989,8046,594,7452
2021,Charnwood 022,E02005366,7697,1241,457,784,6456,585,5871
2021,Harborough 002,E02005368,6405,853,285,568,5552,511,5041
2021,Harborough 003,E02005369,12763,1839,670,1169,10924,1005,9919
2021,Harborough 004,E02005370,9648,1348,459,889,8300,819,7481
2021,Harborough 005,E02005371,10789,1545,553,992,9244,925,8319
2021,Harborough 006,E02005372,10232,1337,467,870,8895,810,8085
2021,Harborough 007,E02005373,12174,1815,607,1208,10359,1070,9289
2021,Harborough 008,E02005374,6553,1392,592,800,5161,582,4579
2021,Harborough 009,E02005375,9379,1486,555,931,7893,830,7063
2021,Harborough 010,E02005376,10830,1754,611,1143,9076,842,8234
2021,Hinckley and Bosworth 001,E02005377,9064,1549,615,934,7515,706,6809
2021,Hinckley and Bosworth 002,E02005378,5323,784,274,510,4539,404,4135
2021,Hinckley and Bosworth 003,E02005379,6062,967,379,588,5095,465,4630
2021,Hinckley and Bosworth 004,E02005380,8677,1464,540,924,7213,651,6562
2021,Hinckley and Bosworth 005,E02005381,8875,1575,594,981,7300,767,6533
2021,Hinckley and Bosworth 006,E02005382,10630,2128,858,1270,8502,871,7631
2021,Hinckley and Bosworth 007,E02005383,9153,1845,733,1112,7308,714,6594
2021,Hinckley and Bosworth 008,E02005384,7406,1156,452,704,6250,609,5641
2021,Hinckley and Bosworth 009,E02005385,6640,1059,375,684,5581,561,5020
2021,Hinckley and Bosworth 010,E02005386,9117,1794,762,1032,7323,712,6611
2021,Hinckley and Bosworth 011,E02005387,9957,1627,618,1009,8330,828,7502
2021,Hinckley and Bosworth 012,E02005388,6229,1147,443,704,5082,487,4595
2021,Hinckley and Bosworth 013,E02005389,6049,1334,556,778,4715,495,4220
2021,Hinckley and Bosworth 014,E02005390,10459,1496,500,996,8963,885,8078
2021,Melton 001,E02005391,9720,1559,562,997,8161,846,7315
2021,Melton 002,E02005392,9284,1504,498,1006,7780,783,6997
2021,Melton 003,E02005393,7433,1206,433,773,6227,636,5591
2021,Melton 004,E02005394,9623,1731,630,1101,7892,747,7145
2021,Melton 005,E02005395,8823,1610,617,993,7213,683,6530
2021,Melton 006,E02005396,6868,1115,395,720,5753,607,5146
2021,North West Leicestershire 001,E02005397,9260,1572,593,979,7688,794,6894
2021,North West Leicestershire 002,E02005398,6865,1043,360,683,5822,587,5235
2021,North West Leicestershire 003,E02005399,8321,1288,446,842,7033,687,6346
2021,North West Leicestershire 004,E02005400,5834,1150,474,676,4684,471,4213
2021,North West Leicestershire 005,E02005401,6467,958,341,617,5509,532,4977
2021,North West Leicestershire 006,E02005402,6802,1259,526,733,5543,583,4960
2021,North West Leicestershire 007,E02005403,6557,1296,499,797,5261,533,4728
2021,North West Leicestershire 008,E02005404,8721,1608,641,967,7113,675,6438
2021,North West Leicestershire 009,E02005405,7200,1695,742,953,5505,494,5011
2021,North West Leicestershire 010,E02005406,7901,1488,585,903,6413,536,5877
2021,North West Leicestershire 011,E02005407,10934,1638,595,1043,9296,881,8415
2021,North West Leicestershire 012,E02005408,7841,1317,507,810,6524,574,5950
2021,North West Leicestershire 013,E02005409,12003,2018,825,1193,9985,892,9093
2021,Oadby and Wigston 003,E02005412,8823,1552,677,875,7271,561,6710
2021,Oadby and Wigston 005,E02005414,8230,1918,857,1061,6312,552,5760
2021,Oadby and Wigston 006,E02005415,8115,1662,676,986,6453,576,5877
2021,Oadby and Wigston 007,E02005416,8967,1450,547,903,7517,728,6789
2021,Boston 001,E02005417,7560,1673,723,950,5887,581,5306
2021,Boston 002,E02005418,11012,1780,837,943,9232,426,8806
2021,Boston 003,E02005419,8732,1179,479,700,7553,379,7174
2021,Boston 004,E02005420,8859,1596,714,882,7263,464,6799
2021,Boston 006,E02005422,6690,1402,593,809,5288,498,4790
2021,Boston 007,E02005423,10451,2113,935,1178,8338,656,7682
2021,East Lindsey 001,E02005424,10199,2023,821,1202,8176,853,7323
2021,East Lindsey 002,E02005425,6516,1489,594,895,5027,541,4486
2021,East Lindsey 003,E02005426,10479,2480,1155,1325,7999,760,7239
2021,East Lindsey 004,E02005427,6897,1488,599,889,5409,560,4849
2021,East Lindsey 005,E02005428,8452,2739,1419,1320,5713,562,5151
2021,East Lindsey 006,E02005429,6244,2123,1087,1036,4121,438,3683
2021,East Lindsey 007,E02005430,7056,1598,656,942,5458,536,4922
2021,East Lindsey 008,E02005431,8841,2322,1059,1263,6519,602,5917
2021,East Lindsey 009,E02005432,7771,1610,679,931,6161,634,5527
2021,East Lindsey 010,E02005433,7007,2304,1174,1130,4703,473,4230
2021,East Lindsey 011,E02005434,7553,1770,729,1041,5783,594,5189
2021,East Lindsey 012,E02005435,7858,2084,1027,1057,5774,427,5347
2021,East Lindsey 013,E02005436,8174,1994,845,1149,6180,553,5627
2021,East Lindsey 014,E02005437,6243,1624,776,848,4619,418,4201
2021,East Lindsey 015,E02005438,7026,2029,977,1052,4997,385,4612
2021,East Lindsey 016,E02005439,11946,2462,1046,1416,9484,909,8575
2021,East Lindsey 017,E02005440,5556,1425,696,729,4131,338,3793
2021,East Lindsey 018,E02005441,8477,1948,810,1138,6529,601,5928
2021,Lincoln 001,E02005442,6642,1742,817,925,4900,452,4448
2021,Lincoln 002,E02005443,7500,1591,688,903,5909,610,5299
2021,Lincoln 003,E02005444,13627,2700,929,1771,10927,1175,9752
2021,Lincoln 004,E02005445,12718,2682,1140,1542,10036,829,9207
2021,Lincoln 005,E02005446,10442,2011,567,1444,8431,908,7523
2021,Lincoln 006,E02005447,8314,1501,571,930,6813,519,6294
2021,Lincoln 007,E02005448,7321,1666,710,956,5655,510,5145
2021,Lincoln 008,E02005449,9411,1735,604,1131,7676,723,6953
2021,Lincoln 009,E02005450,8431,1679,660,1019,6752,693,6059
2021,Lincoln 010,E02005451,8054,1835,823,1012,6219,563,5656
2021,Lincoln 011,E02005452,11350,2178,896,1282,9172,914,8258
2021,North Kesteven 001,E02005453,10720,1859,666,1193,8861,955,7906
2021,North Kesteven 003,E02005455,14465,2435,957,1478,12030,1176,10854
2021,North Kesteven 004,E02005456,10939,1983,772,1211,8956,853,8103
2021,North Kesteven 005,E02005457,8737,1728,686,1042,7009,698,6311
2021,North Kesteven 006,E02005458,6738,1294,503,791,5444,523,4921
2021,North Kesteven 007,E02005459,8500,2026,880,1146,6474,647,5827
2021,North Kesteven 008,E02005460,6380,1020,360,660,5360,510,4850
2021,North Kesteven 009,E02005461,6343,1348,559,789,4995,582,4413
2021,North Kesteven 010,E02005462,9835,2084,860,1224,7751,791,6960
2021,North Kesteven 011,E02005463,9974,1571,639,932,8403,788,7615
2021,North Kesteven 012,E02005464,8602,1846,745,1101,6756,741,6015
2021,South Holland 001,E02005465,8804,1794,762,1032,7010,665,6345
2021,South Holland 002,E02005466,6768,1448,604,844,5320,471,4849
2021,South Holland 003,E02005467,7742,1585,674,911,6157,509,5648
2021,South Holland 004,E02005468,7638,1496,573,923,6142,566,5576
2021,South Holland 005,E02005469,7984,1333,549,784,6651,611,6040
2021,South Holland 006,E02005470,12929,1831,756,1075,11098,759,10339
2021,South Holland 007,E02005471,9123,1638,700,938,7485,499,6986
2021,South Holland 008,E02005472,9986,2382,1033,1349,7604,697,6907
2021,South Holland 009,E02005473,9802,1575,677,898,8227,602,7625
2021,South Holland 010,E02005474,7166,1533,677,856,5633,517,5116
2021,South Holland 011,E02005475,7175,1283,526,757,5892,534,5358
2021,South Kesteven 001,E02005476,7194,1281,476,805,5913,653,5260
2021,South Kesteven 002,E02005477,9067,1698,654,1044,7369,811,6558
2021,South Kesteven 003,E02005478,10028,2203,954,1249,7825,778,7047
2021,South Kesteven 004,E02005479,9862,1682,657,1025,8180,805,7375
2021,South Kesteven 005,E02005480,7441,1560,648,912,5881,458,5423
2021,South Kesteven 006,E02005481,12267,2182,903,1279,10085,959,9126
2021,South Kesteven 007,E02005482,9599,1639,588,1051,7960,801,7159
2021,South Kesteven 008,E02005483,7884,1527,596,931,6357,692,5665
2021,South Kesteven 009,E02005484,7178,1281,469,812,5897,623,5274
2021,South Kesteven 010,E02005485,8429,1264,500,764,7165,678,6487
2021,South Kesteven 011,E02005486,9560,1820,729,1091,7740,757,6983
2021,South Kesteven 012,E02005487,9789,1589,578,1011,8200,870,7330
2021,South Kesteven 013,E02005488,7104,1235,496,739,5869,592,5277
2021,South Kesteven 014,E02005489,7255,1162,403,759,6093,646,5447
2021,South Kesteven 015,E02005490,9243,1758,732,1026,7485,719,6766
2021,South Kesteven 016,E02005491,11507,1749,638,1111,9758,960,8798
2021,West Lindsey 001,E02005492,9840,1938,785,1153,7902,786,7116
2021,West Lindsey 002,E02005493,10139,1876,824,1052,8263,807,7456
2021,West Lindsey 003,E02005494,9728,2145,873,1272,7583,795,6788
2021,West Lindsey 004,E02005495,10500,2695,1176,1519,7805,739,7066
2021,West Lindsey 005,E02005496,6281,1229,475,754,5052,510,4542
2021,West Lindsey 006,E02005497,7477,1780,813,967,5697,522,5175
2021,West Lindsey 007,E02005498,7416,1614,661,953,5802,587,5215
2021,West Lindsey 008,E02005499,8554,1589,594,995,6965,749,6216
2021,West Lindsey 009,E02005500,7333,1317,469,848,6016,639,5377
2021,West Lindsey 010,E02005501,8112,1324,444,880,6788,777,6011
2021,West Lindsey 011,E02005502,9769,2020,849,1171,7749,849,6900
2021,Breckland 001,E02005503,7482,1414,533,881,6068,591,5477
2021,Breckland 002,E02005504,9246,1882,797,1085,7364,826,6538
2021,Breckland 003,E02005505,7654,1649,700,949,6005,653,5352
2021,Breckland 004,E02005506,7010,1433,588,845,5577,596,4981
2021,Breckland 005,E02005507,11605,2414,972,1442,9191,872,8319
2021,Breckland 006,E02005508,7249,1363,530,833,5886,645,5241
2021,Breckland 007,E02005509,8565,1979,889,1090,6586,683,5903
2021,Breckland 008,E02005510,7326,1614,694,920,5712,634,5078
2021,Breckland 009,E02005511,8967,1881,786,1095,7086,645,6441
2021,Breckland 010,E02005512,10106,2012,780,1232,8094,814,7280
2021,Breckland 011,E02005513,10591,1974,795,1179,8617,817,7800
2021,Breckland 012,E02005514,6878,1337,575,762,5541,568,4973
2021,Breckland 013,E02005515,6475,1151,439,712,5324,520,4804
2021,Breckland 014,E02005516,7064,1217,453,764,5847,565,5282
2021,Breckland 015,E02005517,5933,1105,454,651,4828,345,4483
2021,Breckland 016,E02005518,10691,1588,598,990,9103,767,8336
2021,Breckland 017,E02005519,8634,1709,720,989,6925,514,6411
2021,Broadland 001,E02005520,8938,1790,713,1077,7148,814,6334
2021,Broadland 002,E02005521,8651,1592,584,1008,7059,715,6344
2021,Broadland 003,E02005522,5498,1013,389,624,4485,506,3979
2021,Broadland 004,E02005523,8609,1436,539,897,7173,670,6503
2021,Broadland 005,E02005524,5330,965,357,608,4365,479,3886
2021,Broadland 006,E02005525,9838,1681,673,1008,8157,903,7254
2021,Broadland 007,E02005526,5390,1008,374,634,4382,445,3937
2021,Broadland 008,E02005527,9159,1671,658,1013,7488,742,6746
2021,Broadland 009,E02005528,8496,1479,576,903,7017,783,6234
2021,Broadland 010,E02005529,5682,1307,554,753,4375,427,3948
2021,Broadland 011,E02005530,5444,1059,411,648,4385,455,3930
2021,Broadland 012,E02005531,5344,969,400,569,4375,408,3967
2021,Broadland 013,E02005532,9529,1662,610,1052,7867,844,7023
2021,Broadland 014,E02005533,9051,1729,649,1080,7322,825,6497
2021,Broadland 015,E02005534,7365,1378,509,869,5987,621,5366
2021,Broadland 016,E02005535,7161,1148,436,712,6013,617,5396
2021,Broadland 017,E02005536,6217,1233,517,716,4984,580,4404
2021,Broadland 018,E02005537,6025,1300,545,755,4725,523,4202
2021,Great Yarmouth 001,E02005538,9683,2147,977,1170,7536,715,6821
2021,Great Yarmouth 002,E02005539,8015,1704,718,986,6311,596,5715
2021,Great Yarmouth 003,E02005540,8802,2031,917,1114,6771,672,6099
2021,Great Yarmouth 004,E02005541,5900,1465,664,801,4435,340,4095
2021,Great Yarmouth 005,E02005542,7210,1751,812,939,5459,416,5043
2021,Great Yarmouth 006,E02005543,9342,2321,1150,1171,7021,489,6532
2021,Great Yarmouth 007,E02005544,7155,1619,733,886,5536,465,5071
2021,Great Yarmouth 008,E02005545,6478,1204,531,673,5274,471,4803
2021,Great Yarmouth 009,E02005546,7925,2062,985,1077,5863,543,5320
2021,Great Yarmouth 010,E02005547,8506,1752,690,1062,6754,672,6082
2021,Great Yarmouth 011,E02005548,7418,1851,908,943,5567,449,5118
2021,Great Yarmouth 012,E02005549,5589,1176,495,681,4413,446,3967
2021,Great Yarmouth 013,E02005550,7729,1467,640,827,6262,583,5679
2021,King's Lynn and West Norfolk 001,E02005551,5231,1380,593,787,3851,431,3420
2021,King's Lynn and West Norfolk 002,E02005552,6541,1377,531,846,5164,566,4598
2021,King's Lynn and West Norfolk 003,E02005553,8719,2130,921,1209,6589,741,5848
2021,King's Lynn and West Norfolk 004,E02005554,7047,1564,632,932,5483,559,4924
2021,King's Lynn and West Norfolk 005,E02005555,6838,1144,430,714,5694,621,5073
2021,King's Lynn and West Norfolk 006,E02005556,7775,1354,558,796,6421,597,5824
2021,King's Lynn and West Norfolk 007,E02005557,6877,1429,690,739,5448,362,5086
2021,King's Lynn and West Norfolk 008,E02005558,7356,1572,718,854,5784,532,5252
2021,King's Lynn and West Norfolk 009,E02005559,7358,1451,662,789,5907,469,5438
2021,King's Lynn and West Norfolk 010,E02005560,9089,1453,593,860,7636,599,7037
2021,King's Lynn and West Norfolk 011,E02005561,10886,2186,905,1281,8700,700,8000
2021,King's Lynn and West Norfolk 012,E02005562,7459,1566,616,950,5893,621,5272
2021,King's Lynn and West Norfolk 013,E02005563,8056,1676,761,915,6380,581,5799
2021,King's Lynn and West Norfolk 014,E02005564,9647,1713,700,1013,7934,754,7180
2021,King's Lynn and West Norfolk 015,E02005565,7350,1480,615,865,5870,568,5302
2021,King's Lynn and West Norfolk 016,E02005566,10416,2168,967,1201,8248,729,7519
2021,King's Lynn and West Norfolk 017,E02005567,11349,2515,1030,1485,8834,870,7964
2021,King's Lynn and West Norfolk 018,E02005568,7595,1539,647,892,6056,601,5455
2021,King's Lynn and West Norfolk 019,E02005569,8740,1519,622,897,7221,608,6613
2021,North Norfolk 001,E02005570,7088,1667,683,984,5421,619,4802
2021,North Norfolk 002,E02005571,5837,1255,528,727,4582,477,4105
2021,North Norfolk 003,E02005572,7541,1930,821,1109,5611,637,4974
2021,North Norfolk 004,E02005573,5749,1321,511,810,4428,455,3973
2021,North Norfolk 005,E02005574,6951,1598,630,968,5353,621,4732
2021,North Norfolk 006,E02005575,6981,1348,485,863,5633,594,5039
2021,North Norfolk 007,E02005576,6663,1709,681,1028,4954,561,4393
2021,North Norfolk 008,E02005577,5976,1188,483,705,4788,475,4313
2021,North Norfolk 009,E02005578,5919,1178,427,751,4741,473,4268
2021,North Norfolk 011,E02005580,8014,1718,714,1004,6296,643,5653
2021,North Norfolk 012,E02005581,7846,1667,598,1069,6179,687,5492
2021,North Norfolk 013,E02005582,6803,1539,629,910,5264,599,4665
2021,North Norfolk 014,E02005583,8604,2040,842,1198,6564,747,5817
2021,Norwich 001,E02005584,11177,2196,908,1288,8981,798,8183
2021,Norwich 002,E02005585,11202,2468,1047,1421,8734,756,7978
2021,Norwich 003,E02005586,10352,1996,724,1272,8356,900,7456
2021,Norwich 004,E02005587,10333,2436,1031,1405,7897,734,7163
2021,Norwich 005,E02005588,13033,2755,1166,1589,10278,907,9371
2021,Norwich 006,E02005589,12264,2622,1072,1550,9642,913,8729
2021,Norwich 009,E02005592,9184,1550,387,1163,7634,933,6701
2021,Norwich 010,E02005593,10868,2069,700,1369,8799,781,8018
2021,Norwich 011,E02005594,10939,2214,790,1424,8725,968,7757
2021,Norwich 012,E02005595,9378,1753,610,1143,7625,843,6782
2021,Norwich 013,E02005596,9971,2152,894,1258,7819,819,7000
2021,South Norfolk 002,E02005598,9955,1517,561,956,8438,770,7668
2021,South Norfolk 003,E02005599,7203,1234,465,769,5969,627,5342
2021,South Norfolk 004,E02005600,6407,1189,447,742,5218,546,4672
2021,South Norfolk 005,E02005601,5463,1242,486,756,4221,508,3713
2021,South Norfolk 006,E02005602,12708,2059,786,1273,10649,1019,9630
2021,South Norfolk 007,E02005603,12818,1958,704,1254,10860,1119,9741
2021,South Norfolk 008,E02005604,8849,1660,639,1021,7189,748,6441
2021,South Norfolk 009,E02005605,10688,1846,689,1157,8842,961,7881
2021,South Norfolk 010,E02005606,5839,1075,422,653,4764,525,4239
2021,South Norfolk 011,E02005607,11555,2069,811,1258,9486,936,8550
2021,South Norfolk 012,E02005608,7626,1540,626,914,6086,624,5462
2021,South Norfolk 013,E02005609,7548,1460,539,921,6088,600,5488
2021,South Norfolk 014,E02005610,8089,1513,636,877,6576,685,5891
2021,South Norfolk 015,E02005611,10918,2058,804,1254,8860,826,8034
2021,North Northamptonshire 002,E02005612,7322,1297,611,686,6025,449,5576
2021,North Northamptonshire 003,E02005613,9333,1740,805,935,7593,535,7058
2021,North Northamptonshire 006,E02005614,13797,1889,791,1098,11908,854,11054
2021,North Northamptonshire 004,E02005615,9398,1833,823,1010,7565,575,6990
2021,North Northamptonshire 005,E02005616,5864,1145,553,592,4719,293,4426
2021,North Northamptonshire 007,E02005617,11190,2214,1075,1139,8976,571,8405
2021,West Northamptonshire 001,E02005619,6327,914,299,615,5413,586,4827
2021,West Northamptonshire 002,E02005620,8655,1292,461,831,7363,792,6571
2021,West Northamptonshire 004,E02005621,9060,1701,569,1132,7359,812,6547
2021,West Northamptonshire 005,E02005622,9892,1297,448,849,8595,890,7705
2021,West Northamptonshire 003,E02005623,11572,1641,637,1004,9931,906,9025
2021,West Northamptonshire 010,E02005624,11521,1682,633,1049,9839,876,8963
2021,West Northamptonshire 016,E02005625,9425,1888,810,1078,7537,694,6843
2021,West Northamptonshire 022,E02005626,7180,1287,522,765,5893,509,5384
2021,West Northamptonshire 027,E02005627,7649,1297,460,837,6352,589,5763
2021,West Northamptonshire 042,E02005628,8499,1323,473,850,7176,718,6458
2021,North Northamptonshire 001,E02005629,6480,1117,428,689,5363,488,4875
2021,North Northamptonshire 010,E02005630,10585,1568,602,966,9017,857,8160
2021,North Northamptonshire 011,E02005631,11117,1644,573,1071,9473,906,8567
2021,North Northamptonshire 024,E02005632,6523,1222,488,734,5301,525,4776
2021,North Northamptonshire 025,E02005633,9876,1810,755,1055,8066,750,7316
2021,North Northamptonshire 027,E02005634,9311,1772,694,1078,7539,745,6794
2021,North Northamptonshire 035,E02005635,9446,1517,614,903,7929,727,7202
2021,North Northamptonshire 034,E02005636,12347,2173,840,1333,10174,945,9229
2021,North Northamptonshire 037,E02005637,9358,1933,798,1135,7425,716,6709
2021,North Northamptonshire 039,E02005638,9983,1541,582,959,8442,771,7671
2021,North Northamptonshire 012,E02005639,5608,931,364,567,4677,486,4191
2021,North Northamptonshire 013,E02005640,11900,2097,832,1265,9803,993,8810
2021,North Northamptonshire 014,E02005641,8621,1595,648,947,7026,653,6373
2021,North Northamptonshire 015,E02005642,8442,1395,531,864,7047,639,6408
2021,North Northamptonshire 016,E02005643,8743,1884,820,1064,6859,549,6310
2021,North Northamptonshire 017,E02005644,9201,1510,613,897,7691,578,7113
2021,North Northamptonshire 018,E02005645,12628,2339,1017,1322,10289,856,9433
2021,North Northamptonshire 019,E02005646,6500,1158,441,717,5342,534,4808
2021,North Northamptonshire 022,E02005647,7622,1651,702,949,5971,559,5412
2021,North Northamptonshire 021,E02005648,9708,1347,502,845,8361,770,7591
2021,West Northamptonshire 006,E02005650,6967,1096,406,690,5871,474,5397
2021,West Northamptonshire 007,E02005651,6391,1029,375,654,5362,464,4898
2021,West Northamptonshire 008,E02005652,6754,1163,475,688,5591,459,5132
2021,West Northamptonshire 011,E02005653,8984,1393,549,844,7591,485,7106
2021,West Northamptonshire 009,E02005654,8717,1394,589,805,7323,508,6815
2021,West Northamptonshire 012,E02005655,6384,1184,483,701,5200,467,4733
2021,West Northamptonshire 014,E02005656,6670,1187,550,637,5483,342,5141
2021,West Northamptonshire 013,E02005657,6604,1108,460,648,5496,495,5001
2021,West Northamptonshire 015,E02005658,6966,1159,499,660,5807,405,5402
2021,West Northamptonshire 018,E02005659,6016,1043,447,596,4973,406,4567
2021,West Northamptonshire 026,E02005660,6644,1185,538,647,5459,382,5077
2021,West Northamptonshire 017,E02005661,6983,1153,474,679,5830,374,5456
2021,West Northamptonshire 019,E02005662,6800,1061,407,654,5739,465,5274
2021,West Northamptonshire 023,E02005663,5542,804,271,533,4738,470,4268
2021,West Northamptonshire 025,E02005664,6194,1110,490,620,5084,380,4704
2021,West Northamptonshire 024,E02005665,8519,1151,453,698,7368,591,6777
2021,West Northamptonshire 021,E02005666,9144,1517,692,825,7627,448,7179
2021,West Northamptonshire 020,E02005667,6779,1283,552,731,5496,450,5046
2021,West Northamptonshire 028,E02005668,6569,1142,462,680,5427,502,4925
2021,West Northamptonshire 029,E02005669,6057,833,293,540,5224,433,4791
2021,West Northamptonshire 032,E02005670,9655,1368,582,786,8287,452,7835
2021,West Northamptonshire 030,E02005671,7899,962,355,607,6937,523,6414
2021,West Northamptonshire 031,E02005672,8570,1059,386,673,7511,389,7122
2021,West Northamptonshire 033,E02005673,7761,1175,500,675,6586,481,6105
2021,West Northamptonshire 034,E02005674,9284,1554,656,898,7730,524,7206
2021,West Northamptonshire 036,E02005675,6429,1048,453,595,5381,350,5031
2021,West Northamptonshire 038,E02005676,6247,1005,428,577,5242,413,4829
2021,West Northamptonshire 037,E02005677,9980,1278,460,818,8702,669,8033
2021,West Northamptonshire 041,E02005679,9057,1046,322,724,8011,710,7301
2021,West Northamptonshire 044,E02005680,8733,984,411,573,7749,647,7102
2021,West Northamptonshire 040,E02005681,8610,1382,518,864,7228,650,6578
2021,West Northamptonshire 043,E02005682,7560,1099,376,723,6461,632,5829
2021,West Northamptonshire 046,E02005683,15036,2193,791,1402,12843,1144,11699
2021,West Northamptonshire 045,E02005684,8686,1264,448,816,7422,702,6720
2021,West Northamptonshire 047,E02005685,10048,1483,520,963,8565,837,7728
2021,West Northamptonshire 048,E02005686,8010,1257,470,787,6753,640,6113
2021,West Northamptonshire 049,E02005687,6670,885,257,628,5785,556,5229
2021,West Northamptonshire 050,E02005688,9744,1387,496,891,8357,795,7562
2021,West Northamptonshire 051,E02005689,10686,1238,423,815,9448,922,8526
2021,West Northamptonshire 053,E02005690,5503,926,339,587,4577,473,4104
2021,West Northamptonshire 052,E02005691,6737,1036,368,668,5701,534,5167
2021,North Northamptonshire 026,E02005692,6983,1315,509,806,5668,558,5110
2021,North Northamptonshire 028,E02005693,8712,1386,556,830,7326,530,6796
2021,North Northamptonshire 029,E02005694,7555,1157,431,726,6398,579,5819
2021,North Northamptonshire 030,E02005695,10074,1369,550,819,8705,512,8193
2021,North Northamptonshire 031,E02005696,6419,1354,607,747,5065,383,4682
2021,North Northamptonshire 032,E02005697,7294,1620,748,872,5674,444,5230
2021,North Northamptonshire 033,E02005698,6045,1211,493,718,4834,440,4394
2021,North Northamptonshire 036,E02005699,8615,1540,622,918,7075,543,6532
2021,North Northamptonshire 038,E02005700,10211,1651,602,1049,8560,893,7667
2021,North Northamptonshire 040,E02005701,11194,2111,839,1272,9083,938,8145
2021,Northumberland 004,E02005702,6694,1212,428,784,5482,580,4902
2021,Northumberland 005,E02005703,6804,1437,582,855,5367,565,4802
2021,Northumberland 006,E02005704,12641,2651,1132,1519,9990,1089,8901
2021,Northumberland 007,E02005705,7598,1502,536,966,6096,685,5411
2021,Northumberland 001,E02005706,9195,2091,944,1147,7104,595,6509
2021,Northumberland 002,E02005707,7032,1390,616,774,5642,552,5090
2021,Northumberland 003,E02005708,10021,2070,805,1265,7951,836,7115
2021,Northumberland 022,E02005709,6852,2071,1108,963,4781,340,4441
2021,Northumberland 023,E02005710,9379,2267,1102,1165,7112,739,6373
2021,Northumberland 024,E02005711,7823,2019,962,1057,5804,506,5298
2021,Northumberland 025,E02005712,9408,1684,724,960,7724,660,7064
2021,Northumberland 026,E02005713,6272,1056,392,664,5216,531,4685
2021,Northumberland 029,E02005715,9261,2224,1044,1180,7037,720,6317
2021,Northumberland 030,E02005717,7374,1543,668,875,5831,622,5209
2021,Northumberland 031,E02005718,6268,1280,502,778,4988,569,4419
2021,Northumberland 032,E02005719,8155,1883,841,1042,6272,642,5630
2021,Northumberland 008,E02005720,12139,3144,1438,1706,8995,1016,7979
2021,Northumberland 011,E02005721,5447,1103,481,622,4344,471,3873
2021,Northumberland 015,E02005722,9474,1376,495,881,8098,798,7300
2021,Northumberland 016,E02005723,6031,1451,631,820,4580,519,4061
2021,Northumberland 018,E02005724,6632,1005,359,646,5627,652,4975
2021,Northumberland 033,E02005725,7022,1128,484,644,5894,551,5343
2021,Northumberland 034,E02005726,7923,1125,414,711,6798,609,6189
2021,Northumberland 019,E02005727,6065,1090,401,689,4975,457,4518
2021,Northumberland 037,E02005728,6718,1334,560,774,5384,507,4877
2021,Northumberland 036,E02005729,5577,1008,392,616,4569,470,4099
2021,Northumberland 035,E02005730,12646,2607,1052,1555,10039,1099,8940
2021,Northumberland 038,E02005731,10738,2166,918,1248,8572,934,7638
2021,Northumberland 040,E02005733,8279,1425,549,876,6854,702,6152
2021,Northumberland 009,E02005734,5951,1732,845,887,4219,408,3811
2021,Northumberland 010,E02005735,7141,1822,884,938,5319,477,4842
2021,Northumberland 013,E02005736,8709,2103,1003,1100,6606,603,6003
2021,Northumberland 017,E02005739,9006,2228,1012,1216,6778,738,6040
2021,Northumberland 020,E02005740,10091,2465,1132,1333,7626,785,6841
2021,Northumberland 021,E02005741,8478,1752,787,965,6726,709,6017
2021,Craven 001,E02005742,7423,1357,489,868,6066,660,5406
2021,Craven 003,E02005744,7876,1431,535,896,6445,704,5741
2021,Craven 005,E02005746,6676,1161,430,731,5515,615,4900
2021,Craven 006,E02005747,6911,1329,517,812,5582,549,5033
2021,Craven 007,E02005748,7847,1117,379,738,6730,678,6052
2021,Craven 008,E02005749,10033,1738,702,1036,8295,789,7506
2021,Hambleton 001,E02005750,7678,1461,604,857,6217,612,5605
2021,Hambleton 002,E02005751,8579,1328,481,847,7251,775,6476
2021,Hambleton 003,E02005752,6920,1062,378,684,5858,611,5247
2021,Hambleton 005,E02005754,7438,1260,454,806,6178,619,5559
2021,Hambleton 006,E02005755,6761,1220,496,724,5541,594,4947
2021,Hambleton 007,E02005756,6329,955,322,633,5374,471,4903
2021,Hambleton 008,E02005757,8627,1550,561,989,7077,684,6393
2021,Hambleton 009,E02005758,9529,1534,609,925,7995,740,7255
2021,Hambleton 010,E02005759,9305,1606,581,1025,7699,782,6917
2021,Hambleton 011,E02005760,6182,924,373,551,5258,461,4797
2021,Harrogate 001,E02005761,5494,837,280,557,4657,455,4202
2021,Harrogate 002,E02005762,6253,1062,346,716,5191,529,4662
2021,Harrogate 003,E02005763,6494,952,328,624,5542,506,5036
2021,Harrogate 004,E02005764,10336,1991,835,1156,8345,846,7499
2021,Harrogate 005,E02005765,7142,1173,420,753,5969,619,5350
2021,Harrogate 006,E02005766,6012,954,344,610,5058,522,4536
2021,Harrogate 007,E02005767,7392,981,332,649,6411,605,5806
2021,Harrogate 008,E02005768,8026,820,289,531,7206,586,6620
2021,Harrogate 009,E02005769,6996,1342,560,782,5654,558,5096
2021,Harrogate 010,E02005770,9030,1506,529,977,7524,777,6747
2021,Harrogate 011,E02005771,7669,1253,475,778,6416,650,5766
2021,Harrogate 012,E02005772,5891,895,313,582,4996,525,4471
2021,Harrogate 013,E02005773,8986,1927,858,1069,7059,707,6352
2021,Harrogate 014,E02005774,9391,1797,769,1028,7594,844,6750
2021,Harrogate 015,E02005775,9212,1569,604,965,7643,723,6920
2021,Harrogate 016,E02005776,9371,1283,472,811,8088,708,7380
2021,Harrogate 017,E02005777,8293,1259,451,808,7034,678,6356
2021,Harrogate 018,E02005778,6133,826,268,558,5307,498,4809
2021,Harrogate 019,E02005779,7374,1087,374,713,6287,631,5656
2021,Harrogate 020,E02005780,11052,1563,551,1012,9489,917,8572
2021,Harrogate 021,E02005781,6114,866,314,552,5248,526,4722
2021,Richmondshire 001,E02005782,7497,1149,422,727,6348,641,5707
2021,Richmondshire 002,E02005783,8079,1496,605,891,6583,747,5836
2021,Richmondshire 003,E02005784,5816,1018,451,567,4798,456,4342
2021,Richmondshire 004,E02005785,14085,1993,800,1193,12092,768,11324
2021,Richmondshire 005,E02005786,5747,1002,340,662,4745,509,4236
2021,Richmondshire 006,E02005787,8556,1459,485,974,7097,715,6382
2021,Ryedale 001,E02005788,6348,1066,388,678,5282,566,4716
2021,Ryedale 002,E02005789,10614,2144,835,1309,8470,849,7621
2021,Ryedale 003,E02005790,7095,1223,422,801,5872,576,5296
2021,Ryedale 004,E02005791,6847,1271,477,794,5576,563,5013
2021,Ryedale 007,E02005794,9296,1412,479,933,7884,797,7087
2021,Scarborough 001,E02005795,6903,1602,721,881,5301,558,4743
2021,Scarborough 002,E02005796,6524,1281,504,777,5243,503,4740
2021,Scarborough 003,E02005797,6226,1229,512,717,4997,443,4554
2021,Scarborough 004,E02005798,8189,1619,620,999,6570,643,5927
2021,Scarborough 005,E02005799,9363,1874,771,1103,7489,717,6772
2021,Scarborough 006,E02005800,7407,1861,804,1057,5546,528,5018
2021,Scarborough 007,E02005801,5566,1317,655,662,4249,357,3892
2021,Scarborough 008,E02005802,7767,1587,634,953,6180,570,5610
2021,Scarborough 009,E02005803,9199,2094,925,1169,7105,719,6386
2021,Scarborough 010,E02005804,7621,2031,912,1119,5590,610,4980
2021,Scarborough 011,E02005805,7684,1588,662,926,6096,579,5517
2021,Scarborough 012,E02005806,8206,1759,800,959,6447,531,5916
2021,Scarborough 013,E02005807,6532,1245,477,768,5287,551,4736
2021,Scarborough 014,E02005808,11551,2861,1286,1575,8690,911,7779
2021,Selby 001,E02005809,7513,1240,463,777,6273,627,5646
2021,Selby 002,E02005810,9408,1229,388,841,8179,790,7389
2021,Selby 003,E02005811,9867,1512,581,931,8355,814,7541
2021,Selby 004,E02005812,11363,1652,619,1033,9711,942,8769
2021,Selby 005,E02005813,13298,2500,1058,1442,10798,964,9834
2021,Selby 006,E02005814,7010,1311,560,751,5699,513,5186
2021,Selby 007,E02005815,8642,1375,481,894,7267,772,6495
2021,Selby 008,E02005816,8648,1378,516,862,7270,685,6585
2021,Selby 009,E02005817,7411,1282,517,765,6129,584,5545
2021,Selby 010,E02005818,8833,1477,573,904,7356,654,6702
2021,Ashfield 001,E02005819,6311,1536,701,835,4775,395,4380
2021,Ashfield 002,E02005820,5528,1194,540,654,4334,362,3972
2021,Ashfield 003,E02005821,6696,1560,739,821,5136,425,4711
2021,Ashfield 004,E02005822,10279,2269,1103,1166,8010,589,7421
2021,Ashfield 005,E02005823,7729,2248,1261,987,5481,393,5088
2021,Ashfield 006,E02005824,9779,1969,828,1141,7810,713,7097
2021,Ashfield 007,E02005825,7793,1805,834,971,5988,515,5473
2021,Ashfield 008,E02005826,6162,1582,778,804,4580,326,4254
2021,Ashfield 009,E02005827,9426,1814,756,1058,7612,677,6935
2021,Ashfield 010,E02005828,7697,1647,747,900,6050,527,5523
2021,Ashfield 011,E02005829,6583,1501,666,835,5082,405,4677
2021,Ashfield 012,E02005830,5876,1224,554,670,4652,421,4231
2021,Ashfield 013,E02005831,10626,1951,853,1098,8675,791,7884
2021,Ashfield 014,E02005832,9300,2066,941,1125,7234,642,6592
2021,Ashfield 015,E02005833,7633,1445,592,853,6188,521,5667
2021,Ashfield 016,E02005834,8873,1991,917,1074,6882,513,6369
2021,Bassetlaw 001,E02005835,11188,2253,1052,1201,8935,701,8234
2021,Bassetlaw 002,E02005836,9231,1714,699,1015,7517,739,6778
2021,Bassetlaw 003,E02005837,7816,1595,666,929,6221,593,5628
2021,Bassetlaw 004,E02005838,8266,1873,859,1014,6393,591,5802
2021,Bassetlaw 005,E02005839,6351,1458,679,779,4893,511,4382
2021,Bassetlaw 006,E02005840,9682,1597,664,933,8085,770,7315
2021,Bassetlaw 008,E02005842,8821,1855,814,1041,6966,644,6322
2021,Bassetlaw 009,E02005843,7057,1279,533,746,5778,449,5329
2021,Bassetlaw 010,E02005844,8794,1663,709,954,7131,642,6489
2021,Bassetlaw 012,E02005846,6753,1571,816,755,5182,318,4864
2021,Bassetlaw 013,E02005847,6951,1375,602,773,5576,495,5081
2021,Bassetlaw 014,E02005848,6410,1333,636,697,5077,445,4632
2021,Bassetlaw 015,E02005849,9389,1927,814,1113,7462,756,6706
2021,Broxtowe 001,E02005850,6679,1471,651,820,5208,484,4724
2021,Broxtowe 002,E02005851,6222,1570,771,799,4652,392,4260
2021,Broxtowe 003,E02005852,8274,1555,655,900,6719,573,6146
2021,Broxtowe 004,E02005853,9160,1737,724,1013,7423,686,6737
2021,Broxtowe 007,E02005856,7245,1221,473,748,6024,642,5382
2021,Broxtowe 008,E02005857,6193,1203,493,710,4990,467,4523
2021,Broxtowe 009,E02005858,8112,1439,544,895,6673,660,6013
2021,Broxtowe 010,E02005859,9260,1743,717,1026,7517,728,6789
2021,Broxtowe 011,E02005860,9080,1798,668,1130,7282,726,6556
2021,Broxtowe 012,E02005861,5376,972,368,604,4404,476,3928
2021,Broxtowe 013,E02005862,7591,1573,618,955,6018,589,5429
2021,Broxtowe 014,E02005863,7438,1435,587,848,6003,677,5326
2021,Broxtowe 015,E02005864,8064,1155,422,733,6909,690,6219
2021,Gedling 001,E02005865,8603,1498,591,907,7105,707,6398
2021,Gedling 002,E02005866,9228,1715,711,1004,7513,730,6783
2021,Gedling 004,E02005868,7298,1394,599,795,5904,543,5361
2021,Gedling 005,E02005869,5877,1359,616,743,4518,375,4143
2021,Gedling 006,E02005870,6678,1492,694,798,5186,445,4741
2021,Gedling 007,E02005871,7059,1239,500,739,5820,587,5233
2021,Gedling 008,E02005872,6593,1052,382,670,5541,487,5054
2021,Gedling 009,E02005873,10025,1654,668,986,8371,856,7515
2021,Gedling 010,E02005874,8427,1386,567,819,7041,709,6332
2021,Gedling 011,E02005875,8186,1463,626,837,6723,539,6184
2021,Gedling 012,E02005876,8827,1678,686,992,7149,646,6503
2021,Gedling 013,E02005877,7386,1347,583,764,6039,518,5521
2021,Gedling 014,E02005878,9659,2098,905,1193,7561,701,6860
2021,Gedling 015,E02005879,7324,1491,633,858,5833,523,5310
2021,Mansfield 001,E02005880,6411,1638,803,835,4773,376,4397
2021,Mansfield 002,E02005881,6233,1539,727,812,4694,388,4306
2021,Mansfield 003,E02005882,7830,1679,754,925,6151,522,5629
2021,Mansfield 004,E02005883,8316,1932,919,1013,6384,488,5896
2021,Mansfield 005,E02005884,6090,1320,613,707,4770,391,4379
2021,Mansfield 006,E02005885,8905,2102,1013,1089,6803,526,6277
2021,Mansfield 007,E02005886,11427,2273,1044,1229,9154,776,8378
2021,Mansfield 008,E02005887,10179,2216,1045,1171,7963,520,7443
2021,Mansfield 009,E02005888,8436,2064,1012,1052,6372,454,5918
2021,Mansfield 010,E02005889,10684,2443,1139,1304,8241,638,7603
2021,Mansfield 011,E02005890,6567,1292,564,728,5275,445,4830
2021,Mansfield 012,E02005891,6353,1816,951,865,4537,377,4160
2021,Mansfield 013,E02005892,13048,2000,764,1236,11048,928,10120
2021,Newark and Sherwood 001,E02005893,11272,2693,1294,1399,8579,759,7820
2021,Newark and Sherwood 002,E02005894,11768,2449,1096,1353,9319,787,8532
2021,Newark and Sherwood 003,E02005895,8061,1382,553,829,6679,597,6082
2021,Newark and Sherwood 004,E02005896,7578,1452,566,886,6126,656,5470
2021,Newark and Sherwood 005,E02005897,9286,1881,752,1129,7405,736,6669
2021,Newark and Sherwood 006,E02005898,11365,2730,1342,1388,8635,791,7844
2021,Newark and Sherwood 007,E02005899,11686,2140,904,1236,9546,753,8793
2021,Newark and Sherwood 008,E02005900,7556,1378,522,856,6178,723,5455
2021,Newark and Sherwood 009,E02005901,9662,1697,668,1029,7965,762,7203
2021,Newark and Sherwood 010,E02005902,8216,1857,836,1021,6359,559,5800
2021,Newark and Sherwood 011,E02005903,10347,2007,899,1108,8340,723,7617
2021,Newark and Sherwood 012,E02005904,9449,1540,611,929,7909,770,7139
2021,Newark and Sherwood 013,E02005905,6708,1262,450,812,5446,590,4856
2021,Rushcliffe 001,E02005906,7274,1391,446,945,5883,666,5217
2021,Rushcliffe 002,E02005907,10110,1641,594,1047,8469,843,7626
2021,Rushcliffe 003,E02005908,9252,1593,596,997,7659,790,6869
2021,Rushcliffe 004,E02005909,8333,1058,366,692,7275,730,6545
2021,Rushcliffe 005,E02005910,8957,1332,501,831,7625,805,6820
2021,Rushcliffe 006,E02005911,8509,1212,463,749,7297,707,6590
2021,Rushcliffe 007,E02005912,9338,1460,605,855,7878,732,7146
2021,Rushcliffe 008,E02005913,8583,1319,533,786,7264,651,6613
2021,Rushcliffe 009,E02005914,8206,1441,604,837,6765,637,6128
2021,Rushcliffe 010,E02005915,5711,898,325,573,4813,525,4288
2021,Rushcliffe 011,E02005916,7674,1289,508,781,6385,575,5810
2021,Rushcliffe 012,E02005917,5938,986,355,631,4952,534,4418
2021,Rushcliffe 013,E02005918,5082,986,403,583,4096,395,3701
2021,Rushcliffe 014,E02005919,7313,1183,392,791,6130,628,5502
2021,Rushcliffe 015,E02005920,8790,1282,451,831,7508,779,6729
2021,Cherwell 001,E02005921,6899,955,353,602,5944,597,5347
2021,Cherwell 002,E02005922,8840,1195,450,745,7645,683,6962
2021,Cherwell 003,E02005923,6015,940,430,510,5075,378,4697
2021,Cherwell 004,E02005924,12599,1853,724,1129,10746,810,9936
2021,Cherwell 005,E02005925,8884,1663,708,955,7221,496,6725
2021,Cherwell 006,E02005926,9024,1603,643,960,7421,717,6704
2021,Cherwell 007,E02005927,5647,784,269,515,4863,418,4445
2021,Cherwell 008,E02005928,11106,1495,522,973,9611,891,8720
2021,Cherwell 009,E02005929,7343,989,316,673,6354,595,5759
2021,Cherwell 010,E02005930,9464,1286,407,879,8178,713,7465
2021,Cherwell 011,E02005931,11256,1441,561,880,9815,901,8914
2021,Cherwell 012,E02005932,6726,737,220,517,5989,539,5450
2021,Cherwell 013,E02005933,7715,1149,415,734,6566,612,5954
2021,Cherwell 014,E02005934,8847,1425,512,913,7422,693,6729
2021,Cherwell 015,E02005935,8581,1170,406,764,7411,659,6752
2021,Cherwell 016,E02005936,13066,1742,577,1165,11324,1033,10291
2021,Cherwell 017,E02005937,6541,1099,441,658,5442,518,4924
2021,Cherwell 018,E02005938,5683,834,291,543,4849,401,4448
2021,Cherwell 019,E02005939,6782,1042,380,662,5740,519,5221
2021,Oxford 001,E02005940,6154,938,304,634,5216,525,4691
2021,Oxford 002,E02005941,7084,916,287,629,6168,556,5612
2021,Oxford 003,E02005942,6250,789,211,578,5461,573,4888
2021,Oxford 004,E02005943,7332,957,322,635,6375,527,5848
2021,Oxford 005,E02005944,8393,1306,515,791,7087,474,6613
2021,Oxford 006,E02005945,11115,1475,483,992,9640,834,8806
2021,Oxford 007,E02005946,8468,1168,393,775,7300,671,6629
2021,Oxford 008,E02005947,18475,2569,455,2114,15906,1653,14253
2021,Oxford 009,E02005948,6619,938,265,673,5681,643,5038
2021,Oxford 010,E02005949,7621,1160,433,727,6461,440,6021
2021,Oxford 011,E02005950,11137,1589,462,1127,9548,887,8661
2021,Oxford 012,E02005951,5578,878,279,599,4700,423,4277
2021,Oxford 014,E02005953,6014,844,250,594,5170,532,4638
2021,Oxford 015,E02005954,10482,1494,582,912,8988,665,8323
2021,Oxford 016,E02005955,11233,1804,797,1007,9429,623,8806
2021,Oxford 017,E02005956,6557,1180,522,658,5377,320,5057
2021,Oxford 018,E02005957,6910,1220,540,680,5690,400,5290
2021,South Oxfordshire 001,E02005958,5380,723,205,518,4657,456,4201
2021,South Oxfordshire 002,E02005959,5897,873,298,575,5024,500,4524
2021,South Oxfordshire 003,E02005960,7889,1207,445,762,6682,637,6045
2021,South Oxfordshire 004,E02005961,6738,989,341,648,5749,575,5174
2021,South Oxfordshire 005,E02005962,10167,1291,412,879,8876,897,7979
2021,South Oxfordshire 006,E02005963,8034,1362,564,798,6672,658,6014
2021,South Oxfordshire 007,E02005964,7300,1048,354,694,6252,646,5606
2021,South Oxfordshire 008,E02005965,5523,735,273,462,4788,500,4288
2021,South Oxfordshire 009,E02005966,8115,914,252,662,7201,704,6497
2021,South Oxfordshire 010,E02005967,9536,1318,476,842,8218,719,7499
2021,South Oxfordshire 011,E02005968,8011,966,297,669,7045,600,6445
2021,South Oxfordshire 012,E02005969,9698,1538,593,945,8160,832,7328
2021,South Oxfordshire 013,E02005970,5513,907,363,544,4606,473,4133
2021,South Oxfordshire 014,E02005971,6357,1087,406,681,5270,502,4768
2021,South Oxfordshire 015,E02005972,12012,1538,479,1059,10474,1001,9473
2021,South Oxfordshire 016,E02005973,5913,836,305,531,5077,472,4605
2021,South Oxfordshire 017,E02005974,6273,835,320,515,5438,456,4982
2021,South Oxfordshire 018,E02005975,8234,1093,349,744,7141,694,6447
2021,South Oxfordshire 019,E02005976,6340,737,246,491,5603,495,5108
2021,South Oxfordshire 020,E02005977,6160,905,363,542,5255,505,4750
2021,Vale of White Horse 001,E02005978,7597,1110,385,725,6487,594,5893
2021,Vale of White Horse 002,E02005979,10275,1429,469,960,8846,827,8019
2021,Vale of White Horse 003,E02005980,11764,1567,598,969,10197,839,9358
2021,Vale of White Horse 004,E02005981,8552,1080,298,782,7472,783,6689
2021,Vale of White Horse 005,E02005982,5739,800,261,539,4939,526,4413
2021,Vale of White Horse 006,E02005983,10981,1819,659,1160,9162,942,8220
2021,Vale of White Horse 007,E02005984,9151,1155,368,787,7996,777,7219
2021,Vale of White Horse 008,E02005985,7904,1400,528,872,6504,683,5821
2021,Vale of White Horse 009,E02005986,9690,1640,582,1058,8050,803,7247
2021,Vale of White Horse 010,E02005987,10296,1533,510,1023,8763,791,7972
2021,Vale of White Horse 011,E02005988,9126,1311,435,876,7815,774,7041
2021,Vale of White Horse 014,E02005991,10067,1629,590,1039,8438,905,7533
2021,Vale of White Horse 015,E02005992,13914,2030,741,1289,11884,1066,10818
2021,West Oxfordshire 001,E02005993,7250,1297,498,799,5953,608,5345
2021,West Oxfordshire 002,E02005994,6269,963,339,624,5306,485,4821
2021,West Oxfordshire 003,E02005995,6376,969,370,599,5407,520,4887
2021,West Oxfordshire 004,E02005996,8934,1170,376,794,7764,731,7033
2021,West Oxfordshire 005,E02005997,5954,972,333,639,4982,547,4435
2021,West Oxfordshire 006,E02005998,7029,1055,390,665,5974,610,5364
2021,West Oxfordshire 007,E02005999,6544,959,340,619,5585,539,5046
2021,West Oxfordshire 008,E02006000,11773,1791,632,1159,9982,1031,8951
2021,West Oxfordshire 009,E02006001,7087,1019,371,648,6068,536,5532
2021,West Oxfordshire 010,E02006002,10769,1906,745,1161,8863,840,8023
2021,West Oxfordshire 011,E02006003,5930,935,315,620,4995,517,4478
2021,West Oxfordshire 012,E02006004,7337,1001,332,669,6336,555,5781
2021,West Oxfordshire 013,E02006005,10032,1199,378,821,8833,774,8059
2021,West Oxfordshire 014,E02006006,5650,931,347,584,4719,445,4274
2021,West Oxfordshire 015,E02006007,7308,1131,395,736,6177,602,5575
2021,Shropshire 025,E02006008,10459,1624,613,1011,8835,772,8063
2021,Shropshire 027,E02006009,7933,1386,530,856,6547,571,5976
2021,Shropshire 029,E02006010,11877,2266,896,1370,9611,850,8761
2021,Shropshire 031,E02006011,5658,1073,436,637,4585,433,4152
2021,Shropshire 033,E02006012,6194,1225,523,702,4969,509,4460
2021,Shropshire 034,E02006013,7878,1438,622,816,6440,550,5890
2021,Shropshire 035,E02006014,9910,1882,754,1128,8028,720,7308
2021,Shropshire 001,E02006015,10141,1951,793,1158,8190,691,7499
2021,Shropshire 002,E02006016,8149,1473,641,832,6676,605,6071
2021,Shropshire 004,E02006017,8070,1462,586,876,6608,609,5999
2021,Shropshire 005,E02006018,12588,2424,1030,1394,10164,868,9296
2021,Shropshire 008,E02006019,6281,1341,539,802,4940,436,4504
2021,Shropshire 009,E02006020,7743,1437,646,791,6306,529,5777
2021,Shropshire 010,E02006021,8766,1418,514,904,7348,735,6613
2021,Shropshire 013,E02006022,6063,983,372,611,5080,414,4666
2021,Shropshire 003,E02006023,10041,2017,825,1192,8024,707,7317
2021,Shropshire 006,E02006024,9918,2008,897,1111,7910,604,7306
2021,Shropshire 007,E02006025,9568,1896,739,1157,7672,626,7046
2021,Shropshire 011,E02006026,7374,1278,489,789,6096,511,5585
2021,Shropshire 012,E02006027,5453,955,366,589,4498,425,4073
2021,Shropshire 014,E02006028,9810,1723,777,946,8087,702,7385
2021,Shropshire 015,E02006029,8183,1618,690,928,6565,486,6079
2021,Shropshire 016,E02006030,9092,1702,718,984,7390,577,6813
2021,Shropshire 017,E02006031,7956,1523,669,854,6433,604,5829
2021,Shropshire 018,E02006032,8654,1729,720,1009,6925,612,6313
2021,Shropshire 019,E02006033,8485,1589,570,1019,6896,700,6196
2021,Shropshire 020,E02006034,10662,1580,600,980,9082,855,8227
2021,Shropshire 021,E02006035,5862,1136,464,672,4726,514,4212
2021,Shropshire 022,E02006036,6573,1224,478,746,5349,556,4793
2021,Shropshire 023,E02006037,9970,1570,581,989,8400,818,7582
2021,Shropshire 024,E02006038,8422,1527,592,935,6895,688,6207
2021,Shropshire 026,E02006039,8233,1555,651,904,6678,611,6067
2021,Shropshire 028,E02006040,7781,1254,490,764,6527,593,5934
2021,Shropshire 030,E02006041,5650,1036,423,613,4614,417,4197
2021,Shropshire 032,E02006042,5752,1228,500,728,4524,514,4010
2021,Shropshire 036,E02006043,6720,1249,470,779,5471,493,4978
2021,Shropshire 037,E02006044,6104,1073,371,702,5031,479,4552
2021,Shropshire 038,E02006045,10714,2469,1120,1349,8245,805,7440
2021,Shropshire 039,E02006046,8917,1663,675,988,7254,703,6551
2021,Mendip 001,E02006047,8758,1401,494,907,7357,808,6549
2021,Mendip 002,E02006048,7182,1211,450,761,5971,578,5393
2021,Mendip 003,E02006049,7214,1197,417,780,6017,616,5401
2021,Mendip 004,E02006050,8795,1847,719,1128,6948,713,6235
2021,Mendip 005,E02006051,8473,1368,486,882,7105,679,6426
2021,Mendip 006,E02006052,7747,1344,523,821,6403,630,5773
2021,Mendip 007,E02006053,11148,1996,779,1217,9152,836,8316
2021,Mendip 008,E02006054,8317,1748,657,1091,6569,703,5866
2021,Mendip 009,E02006055,9086,1477,549,928,7609,691,6918
2021,Mendip 010,E02006056,7790,1290,480,810,6500,633,5867
2021,Mendip 011,E02006057,7640,1671,747,924,5969,620,5349
2021,Mendip 012,E02006058,8790,1424,566,858,7366,683,6683
2021,Mendip 013,E02006059,6932,1044,352,692,5888,622,5266
2021,Mendip 014,E02006060,8214,1591,687,904,6623,617,6006
2021,Sedgemoor 001,E02006061,9365,1636,691,945,7729,811,6918
2021,Sedgemoor 002,E02006062,11061,2299,937,1362,8762,872,7890
2021,Sedgemoor 003,E02006063,6910,1097,369,728,5813,605,5208
2021,Sedgemoor 004,E02006064,7780,2054,942,1112,5726,595,5131
2021,Sedgemoor 005,E02006065,8879,2156,937,1219,6723,595,6128
2021,Sedgemoor 006,E02006066,8514,1648,682,966,6866,657,6209
2021,Sedgemoor 007,E02006067,7133,1288,483,805,5845,598,5247
2021,Sedgemoor 008,E02006068,7869,1733,779,954,6136,446,5690
2021,Sedgemoor 009,E02006069,10577,2046,844,1202,8531,679,7852
2021,Sedgemoor 010,E02006070,8826,1369,556,813,7457,616,6841
2021,Sedgemoor 011,E02006071,9576,1471,599,872,8105,724,7381
2021,Sedgemoor 012,E02006072,9361,1629,621,1008,7732,788,6944
2021,Sedgemoor 013,E02006073,7827,1682,731,951,6145,509,5636
2021,Sedgemoor 014,E02006074,11665,1877,706,1171,9788,828,8960
2021,South Somerset 001,E02006075,5344,738,271,467,4606,401,4205
2021,South Somerset 002,E02006076,9088,1654,607,1047,7434,789,6645
2021,South Somerset 003,E02006077,6237,1255,488,767,4982,525,4457
2021,South Somerset 004,E02006078,6278,1206,482,724,5072,516,4556
2021,South Somerset 005,E02006079,8366,1487,562,925,6879,638,6241
2021,South Somerset 006,E02006080,6924,1003,380,623,5921,498,5423
2021,South Somerset 007,E02006081,5766,1032,364,668,4734,474,4260
2021,South Somerset 008,E02006082,7085,1312,485,827,5773,585,5188
2021,South Somerset 009,E02006083,5604,1064,402,662,4540,557,3983
2021,South Somerset 010,E02006084,7466,1427,526,901,6039,658,5381
2021,South Somerset 011,E02006085,7744,1309,472,837,6435,570,5865
2021,South Somerset 012,E02006086,7726,1249,483,766,6477,600,5877
2021,South Somerset 013,E02006087,6010,1220,485,735,4790,408,4382
2021,South Somerset 014,E02006088,7865,1602,663,939,6263,499,5764
2021,South Somerset 015,E02006089,7216,1410,618,792,5806,492,5314
2021,South Somerset 016,E02006090,7200,1346,534,812,5854,527,5327
2021,South Somerset 017,E02006091,9965,1829,679,1150,8136,902,7234
2021,South Somerset 018,E02006092,6476,1017,351,666,5459,537,4922
2021,South Somerset 019,E02006093,8764,1612,555,1057,7152,732,6420
2021,South Somerset 020,E02006094,5415,1036,427,609,4379,458,3921
2021,South Somerset 021,E02006095,8370,1701,663,1038,6669,679,5990
2021,South Somerset 022,E02006096,7351,1406,548,858,5945,559,5386
2021,South Somerset 023,E02006097,6940,1443,602,841,5497,523,4974
2021,South Somerset 024,E02006098,7471,1393,508,885,6078,684,5394
2021,Somerset West and Taunton 006,E02006099,7167,1183,455,728,5984,602,5382
2021,Somerset West and Taunton 007,E02006100,8220,1340,513,827,6880,661,6219
2021,Somerset West and Taunton 013,E02006101,5756,1064,400,664,4692,477,4215
2021,Somerset West and Taunton 010,E02006102,6901,1630,770,860,5271,508,4763
2021,Somerset West and Taunton 009,E02006103,7988,1470,544,926,6518,628,5890
2021,Somerset West and Taunton 008,E02006104,10740,1615,640,975,9125,824,8301
2021,Somerset West and Taunton 011,E02006105,11304,1891,706,1185,9413,911,8502
2021,Somerset West and Taunton 012,E02006106,9929,1698,685,1013,8231,746,7485
2021,Somerset West and Taunton 014,E02006107,8396,1828,758,1070,6568,535,6033
2021,Somerset West and Taunton 015,E02006108,8667,1814,789,1025,6853,708,6145
2021,Somerset West and Taunton 016,E02006109,7973,1235,433,802,6738,656,6082
2021,Somerset West and Taunton 018,E02006110,10520,2050,835,1215,8470,817,7653
2021,Somerset West and Taunton 017,E02006111,10655,2058,823,1235,8597,873,7724
2021,Somerset West and Taunton 019,E02006112,8289,1355,524,831,6934,683,6251
2021,Somerset West and Taunton 001,E02006113,7437,1707,713,994,5730,583,5147
2021,Somerset West and Taunton 002,E02006114,6384,1564,617,947,4820,553,4267
2021,Somerset West and Taunton 003,E02006115,7552,1862,777,1085,5690,620,5070
2021,Somerset West and Taunton 004,E02006116,7971,1635,665,970,6336,692,5644
2021,Somerset West and Taunton 005,E02006117,5595,1164,462,702,4431,429,4002
2021,Cannock Chase 001,E02006118,7406,1309,512,797,6097,608,5489
2021,Cannock Chase 002,E02006119,8188,1864,909,955,6324,574,5750
2021,Cannock Chase 003,E02006120,9287,1921,846,1075,7366,681,6685
2021,Cannock Chase 004,E02006121,5870,1184,547,637,4686,424,4262
2021,Cannock Chase 005,E02006122,8053,1478,620,858,6575,542,6033
2021,Cannock Chase 006,E02006123,6458,1181,478,703,5277,517,4760
2021,Cannock Chase 007,E02006124,7345,1820,887,933,5525,417,5108
2021,Cannock Chase 008,E02006125,7309,1744,767,977,5565,448,5117
2021,Cannock Chase 009,E02006126,8378,1627,725,902,6751,583,6168
2021,Cannock Chase 010,E02006127,7133,946,368,578,6187,557,5630
2021,Cannock Chase 011,E02006128,8472,1836,820,1016,6636,610,6026
2021,Cannock Chase 012,E02006129,8301,1888,825,1063,6413,569,5844
2021,Cannock Chase 013,E02006130,8322,1528,663,865,6794,595,6199
2021,East Staffordshire 001,E02006131,7744,1376,544,832,6368,608,5760
2021,East Staffordshire 002,E02006132,7083,1221,488,733,5862,512,5350
2021,East Staffordshire 003,E02006133,6937,1292,439,853,5645,552,5093
2021,East Staffordshire 004,E02006134,10441,1674,629,1045,8767,820,7947
2021,East Staffordshire 005,E02006135,7762,1288,460,828,6474,623,5851
2021,East Staffordshire 006,E02006136,9027,1576,557,1019,7451,699,6752
2021,East Staffordshire 007,E02006137,9159,1784,819,965,7375,596,6779
2021,East Staffordshire 008,E02006138,8058,1218,520,698,6840,383,6457
2021,East Staffordshire 009,E02006139,8470,1225,524,701,7245,413,6832
2021,East Staffordshire 010,E02006140,8387,1662,723,939,6725,617,6108
2021,East Staffordshire 011,E02006141,12153,1702,703,999,10451,547,9904
2021,East Staffordshire 012,E02006142,5264,886,328,558,4378,417,3961
2021,East Staffordshire 013,E02006143,9379,1292,437,855,8087,682,7405
2021,East Staffordshire 014,E02006144,8192,1774,773,1001,6418,518,5900
2021,East Staffordshire 015,E02006145,5964,963,319,644,5001,504,4497
2021,Lichfield 001,E02006146,8791,1690,742,948,7101,667,6434
2021,Lichfield 002,E02006147,8406,1286,483,803,7120,644,6476
2021,Lichfield 003,E02006148,7154,1134,405,729,6020,568,5452
2021,Lichfield 004,E02006149,10723,2336,1001,1335,8387,850,7537
2021,Lichfield 005,E02006150,11453,1959,760,1199,9494,1001,8493
2021,Lichfield 006,E02006151,9774,1884,815,1069,7890,719,7171
2021,Lichfield 007,E02006152,10406,1651,618,1033,8755,875,7880
2021,Lichfield 008,E02006153,9164,1306,473,833,7858,707,7151
2021,Lichfield 009,E02006154,9639,1912,808,1104,7727,737,6990
2021,Lichfield 010,E02006155,5728,1254,523,731,4474,403,4071
2021,Lichfield 011,E02006156,7961,1130,406,724,6831,525,6306
2021,Lichfield 012,E02006157,7234,1399,562,837,5835,557,5278
2021,Newcastle-under-Lyme 001,E02006158,8094,1356,513,843,6738,680,6058
2021,Newcastle-under-Lyme 002,E02006159,5709,1311,598,713,4398,374,4024
2021,Newcastle-under-Lyme 003,E02006160,8636,1818,787,1031,6818,599,6219
2021,Newcastle-under-Lyme 004,E02006161,6575,1268,515,753,5307,489,4818
2021,Newcastle-under-Lyme 005,E02006162,8329,1772,773,999,6557,620,5937
2021,Newcastle-under-Lyme 006,E02006163,7868,1829,815,1014,6039,509,5530
2021,Newcastle-under-Lyme 007,E02006164,7230,1741,835,906,5489,409,5080
2021,Newcastle-under-Lyme 008,E02006165,7413,1515,624,891,5898,599,5299
2021,Newcastle-under-Lyme 009,E02006166,6980,1228,462,766,5752,595,5157
2021,Newcastle-under-Lyme 010,E02006167,10004,2286,1039,1247,7718,629,7089
2021,Newcastle-under-Lyme 011,E02006168,8349,2131,961,1170,6218,638,5580
2021,Newcastle-under-Lyme 012,E02006169,7568,1536,545,991,6032,517,5515
2021,Newcastle-under-Lyme 013,E02006170,5168,1041,401,640,4127,418,3709
2021,Newcastle-under-Lyme 014,E02006171,9028,1897,792,1105,7131,739,6392
2021,Newcastle-under-Lyme 015,E02006172,9415,1663,582,1081,7752,797,6955
2021,Newcastle-under-Lyme 016,E02006173,6931,1218,454,764,5713,592,5121
2021,South Staffordshire 001,E02006174,10921,1948,743,1205,8973,831,8142
2021,South Staffordshire 002,E02006175,6847,1282,523,759,5565,470,5095
2021,South Staffordshire 003,E02006176,7328,1330,549,781,5998,576,5422
2021,South Staffordshire 004,E02006177,9784,1768,740,1028,8016,717,7299
2021,South Staffordshire 005,E02006178,7508,1520,638,882,5988,526,5462
2021,South Staffordshire 006,E02006179,9535,2262,795,1467,7273,700,6573
2021,South Staffordshire 007,E02006180,6951,1476,728,748,5475,424,5051
2021,South Staffordshire 008,E02006181,5560,1147,494,653,4413,419,3994
2021,South Staffordshire 009,E02006182,7144,1099,441,658,6045,528,5517
2021,South Staffordshire 012,E02006185,7121,1418,607,811,5703,533,5170
2021,South Staffordshire 013,E02006186,12491,2068,869,1199,10423,899,9524
2021,South Staffordshire 014,E02006187,7104,1302,508,794,5802,590,5212
2021,Stafford 001,E02006188,5976,1145,516,629,4831,455,4376
2021,Stafford 002,E02006189,7171,1407,628,779,5764,604,5160
2021,Stafford 003,E02006190,11076,2202,944,1258,8874,893,7981
2021,Stafford 004,E02006191,8118,1254,442,812,6864,726,6138
2021,Stafford 005,E02006192,9192,1486,520,966,7706,778,6928
2021,Stafford 006,E02006193,7486,1272,426,846,6214,609,5605
2021,Stafford 007,E02006194,8385,1631,681,950,6754,644,6110
2021,Stafford 008,E02006195,8750,1539,575,964,7211,784,6427
2021,Stafford 009,E02006196,7254,1510,551,959,5744,543,5201
2021,Stafford 010,E02006197,9443,1938,764,1174,7505,784,6721
2021,Stafford 011,E02006198,8950,1307,468,839,7643,741,6902
2021,Stafford 012,E02006199,8321,1528,627,901,6793,696,6097
2021,Stafford 013,E02006200,7733,1741,757,984,5992,575,5417
2021,Stafford 014,E02006201,12117,1796,627,1169,10321,1061,9260
2021,Stafford 015,E02006202,9208,1565,611,954,7643,750,6893
2021,Stafford 016,E02006203,7685,1644,718,926,6041,588,5453
2021,Staffordshire Moorlands 001,E02006204,7482,1623,734,889,5859,557,5302
2021,Staffordshire Moorlands 002,E02006205,7241,1272,533,739,5969,602,5367
2021,Staffordshire Moorlands 003,E02006206,7994,1753,833,920,6241,534,5707
2021,Staffordshire Moorlands 004,E02006207,6239,1283,529,754,4956,508,4448
2021,Staffordshire Moorlands 005,E02006208,7992,1835,818,1017,6157,647,5510
2021,Staffordshire Moorlands 006,E02006209,10619,1943,782,1161,8676,868,7808
2021,Staffordshire Moorlands 007,E02006210,5218,849,329,520,4369,411,3958
2021,Staffordshire Moorlands 008,E02006211,6351,1131,457,674,5220,481,4739
2021,Staffordshire Moorlands 009,E02006212,7739,1490,612,878,6249,625,5624
2021,Staffordshire Moorlands 010,E02006213,6525,1292,575,717,5233,484,4749
2021,Staffordshire Moorlands 011,E02006214,6186,1383,625,758,4803,442,4361
2021,Staffordshire Moorlands 012,E02006215,7849,1521,635,886,6328,667,5661
2021,Staffordshire Moorlands 013,E02006216,8409,1448,571,877,6961,707,6254
2021,Tamworth 001,E02006217,10205,1816,737,1079,8389,745,7644
2021,Tamworth 002,E02006218,8451,1872,863,1009,6579,557,6022
2021,Tamworth 003,E02006219,8319,1528,647,881,6791,520,6271
2021,Tamworth 004,E02006220,7338,1475,645,830,5863,489,5374
2021,Tamworth 005,E02006221,5816,937,374,563,4879,437,4442
2021,Tamworth 006,E02006222,6901,1340,595,745,5561,469,5092
2021,Tamworth 007,E02006223,6862,1558,704,854,5304,423,4881
2021,Tamworth 008,E02006224,7487,1201,469,732,6286,561,5725
2021,Tamworth 009,E02006225,7339,1195,420,775,6144,522,5622
2021,Tamworth 010,E02006226,9930,1616,647,969,8314,780,7534
2021,Babergh 001,E02006227,6434,1157,462,695,5277,623,4654
2021,Babergh 002,E02006228,6162,984,354,630,5178,553,4625
2021,Babergh 003,E02006229,6181,1154,452,702,5027,514,4513
2021,Babergh 004,E02006230,11012,1882,717,1165,9130,889,8241
2021,Babergh 005,E02006231,8630,1377,458,919,7253,690,6563
2021,Babergh 006,E02006232,6121,1013,394,619,5108,518,4590
2021,Babergh 007,E02006233,11622,2435,992,1443,9187,946,8241
2021,Babergh 008,E02006234,9950,1775,735,1040,8175,775,7400
2021,Babergh 009,E02006235,8200,1357,479,878,6843,690,6153
2021,Babergh 010,E02006236,10440,1649,597,1052,8791,899,7892
2021,Babergh 011,E02006237,7596,1384,527,857,6212,626,5586
2021,West Suffolk 002,E02006238,9689,2041,859,1182,7648,743,6905
2021,West Suffolk 001,E02006239,8722,955,348,607,7767,474,7293
2021,West Suffolk 003,E02006240,10228,1322,494,828,8906,681,8225
2021,West Suffolk 004,E02006241,8843,1709,741,968,7134,636,6498
2021,West Suffolk 007,E02006242,10641,1279,440,839,9362,830,8532
2021,West Suffolk 008,E02006243,9331,1338,443,895,7993,673,7320
2021,Ipswich 001,E02006245,8286,1643,738,905,6643,570,6073
2021,Ipswich 002,E02006246,7433,1277,493,784,6156,572,5584
2021,Ipswich 003,E02006247,9104,1596,649,947,7508,629,6879
2021,Ipswich 004,E02006248,8481,1491,631,860,6990,637,6353
2021,Ipswich 005,E02006249,8388,1342,452,890,7046,702,6344
2021,Ipswich 006,E02006250,10198,1644,677,967,8554,618,7936
2021,Ipswich 007,E02006251,10692,1763,625,1138,8929,791,8138
2021,Ipswich 008,E02006252,9700,1560,517,1043,8140,776,7364
2021,Ipswich 009,E02006253,7446,1301,512,789,6145,593,5552
2021,Ipswich 010,E02006254,9395,1796,821,975,7599,586,7013
2021,Ipswich 011,E02006255,8121,1315,458,857,6806,662,6144
2021,Ipswich 012,E02006256,9841,1842,766,1076,7999,688,7311
2021,Ipswich 013,E02006257,6776,1496,671,825,5280,443,4837
2021,Ipswich 014,E02006258,9651,1922,909,1013,7729,644,7085
2021,Ipswich 015,E02006259,7279,1441,615,826,5838,508,5330
2021,Ipswich 016,E02006260,8847,1733,728,1005,7114,594,6520
2021,Mid Suffolk 001,E02006261,7956,1482,579,903,6474,736,5738
2021,Mid Suffolk 002,E02006262,8991,1518,536,982,7473,780,6693
2021,Mid Suffolk 003,E02006263,7534,1303,448,855,6231,609,5622
2021,Mid Suffolk 004,E02006264,8870,1324,461,863,7546,821,6725
2021,Mid Suffolk 005,E02006265,7377,1279,477,802,6098,669,5429
2021,Mid Suffolk 006,E02006266,9436,1673,641,1032,7763,924,6839
2021,Mid Suffolk 007,E02006267,8347,1314,481,833,7033,748,6285
2021,Mid Suffolk 008,E02006268,6158,1431,609,822,4727,458,4269
2021,Mid Suffolk 009,E02006269,7738,1345,522,823,6393,702,5691
2021,Mid Suffolk 010,E02006270,12796,1878,643,1235,10918,1092,9826
2021,Mid Suffolk 011,E02006271,9845,1595,624,971,8250,691,7559
2021,Mid Suffolk 012,E02006272,7651,1396,581,815,6255,634,5621
2021,West Suffolk 005,E02006273,6839,1256,486,770,5583,579,5004
2021,West Suffolk 006,E02006274,6601,996,370,626,5605,532,5073
2021,West Suffolk 009,E02006275,6999,1340,539,801,5659,487,5172
2021,West Suffolk 016,E02006276,8230,1355,561,794,6875,646,6229
2021,West Suffolk 012,E02006277,7688,908,273,635,6780,666,6114
2021,West Suffolk 011,E02006278,8377,1519,544,975,6858,714,6144
2021,West Suffolk 014,E02006279,8744,1685,659,1026,7059,780,6279
2021,West Suffolk 010,E02006280,9728,1648,612,1036,8080,807,7273
2021,West Suffolk 013,E02006281,8320,1638,691,947,6682,766,5916
2021,West Suffolk 017,E02006282,6523,1185,442,743,5338,568,4770
2021,West Suffolk 018,E02006283,8253,1453,531,922,6800,679,6121
2021,West Suffolk 019,E02006284,7730,1336,479,857,6394,563,5831
2021,West Suffolk 021,E02006285,7549,1130,424,706,6419,583,5836
2021,West Suffolk 020,E02006286,11154,1858,769,1089,9296,792,8504
2021,East Suffolk 016,E02006287,6260,1201,477,724,5059,571,4488
2021,East Suffolk 017,E02006288,10053,1704,623,1081,8349,851,7498
2021,East Suffolk 018,E02006289,9699,2042,815,1227,7657,831,6826
2021,East Suffolk 019,E02006290,8106,1794,696,1098,6312,673,5639
2021,East Suffolk 020,E02006291,7673,1335,483,852,6338,710,5628
2021,East Suffolk 021,E02006292,6781,1132,451,681,5649,586,5063
2021,East Suffolk 023,E02006293,11157,2005,722,1283,9152,976,8176
2021,East Suffolk 022,E02006294,7880,1692,670,1022,6188,713,5475
2021,East Suffolk 024,E02006295,9325,1611,611,1000,7714,767,6947
2021,East Suffolk 025,E02006296,13088,2058,716,1342,11030,1118,9912
2021,East Suffolk 026,E02006297,8044,1220,432,788,6824,709,6115
2021,East Suffolk 027,E02006298,9142,1611,664,947,7531,775,6756
2021,East Suffolk 028,E02006299,8235,1608,643,965,6627,807,5820
2021,East Suffolk 029,E02006300,7938,1887,809,1078,6051,611,5440
2021,East Suffolk 030,E02006301,6305,1422,597,825,4883,529,4354
2021,East Suffolk 001,E02006302,6638,1391,649,742,5247,522,4725
2021,East Suffolk 002,E02006303,7980,1973,925,1048,6007,528,5479
2021,East Suffolk 003,E02006304,8148,1736,721,1015,6412,579,5833
2021,East Suffolk 004,E02006305,9733,2439,1087,1352,7294,663,6631
2021,East Suffolk 005,E02006306,7289,1664,729,935,5625,513,5112
2021,East Suffolk 007,E02006307,7323,1446,607,839,5877,556,5321
2021,East Suffolk 006,E02006308,7630,2188,998,1190,5442,560,4882
2021,East Suffolk 009,E02006309,6742,1869,911,958,4873,443,4430
2021,East Suffolk 008,E02006310,8078,1564,639,925,6514,604,5910
2021,East Suffolk 010,E02006311,8213,1853,821,1032,6360,645,5715
2021,East Suffolk 011,E02006312,8486,1580,563,1017,6906,769,6137
2021,East Suffolk 012,E02006313,9931,2264,973,1291,7667,763,6904
2021,East Suffolk 013,E02006314,7261,1529,650,879,5732,630,5102
2021,East Suffolk 014,E02006315,5842,1278,481,797,4564,484,4080
2021,East Suffolk 015,E02006316,7073,1650,687,963,5423,534,4889
2021,Elmbridge 001,E02006317,6352,847,311,536,5505,461,5044
2021,Elmbridge 002,E02006318,6966,725,233,492,6241,494,5747
2021,Elmbridge 003,E02006319,7216,1129,444,685,6087,455,5632
2021,Elmbridge 004,E02006320,7251,1072,415,657,6179,494,5685
2021,Elmbridge 005,E02006321,6608,747,318,429,5861,470,5391
2021,Elmbridge 006,E02006322,6488,754,277,477,5734,465,5269
2021,Elmbridge 007,E02006323,7528,979,336,643,6549,540,6009
2021,Elmbridge 008,E02006324,7915,983,342,641,6932,587,6345
2021,Elmbridge 009,E02006325,9172,841,278,563,8331,669,7662
2021,Elmbridge 010,E02006326,7532,821,297,524,6711,536,6175
2021,Elmbridge 011,E02006327,6696,722,272,450,5974,482,5492
2021,Elmbridge 012,E02006328,9598,1066,379,687,8532,661,7871
2021,Elmbridge 013,E02006329,7095,845,302,543,6250,464,5786
2021,Elmbridge 014,E02006330,9928,1369,502,867,8559,646,7913
2021,Elmbridge 015,E02006331,7264,856,340,516,6408,543,5865
2021,Elmbridge 016,E02006332,6651,705,303,402,5946,417,5529
2021,Elmbridge 017,E02006333,9944,1278,488,790,8666,614,8052
2021,Elmbridge 018,E02006334,8549,825,289,536,7724,516,7208
2021,Epsom and Ewell 001,E02006335,7913,982,339,643,6931,518,6413
2021,Epsom and Ewell 002,E02006336,7167,975,356,619,6192,476,5716
2021,Epsom and Ewell 003,E02006337,8871,1019,337,682,7852,636,7216
2021,Epsom and Ewell 004,E02006338,6787,828,260,568,5959,558,5401
2021,Epsom and Ewell 005,E02006339,10913,1385,521,864,9528,766,8762
2021,Epsom and Ewell 007,E02006341,10249,1449,568,881,8800,745,8055
2021,Epsom and Ewell 008,E02006342,8195,1146,436,710,7049,570,6479
2021,Epsom and Ewell 009,E02006343,9056,1140,445,695,7916,703,7213
2021,Guildford 001,E02006344,8518,1290,453,837,7228,677,6551
2021,Guildford 002,E02006345,7676,907,310,597,6769,503,6266
2021,Guildford 003,E02006346,9923,1130,365,765,8793,760,8033
2021,Guildford 004,E02006347,7127,1039,364,675,6088,614,5474
2021,Guildford 005,E02006348,8462,1228,447,781,7234,681,6553
2021,Guildford 006,E02006349,8004,1104,410,694,6900,611,6289
2021,Guildford 007,E02006350,6377,1194,476,718,5183,472,4711
2021,Guildford 008,E02006351,8371,1070,359,711,7301,666,6635
2021,Guildford 009,E02006352,6146,802,242,560,5344,463,4881
2021,Guildford 010,E02006353,6114,1038,444,594,5076,514,4562
2021,Guildford 011,E02006354,9620,1083,330,753,8537,771,7766
2021,Guildford 012,E02006355,9756,1528,450,1078,8228,658,7570
2021,Guildford 013,E02006356,11455,1404,455,949,10051,922,9129
2021,Guildford 014,E02006357,7211,968,349,619,6243,540,5703
2021,Guildford 015,E02006358,8974,1115,317,798,7859,707,7152
2021,Guildford 016,E02006359,6129,711,226,485,5418,507,4911
2021,Guildford 017,E02006360,8126,1172,470,702,6954,660,6294
2021,Guildford 018,E02006361,5660,735,257,478,4925,465,4460
2021,Mole Valley 001,E02006362,6903,951,304,647,5952,559,5393
2021,Mole Valley 002,E02006363,6054,887,363,524,5167,480,4687
2021,Mole Valley 003,E02006364,7703,1269,483,786,6434,541,5893
2021,Mole Valley 004,E02006365,6260,953,386,567,5307,455,4852
2021,Mole Valley 005,E02006366,8023,1022,346,676,7001,628,6373
2021,Mole Valley 006,E02006367,5969,934,330,604,5035,513,4522
2021,Mole Valley 007,E02006368,5679,926,349,577,4753,457,4296
2021,Mole Valley 008,E02006369,6258,1078,441,637,5180,517,4663
2021,Mole Valley 009,E02006370,6341,830,326,504,5511,604,4907
2021,Mole Valley 010,E02006371,7323,1144,417,727,6179,607,5572
2021,Mole Valley 011,E02006372,6411,1069,390,679,5342,516,4826
2021,Mole Valley 012,E02006373,7510,1087,393,694,6423,649,5774
2021,Mole Valley 013,E02006374,6951,1092,397,695,5859,581,5278
2021,Reigate and Banstead 001,E02006375,6773,784,313,471,5989,485,5504
2021,Reigate and Banstead 002,E02006376,9227,1741,717,1024,7486,726,6760
2021,Reigate and Banstead 003,E02006377,6167,826,311,515,5341,416,4925
2021,Reigate and Banstead 004,E02006378,8851,1115,424,691,7736,630,7106
2021,Reigate and Banstead 005,E02006379,6968,1118,457,661,5850,474,5376
2021,Reigate and Banstead 006,E02006380,7092,942,359,583,6150,549,5601
2021,Reigate and Banstead 007,E02006381,7255,960,421,539,6295,463,5832
2021,Reigate and Banstead 008,E02006382,6864,1133,455,678,5731,510,5221
2021,Reigate and Banstead 009,E02006383,10115,1243,478,765,8872,780,8092
2021,Reigate and Banstead 010,E02006384,10917,1604,572,1032,9313,783,8530
2021,Reigate and Banstead 011,E02006385,11323,1361,504,857,9962,816,9146
2021,Reigate and Banstead 012,E02006386,8378,919,313,606,7459,664,6795
2021,Reigate and Banstead 013,E02006387,6783,1015,368,647,5768,543,5225
2021,Reigate and Banstead 014,E02006388,9327,1376,493,883,7951,804,7147
2021,Reigate and Banstead 015,E02006389,7370,1107,451,656,6263,584,5679
2021,Reigate and Banstead 016,E02006390,10508,1444,539,905,9064,784,8280
2021,Reigate and Banstead 017,E02006391,7749,873,270,603,6876,590,6286
2021,Reigate and Banstead 018,E02006392,9167,1498,663,835,7669,722,6947
2021,Runnymede 001,E02006393,6944,1032,339,693,5912,544,5368
2021,Runnymede 002,E02006394,11826,1874,562,1312,9952,781,9171
2021,Runnymede 003,E02006395,9753,1455,549,906,8298,602,7696
2021,Runnymede 004,E02006396,5965,965,383,582,5000,407,4593
2021,Runnymede 005,E02006397,6334,722,281,441,5612,377,5235
2021,Runnymede 006,E02006398,8654,1162,449,713,7492,583,6909
2021,Runnymede 007,E02006399,12271,1720,681,1039,10551,863,9688
2021,Runnymede 008,E02006400,5685,872,360,512,4813,415,4398
2021,Runnymede 009,E02006401,10711,1668,681,987,9043,762,8281
2021,Runnymede 010,E02006402,9938,1374,519,855,8564,791,7773
2021,Spelthorne 001,E02006403,6738,997,417,580,5741,333,5408
2021,Spelthorne 002,E02006404,7758,1197,547,650,6561,365,6196
2021,Spelthorne 003,E02006405,11430,1524,543,981,9906,793,9113
2021,Spelthorne 004,E02006406,8954,1132,422,710,7822,581,7241
2021,Spelthorne 005,E02006407,9308,1278,501,777,8030,627,7403
2021,Spelthorne 006,E02006408,8851,1148,430,718,7703,543,7160
2021,Spelthorne 007,E02006409,6778,1129,475,654,5649,470,5179
2021,Spelthorne 008,E02006410,8513,1261,551,710,7252,507,6745
2021,Spelthorne 009,E02006411,7190,954,344,610,6236,542,5694
2021,Spelthorne 010,E02006412,7742,959,347,612,6783,597,6186
2021,Spelthorne 011,E02006413,6471,1046,470,576,5425,429,4996
2021,Spelthorne 012,E02006414,6238,936,408,528,5302,486,4816
2021,Spelthorne 013,E02006415,6986,1078,370,708,5908,493,5415
2021,Surrey Heath 001,E02006416,8385,963,353,610,7422,601,6821
2021,Surrey Heath 002,E02006417,6083,858,338,520,5225,444,4781
2021,Surrey Heath 003,E02006418,6536,867,323,544,5669,499,5170
2021,Surrey Heath 004,E02006419,8251,1454,548,906,6797,545,6252
2021,Surrey Heath 005,E02006420,7744,975,351,624,6769,563,6206
2021,Surrey Heath 006,E02006421,10335,1353,514,839,8982,784,8198
2021,Surrey Heath 007,E02006422,6205,717,197,520,5488,513,4975
2021,Surrey Heath 008,E02006423,11208,1680,664,1016,9528,724,8804
2021,Surrey Heath 009,E02006424,6497,756,258,498,5741,487,5254
2021,Surrey Heath 010,E02006425,6442,922,358,564,5520,456,5064
2021,Surrey Heath 011,E02006426,5543,671,209,462,4872,476,4396
2021,Surrey Heath 012,E02006427,7228,1056,429,627,6172,560,5612
2021,Tandridge 002,E02006429,8212,1045,363,682,7167,659,6508
2021,Tandridge 003,E02006430,9516,1433,616,817,8083,641,7442
2021,Tandridge 004,E02006431,11571,1577,592,985,9994,846,9148
2021,Tandridge 005,E02006432,5671,851,316,535,4820,468,4352
2021,Tandridge 006,E02006433,9491,1242,468,774,8249,795,7454
2021,Tandridge 007,E02006434,6629,1056,440,616,5573,592,4981
2021,Tandridge 008,E02006435,6114,918,352,566,5196,522,4674
2021,Tandridge 009,E02006436,6214,973,363,610,5241,490,4751
2021,Tandridge 010,E02006437,8386,1416,596,820,6970,638,6332
2021,Tandridge 011,E02006438,8351,1323,519,804,7028,612,6416
2021,Waverley 001,E02006439,6237,951,320,631,5286,501,4785
2021,Waverley 002,E02006440,7195,1056,313,743,6139,613,5526
2021,Waverley 003,E02006441,8428,1481,541,940,6947,718,6229
2021,Waverley 004,E02006442,6414,815,281,534,5599,487,5112
2021,Waverley 005,E02006443,7502,1221,473,748,6281,673,5608
2021,Waverley 006,E02006444,7179,989,335,654,6190,589,5601
2021,Waverley 007,E02006445,8435,1028,334,694,7407,706,6701
2021,Waverley 008,E02006446,6979,859,313,546,6120,564,5556
2021,Waverley 009,E02006447,6749,874,324,550,5875,561,5314
2021,Waverley 010,E02006448,7388,1020,345,675,6368,577,5791
2021,Waverley 011,E02006449,6956,1078,376,702,5878,606,5272
2021,Waverley 012,E02006450,7164,875,307,568,6289,594,5695
2021,Waverley 013,E02006451,11792,1712,543,1169,10080,1012,9068
2021,Waverley 015,E02006453,8388,1244,454,790,7144,697,6447
2021,Waverley 016,E02006454,6765,911,325,586,5854,585,5269
2021,Waverley 017,E02006455,6142,1005,425,580,5137,469,4668
2021,Woking 001,E02006456,8022,1221,490,731,6801,559,6242
2021,Woking 002,E02006457,9332,1128,440,688,8204,737,7467
2021,Woking 003,E02006458,9224,1239,482,757,7985,742,7243
2021,Woking 004,E02006459,10655,1387,573,814,9268,477,8791
2021,Woking 005,E02006460,9322,1414,540,874,7908,702,7206
2021,Woking 006,E02006461,6788,920,364,556,5868,531,5337
2021,Woking 007,E02006462,8343,1234,427,807,7109,708,6401
2021,Woking 008,E02006463,10662,1271,404,867,9391,787,8604
2021,Woking 009,E02006464,6811,1049,386,663,5762,561,5201
2021,Woking 010,E02006465,6215,745,252,493,5470,507,4963
2021,Woking 011,E02006466,11304,1708,685,1023,9596,758,8838
2021,Woking 012,E02006467,7265,826,282,544,6439,607,5832
2021,North Warwickshire 001,E02006468,10955,1926,809,1117,9029,835,8194
2021,North Warwickshire 002,E02006469,8777,1720,761,959,7057,576,6481
2021,North Warwickshire 003,E02006470,11737,2491,1125,1366,9246,741,8505
2021,North Warwickshire 004,E02006471,6970,1097,411,686,5873,518,5355
2021,North Warwickshire 005,E02006472,9826,1859,834,1025,7967,740,7227
2021,North Warwickshire 006,E02006473,10377,1790,772,1018,8587,718,7869
2021,North Warwickshire 007,E02006474,6391,1161,516,645,5230,439,4791
2021,Nuneaton and Bedworth 001,E02006475,9584,1580,650,930,8004,736,7268
2021,Nuneaton and Bedworth 002,E02006476,9598,1852,802,1050,7746,566,7180
2021,Nuneaton and Bedworth 003,E02006477,8738,1308,537,771,7430,644,6786
2021,Nuneaton and Bedworth 004,E02006478,8402,1311,522,789,7091,624,6467
2021,Nuneaton and Bedworth 005,E02006479,9145,1828,821,1007,7317,525,6792
2021,Nuneaton and Bedworth 006,E02006480,7492,1514,655,859,5978,479,5499
2021,Nuneaton and Bedworth 007,E02006481,7315,1506,643,863,5809,489,5320
2021,Nuneaton and Bedworth 008,E02006482,7256,1258,532,726,5998,500,5498
2021,Nuneaton and Bedworth 009,E02006483,7959,1781,835,946,6178,469,5709
2021,Nuneaton and Bedworth 010,E02006484,7646,1579,686,893,6067,596,5471
2021,Nuneaton and Bedworth 011,E02006485,6588,1074,385,689,5514,522,4992
2021,Nuneaton and Bedworth 012,E02006486,7080,1409,649,760,5671,459,5212
2021,Nuneaton and Bedworth 013,E02006487,6947,1734,835,899,5213,459,4754
2021,Nuneaton and Bedworth 014,E02006488,6080,1249,524,725,4831,449,4382
2021,Nuneaton and Bedworth 015,E02006489,8058,1526,689,837,6532,468,6064
2021,Nuneaton and Bedworth 016,E02006490,7744,1512,681,831,6232,460,5772
2021,Rugby 002,E02006493,10693,1538,555,983,9155,827,8328
2021,Rugby 003,E02006494,7272,1452,624,828,5820,431,5389
2021,Rugby 004,E02006495,7771,1278,464,814,6493,598,5895
2021,Rugby 005,E02006496,7141,996,365,631,6145,430,5715
2021,Rugby 006,E02006497,8089,1314,496,818,6775,529,6246
2021,Rugby 007,E02006498,13861,2043,720,1323,11818,1108,10710
2021,Rugby 008,E02006499,6436,907,311,596,5529,486,5043
2021,Rugby 009,E02006500,6103,1063,407,656,5040,479,4561
2021,Rugby 010,E02006501,10216,1707,676,1031,8509,695,7814
2021,Rugby 011,E02006502,11053,2190,902,1288,8863,857,8006
2021,Rugby 012,E02006503,10172,1525,552,973,8647,825,7822
2021,Stratford-on-Avon 001,E02006504,5878,784,299,485,5094,478,4616
2021,Stratford-on-Avon 002,E02006505,6963,1210,450,760,5753,544,5209
2021,Stratford-on-Avon 003,E02006506,6036,1147,475,672,4889,496,4393
2021,Stratford-on-Avon 004,E02006507,11033,1670,562,1108,9363,1014,8349
2021,Stratford-on-Avon 005,E02006508,11152,1582,512,1070,9570,910,8660
2021,Stratford-on-Avon 006,E02006509,5869,1155,441,714,4714,442,4272
2021,Stratford-on-Avon 007,E02006510,6850,1114,423,691,5736,555,5181
2021,Stratford-on-Avon 008,E02006511,10654,1658,584,1074,8996,922,8074
2021,Stratford-on-Avon 009,E02006512,12299,2084,820,1264,10215,999,9216
2021,Stratford-on-Avon 010,E02006513,8338,1215,446,769,7123,744,6379
2021,Stratford-on-Avon 011,E02006514,8863,1616,652,964,7247,781,6466
2021,Stratford-on-Avon 012,E02006515,11181,1834,711,1123,9347,867,8480
2021,Stratford-on-Avon 013,E02006516,9593,1472,521,951,8121,878,7243
2021,Stratford-on-Avon 014,E02006517,9820,1369,472,897,8451,798,7653
2021,Stratford-on-Avon 015,E02006518,10197,1772,648,1124,8425,821,7604
2021,Warwick 001,E02006519,7993,1213,418,795,6780,724,6056
2021,Warwick 002,E02006520,8441,1257,416,841,7184,772,6412
2021,Warwick 003,E02006521,7301,1262,477,785,6039,677,5362
2021,Warwick 004,E02006522,5806,701,214,487,5105,489,4616
2021,Warwick 005,E02006523,12902,1938,653,1285,10964,1044,9920
2021,Warwick 006,E02006524,5527,1072,417,655,4455,439,4016
2021,Warwick 007,E02006525,13033,1959,733,1226,11074,1073,10001
2021,Warwick 008,E02006526,8653,1515,624,891,7138,771,6367
2021,Warwick 009,E02006527,9357,1361,486,875,7996,777,7219
2021,Warwick 010,E02006528,11244,1718,637,1081,9526,857,8669
2021,Warwick 011,E02006529,12697,2008,748,1260,10689,1042,9647
2021,Warwick 012,E02006530,13236,1753,662,1091,11483,1040,10443
2021,Warwick 013,E02006531,10329,1736,689,1047,8593,686,7907
2021,Warwick 014,E02006532,11643,1478,497,981,10165,938,9227
2021,Warwick 015,E02006533,10289,1566,568,998,8723,759,7964
2021,Adur 001,E02006534,9095,1706,684,1022,7389,672,6717
2021,Adur 002,E02006535,7360,1144,422,722,6216,607,5609
2021,Adur 003,E02006536,7500,1395,508,887,6105,619,5486
2021,Adur 004,E02006537,10534,2254,1002,1252,8280,759,7521
2021,Adur 005,E02006538,9261,1602,577,1025,7659,814,6845
2021,Adur 006,E02006539,7294,1589,643,946,5705,624,5081
2021,Adur 007,E02006540,5724,1277,528,749,4447,456,3991
2021,Adur 008,E02006541,7774,1608,659,949,6166,638,5528
2021,Arun 001,E02006542,5736,971,364,607,4765,511,4254
2021,Arun 002,E02006543,5595,1039,400,639,4556,481,4075
2021,Arun 003,E02006544,11615,2093,852,1241,9522,894,8628
2021,Arun 004,E02006545,12162,2212,839,1373,9950,900,9050
2021,Arun 005,E02006546,10968,2084,845,1239,8884,892,7992
2021,Arun 006,E02006547,6912,1303,517,786,5609,583,5026
2021,Arun 007,E02006548,9755,1834,704,1130,7921,813,7108
2021,Arun 008,E02006549,6248,1233,464,769,5015,563,4452
2021,Arun 009,E02006550,9610,2081,791,1290,7529,814,6715
2021,Arun 010,E02006551,7955,1873,800,1073,6082,755,5327
2021,Arun 011,E02006552,7382,1741,735,1006,5641,551,5090
2021,Arun 012,E02006553,9663,1547,611,936,8116,789,7327
2021,Arun 013,E02006554,6618,1336,517,819,5282,591,4691
2021,Arun 014,E02006555,7697,1623,675,948,6074,519,5555
2021,Arun 015,E02006556,10593,1862,742,1120,8731,830,7901
2021,Arun 016,E02006557,7768,1569,669,900,6199,550,5649
2021,Arun 017,E02006558,10725,2474,1142,1332,8251,753,7498
2021,Arun 018,E02006559,8181,1620,671,949,6561,695,5866
2021,Arun 019,E02006560,9705,1988,812,1176,7717,814,6903
2021,Chichester 001,E02006561,6707,1002,392,610,5705,566,5139
2021,Chichester 002,E02006562,6162,796,252,544,5366,523,4843
2021,Chichester 003,E02006563,5752,757,257,500,4995,426,4569
2021,Chichester 004,E02006564,7989,1297,490,807,6692,672,6020
2021,Chichester 005,E02006565,8162,1276,460,816,6886,675,6211
2021,Chichester 006,E02006566,8233,1386,507,879,6847,739,6108
2021,Chichester 007,E02006567,7683,1190,419,771,6493,627,5866
2021,Chichester 008,E02006568,12300,2399,874,1525,9901,1069,8832
2021,Chichester 009,E02006569,9625,1403,522,881,8222,702,7520
2021,Chichester 010,E02006570,8907,1748,634,1114,7159,770,6389
2021,Chichester 011,E02006571,8514,1357,490,867,7157,775,6382
2021,Chichester 012,E02006572,11486,1932,681,1251,9554,884,8670
2021,Chichester 013,E02006573,11628,2073,870,1203,9555,898,8657
2021,Chichester 014,E02006574,10922,2360,1042,1318,8562,904,7658
2021,Crawley 001,E02006575,8947,1363,579,784,7584,449,7135
2021,Crawley 002,E02006576,10714,1245,426,819,9469,786,8683
2021,Crawley 003,E02006577,9093,1625,723,902,7468,535,6933
2021,Crawley 004,E02006578,12584,1651,699,952,10933,694,10239
2021,Crawley 005,E02006579,8356,1240,481,759,7116,535,6581
2021,Crawley 006,E02006580,8395,1387,601,786,7008,572,6436
2021,Crawley 007,E02006581,10355,1585,649,936,8770,606,8164
2021,Crawley 008,E02006582,7850,789,223,566,7061,558,6503
2021,Crawley 009,E02006583,9481,1495,609,886,7986,693,7293
2021,Crawley 010,E02006584,7840,1381,590,791,6459,504,5955
2021,Crawley 011,E02006585,8315,1366,562,804,6949,551,6398
2021,Crawley 012,E02006586,8036,1096,420,676,6940,458,6482
2021,Crawley 013,E02006587,8533,1478,662,816,7055,554,6501
2021,Horsham 001,E02006588,10408,1409,500,909,8999,816,8183
2021,Horsham 002,E02006589,11343,1503,533,970,9840,1007,8833
2021,Horsham 003,E02006590,8782,1395,482,913,7387,788,6599
2021,Horsham 004,E02006591,8272,1299,491,808,6973,745,6228
2021,Horsham 005,E02006592,6678,983,383,600,5695,538,5157
2021,Horsham 006,E02006593,11286,1965,796,1169,9321,1001,8320
2021,Horsham 007,E02006594,10941,1478,506,972,9463,903,8560
2021,Horsham 008,E02006595,8958,1166,384,782,7792,826,6966
2021,Horsham 009,E02006596,9365,1168,363,805,8197,771,7426
2021,Horsham 010,E02006597,12394,1688,583,1105,10706,957,9749
2021,Horsham 011,E02006598,5455,835,316,519,4620,505,4115
2021,Horsham 012,E02006599,6890,982,322,660,5908,628,5280
2021,Horsham 013,E02006600,9866,1817,714,1103,8049,827,7222
2021,Horsham 014,E02006601,8956,1562,609,953,7394,745,6649
2021,Horsham 015,E02006602,8716,1140,414,726,7576,686,6890
2021,Horsham 016,E02006603,8468,1413,485,928,7055,732,6323
2021,Mid Sussex 001,E02006604,13280,2042,747,1295,11238,1108,10130
2021,Mid Sussex 002,E02006605,6366,843,306,537,5523,548,4975
2021,Mid Sussex 003,E02006606,8350,1029,307,722,7321,719,6602
2021,Mid Sussex 004,E02006607,7960,1119,398,721,6841,639,6202
2021,Mid Sussex 005,E02006608,6335,886,311,575,5449,557,4892
2021,Mid Sussex 006,E02006609,6889,946,315,631,5943,546,5397
2021,Mid Sussex 007,E02006610,7869,1159,455,704,6710,642,6068
2021,Mid Sussex 008,E02006611,11479,1511,526,985,9968,1018,8950
2021,Mid Sussex 009,E02006612,11827,1756,645,1111,10071,917,9154
2021,Mid Sussex 010,E02006613,7748,1257,467,790,6491,646,5845
2021,Mid Sussex 011,E02006614,12852,1677,559,1118,11175,1093,10082
2021,Mid Sussex 012,E02006615,7061,951,312,639,6110,582,5528
2021,Mid Sussex 013,E02006616,9840,1445,526,919,8395,874,7521
2021,Mid Sussex 014,E02006617,9134,1654,647,1007,7480,720,6760
2021,Mid Sussex 015,E02006618,6454,987,348,639,5467,567,4900
2021,Mid Sussex 016,E02006619,9079,1258,479,779,7821,749,7072
2021,Mid Sussex 017,E02006620,10039,1543,531,1012,8496,891,7605
2021,Worthing 001,E02006621,7692,1434,587,847,6258,634,5624
2021,Worthing 002,E02006622,7889,1512,605,907,6377,691,5686
2021,Worthing 003,E02006623,8090,1652,673,979,6438,662,5776
2021,Worthing 004,E02006624,7330,957,328,629,6373,580,5793
2021,Worthing 005,E02006625,8052,1277,403,874,6775,691,6084
2021,Worthing 006,E02006626,10187,1913,790,1123,8274,680,7594
2021,Worthing 007,E02006627,9607,1708,667,1041,7899,797,7102
2021,Worthing 008,E02006628,8942,1625,635,990,7317,687,6630
2021,Worthing 009,E02006629,7811,1622,720,902,6189,585,5604
2021,Worthing 010,E02006630,8907,2318,1129,1189,6589,704,5885
2021,Worthing 011,E02006631,10185,2120,896,1224,8065,798,7267
2021,Worthing 012,E02006632,8244,1510,597,913,6734,740,5994
2021,Worthing 013,E02006633,8404,1656,681,975,6748,675,6073
2021,Wiltshire 012,E02006634,8569,1267,457,810,7302,693,6609
2021,Wiltshire 019,E02006635,9128,1527,628,899,7601,722,6879
2021,Wiltshire 024,E02006636,7093,1171,428,743,5922,545,5377
2021,Wiltshire 025,E02006637,11026,1994,709,1285,9032,978,8054
2021,Wiltshire 026,E02006638,6367,1450,560,890,4917,556,4361
2021,Wiltshire 028,E02006639,8418,1582,552,1030,6836,722,6114
2021,Wiltshire 029,E02006640,7317,1027,346,681,6290,579,5711
2021,Wiltshire 034,E02006641,8242,1398,530,868,6844,724,6120
2021,Wiltshire 038,E02006642,5669,895,319,576,4774,444,4330
2021,Wiltshire 001,E02006644,6813,1072,363,709,5741,556,5185
2021,Wiltshire 002,E02006645,7881,1190,442,748,6691,683,6008
2021,Wiltshire 003,E02006646,8238,1295,510,785,6943,627,6316
2021,Wiltshire 004,E02006647,6105,890,281,609,5215,503,4712
2021,Wiltshire 005,E02006648,6285,879,302,577,5406,543,4863
2021,Wiltshire 006,E02006649,7666,1461,535,926,6205,684,5521
2021,Wiltshire 007,E02006650,13999,1956,717,1239,12043,1022,11021
2021,Wiltshire 008,E02006651,7282,930,308,622,6352,603,5749
2021,Wiltshire 009,E02006652,9707,1534,541,993,8173,812,7361
2021,Wiltshire 010,E02006653,9849,1573,568,1005,8276,875,7401
2021,Wiltshire 011,E02006654,9584,2107,885,1222,7477,793,6684
2021,Wiltshire 013,E02006655,8178,1293,456,837,6885,718,6167
2021,Wiltshire 014,E02006656,6706,1039,337,702,5667,662,5005
2021,Wiltshire 015,E02006657,11115,1990,750,1240,9125,981,8144
2021,Wiltshire 016,E02006658,7952,1370,480,890,6582,716,5866
2021,Wiltshire 017,E02006659,8364,1183,447,736,7181,655,6526
2021,Wiltshire 018,E02006660,13531,2383,848,1535,11148,1145,10003
2021,Wiltshire 045,E02006661,9964,1044,340,704,8920,536,8384
2021,Wiltshire 046,E02006662,7302,1179,406,773,6123,536,5587
2021,Wiltshire 048,E02006663,12997,2264,862,1402,10733,1089,9644
2021,Wiltshire 049,E02006664,6393,1044,349,695,5349,559,4790
2021,Wiltshire 050,E02006665,6750,1349,518,831,5401,538,4863
2021,Wiltshire 051,E02006666,6868,1188,461,727,5680,617,5063
2021,Wiltshire 052,E02006667,7623,1379,519,860,6244,578,5666
2021,Wiltshire 053,E02006668,5889,1093,405,688,4796,528,4268
2021,Wiltshire 054,E02006669,10385,1844,692,1152,8541,849,7692
2021,Wiltshire 055,E02006670,6906,1244,462,782,5662,562,5100
2021,Wiltshire 056,E02006671,6156,1178,456,722,4978,516,4462
2021,Wiltshire 057,E02006672,9499,1547,577,970,7952,750,7202
2021,Wiltshire 058,E02006673,5038,993,383,610,4045,444,3601
2021,Wiltshire 059,E02006674,6048,1050,403,647,4998,494,4504
2021,Wiltshire 060,E02006675,8045,1261,417,844,6784,738,6046
2021,Wiltshire 061,E02006676,6164,1025,373,652,5139,496,4643
2021,Wiltshire 062,E02006677,7943,1277,454,823,6666,669,5997
2021,Wiltshire 020,E02006678,7814,1437,569,868,6377,682,5695
2021,Wiltshire 021,E02006679,12445,1978,718,1260,10467,1015,9452
2021,Wiltshire 022,E02006680,7603,1689,704,985,5914,569,5345
2021,Wiltshire 023,E02006681,5943,995,362,633,4948,515,4433
2021,Wiltshire 027,E02006682,10406,1914,727,1187,8492,966,7526
2021,Wiltshire 030,E02006683,8042,1343,480,863,6699,673,6026
2021,Wiltshire 031,E02006684,6865,1366,553,813,5499,511,4988
2021,Wiltshire 032,E02006685,10155,1621,602,1019,8534,774,7760
2021,Wiltshire 033,E02006686,5424,1165,493,672,4259,408,3851
2021,Wiltshire 035,E02006687,8118,1519,569,950,6599,637,5962
2021,Wiltshire 036,E02006688,5552,1074,377,697,4478,469,4009
2021,Wiltshire 037,E02006689,7016,1141,416,725,5875,574,5301
2021,Wiltshire 039,E02006690,6997,1317,479,838,5680,636,5044
2021,Wiltshire 042,E02006692,5588,919,355,564,4669,401,4268
2021,Wiltshire 043,E02006693,6471,1227,443,784,5244,539,4705
2021,Wiltshire 044,E02006694,6117,1325,516,809,4792,516,4276
2021,Wiltshire 047,E02006695,6434,1130,434,696,5304,539,4765
2021,Bromsgrove 001,E02006696,7315,980,390,590,6335,579,5756
2021,Bromsgrove 002,E02006697,7417,1237,531,706,6180,522,5658
2021,Bromsgrove 003,E02006698,6420,1208,510,698,5212,493,4719
2021,Bromsgrove 004,E02006699,5920,955,359,596,4965,424,4541
2021,Bromsgrove 005,E02006700,6356,1121,458,663,5235,492,4743
2021,Bromsgrove 006,E02006701,7351,949,336,613,6402,627,5775
2021,Bromsgrove 007,E02006702,5957,1109,484,625,4848,475,4373
2021,Bromsgrove 008,E02006703,8035,1243,503,740,6792,656,6136
2021,Bromsgrove 009,E02006704,6932,1173,457,716,5759,541,5218
2021,Bromsgrove 010,E02006705,7378,1384,560,824,5994,550,5444
2021,Bromsgrove 011,E02006706,6948,1436,623,813,5512,530,4982
2021,Bromsgrove 012,E02006707,6819,785,252,533,6034,530,5504
2021,Bromsgrove 013,E02006708,8024,1418,576,842,6606,670,5936
2021,Bromsgrove 014,E02006709,8310,1438,547,891,6872,628,6244
2021,Malvern Hills 001,E02006710,8420,1497,567,930,6923,647,6276
2021,Malvern Hills 002,E02006711,8524,1398,529,869,7126,665,6461
2021,Malvern Hills 003,E02006712,7666,1316,507,809,6350,665,5685
2021,Malvern Hills 004,E02006713,6300,1501,629,872,4799,535,4264
2021,Malvern Hills 005,E02006714,5852,1049,431,618,4803,473,4330
2021,Malvern Hills 006,E02006715,8693,1551,518,1033,7142,786,6356
2021,Malvern Hills 007,E02006716,6454,1494,659,835,4960,478,4482
2021,Malvern Hills 008,E02006717,6927,1211,493,718,5716,561,5155
2021,Malvern Hills 009,E02006718,5989,1391,564,827,4598,528,4070
2021,Malvern Hills 010,E02006719,7404,1353,488,865,6051,696,5355
2021,Malvern Hills 011,E02006720,7250,1377,529,848,5873,583,5290
2021,Redditch 001,E02006721,6639,1076,419,657,5563,549,5014
2021,Redditch 002,E02006722,5451,1105,521,584,4346,359,3987
2021,Redditch 003,E02006723,9340,1701,769,932,7639,611,7028
2021,Redditch 004,E02006724,7017,1233,553,680,5784,317,5467
2021,Redditch 005,E02006725,5526,1079,484,595,4447,420,4027
2021,Redditch 006,E02006726,6368,1102,428,674,5266,430,4836
2021,Redditch 007,E02006727,5940,1066,398,668,4874,489,4385
2021,Redditch 008,E02006728,7750,1196,473,723,6554,636,5918
2021,Redditch 009,E02006729,7636,1391,567,824,6245,553,5692
2021,Redditch 010,E02006730,6783,1337,564,773,5446,418,5028
2021,Redditch 011,E02006731,5568,1071,470,601,4497,435,4062
2021,Redditch 012,E02006732,6969,1076,414,662,5893,572,5321
2021,Redditch 013,E02006733,6051,875,297,578,5176,544,4632
2021,Worcester 001,E02006734,8219,1332,482,850,6887,693,6194
2021,Worcester 002,E02006735,5529,1278,580,698,4251,283,3968
2021,Worcester 003,E02006736,6502,865,301,564,5637,578,5059
2021,Worcester 004,E02006737,8305,1402,520,882,6903,682,6221
2021,Worcester 005,E02006738,9217,1860,823,1037,7357,533,6824
2021,Worcester 006,E02006739,5734,1038,341,697,4696,452,4244
2021,Worcester 007,E02006740,7338,1333,465,868,6005,610,5395
2021,Worcester 008,E02006741,6281,948,356,592,5333,527,4806
2021,Worcester 009,E02006742,8982,1695,642,1053,7287,695,6592
2021,Worcester 010,E02006743,6937,1235,514,721,5702,443,5259
2021,Worcester 011,E02006744,7459,1325,500,825,6134,525,5609
2021,Worcester 012,E02006745,8737,1597,601,996,7140,704,6436
2021,Worcester 013,E02006746,8988,1485,546,939,7503,755,6748
2021,Worcester 014,E02006747,5648,800,282,518,4848,486,4362
2021,Wychavon 001,E02006748,8796,1339,546,793,7457,659,6798
2021,Wychavon 002,E02006749,5409,1171,498,673,4238,376,3862
2021,Wychavon 003,E02006750,5428,1123,506,617,4305,436,3869
2021,Wychavon 004,E02006751,5867,1292,550,742,4575,437,4138
2021,Wychavon 005,E02006752,8332,1264,435,829,7068,682,6386
2021,Wychavon 006,E02006753,7385,1154,464,690,6231,545,5686
2021,Wychavon 007,E02006754,5805,814,257,557,4991,443,4548
2021,Wychavon 008,E02006755,5865,981,341,640,4884,456,4428
2021,Wychavon 009,E02006756,6705,1002,381,621,5703,523,5180
2021,Wychavon 010,E02006757,7196,1392,573,819,5804,609,5195
2021,Wychavon 011,E02006758,6473,1168,414,754,5305,539,4766
2021,Wychavon 012,E02006759,8401,1704,689,1015,6697,746,5951
2021,Wychavon 013,E02006760,9020,1639,644,995,7381,749,6632
2021,Wychavon 014,E02006761,6278,1115,441,674,5163,417,4746
2021,Wychavon 015,E02006762,7120,1126,438,688,5994,580,5414
2021,Wychavon 016,E02006763,8495,1290,474,816,7205,633,6572
2021,Wychavon 017,E02006764,5793,967,376,591,4826,360,4466
2021,Wychavon 018,E02006765,6314,1171,479,692,5143,510,4633
2021,Wychavon 019,E02006766,7816,1245,452,793,6571,729,5842
2021,Wyre Forest 001,E02006767,9581,1794,776,1018,7787,698,7089
2021,Wyre Forest 002,E02006768,7002,1308,560,748,5694,502,5192
2021,Wyre Forest 003,E02006769,7068,1217,505,712,5851,579,5272
2021,Wyre Forest 004,E02006770,8380,1748,804,944,6632,610,6022
2021,Wyre Forest 005,E02006771,6757,1342,605,737,5415,563,4852
2021,Wyre Forest 006,E02006772,6680,1479,660,819,5201,542,4659
2021,Wyre Forest 007,E02006773,8225,1820,801,1019,6405,639,5766
2021,Wyre Forest 008,E02006774,7564,1399,545,854,6165,635,5530
2021,Wyre Forest 009,E02006775,6098,1499,649,850,4599,324,4275
2021,Wyre Forest 010,E02006776,6394,1179,434,745,5215,518,4697
2021,Wyre Forest 011,E02006777,7205,1393,537,856,5812,661,5151
2021,Wyre Forest 012,E02006778,7178,1391,588,803,5787,555,5232
2021,Wyre Forest 013,E02006779,7573,1536,684,852,6037,610,5427
2021,Wyre Forest 014,E02006780,5903,1355,605,750,4548,452,4096
2021,Isles of Scilly 001,E02006781,2053,294,101,193,1759,201,1558
2021,Bromley 040,E02006782,8126,1203,501,702,6923,512,6411
2021,Lewisham 037,E02006783,7772,1255,599,656,6517,417,6100
2021,Lewisham 038,E02006784,7968,1368,648,720,6600,406,6194
2021,Bexley 029,E02006785,6624,1010,458,552,5614,383,5231
2021,Greenwich 033,E02006786,7558,1163,534,629,6395,380,6015
2021,Bromley 041,E02006787,7894,973,362,611,6921,549,6372
2021,Croydon 045,E02006788,7610,1223,525,698,6387,413,5974
2021,Bromley 042,E02006789,6781,1074,402,672,5707,494,5213
2021,Tandridge 012,E02006790,7718,1225,480,745,6493,570,5923
2021,Ealing 040,E02006791,7564,759,283,476,6805,481,6324
2021,Hounslow 029,E02006792,8999,1037,425,612,7962,570,7392
2021,Enfield 037,E02006793,9645,1392,795,597,8253,309,7944
2021,Haringey 037,E02006794,8287,1174,602,572,7113,292,6821
2021,Harrow 032,E02006795,8269,915,324,591,7354,341,7013
2021,Hillingdon 033,E02006796,9695,1211,492,719,8484,466,8018
2021,Lewisham 039,E02006798,8888,1254,530,724,7634,500,7134
2021,Barking and Dagenham 023,E02006799,12041,1753,847,906,10288,472,9816
2021,Redbridge 034,E02006800,14681,1668,738,930,13013,502,12511
2021,Lambeth 036,E02006801,8567,1132,425,707,7435,556,6879
2021,Southwark 034,E02006802,9277,1337,512,825,7940,555,7385
2021,Sheffield 072,E02006803,9271,1446,558,888,7825,752,7073
2021,North East Derbyshire 014,E02006804,8309,1811,805,1006,6498,587,5911
2021,Coventry 043,E02006805,9084,1551,749,802,7533,421,7112
2021,Nuneaton and Bedworth 018,E02006806,8559,1674,758,916,6885,484,6401
2021,Birmingham 132,E02006807,8210,1244,498,746,6966,459,6507
2021,Solihull 030,E02006808,6732,923,357,566,5809,472,5337
2021,Birmingham 133,E02006809,10153,1390,695,695,8763,436,8327
2021,Sandwell 039,E02006810,10687,1912,843,1069,8775,580,8195
2021,Middlesbrough 020,E02006811,11408,1660,667,993,9748,880,8868
2021,Redcar and Cleveland 021,E02006812,7602,1665,800,865,5937,468,5469
2021,Kingston upon Hull 033,E02006813,8221,1863,911,952,6358,413,5945
2021,East Riding of Yorkshire 043,E02006814,8035,1274,511,763,6761,608,6153
2021,Leicester 037,E02006815,11793,2086,1018,1068,9707,517,9190
2021,Harborough 011,E02006816,8849,1337,497,840,7512,647,6865
2021,Leicester 038,E02006817,9227,1426,559,867,7801,512,7289
2021,Oadby and Wigston 008,E02006818,8404,1342,532,810,7062,604,6458
2021,Leicester 039,E02006819,8819,1798,877,921,7021,442,6579
2021,Blaby 013,E02006820,10820,1792,737,1055,9028,814,8214
2021,Portsmouth 026,E02006821,6663,1019,411,608,5644,536,5108
2021,Havant 018,E02006822,9309,1750,710,1040,7559,738,6821
2021,Buckinghamshire 039,E02006823,8934,1144,417,727,7790,703,7087
2021,Buckinghamshire 036,E02006824,9528,1331,497,834,8197,745,7452
2021,East Cambridgeshire 011,E02006825,6200,830,289,541,5370,529,4841
2021,West Suffolk 015,E02006826,9753,1419,505,914,8334,634,7700
2021,Amber Valley 017,E02006827,8006,1981,906,1075,6025,519,5506
2021,Erewash 016,E02006828,7105,1221,511,710,5884,527,5357
2021,East Hampshire 016,E02006829,7396,1180,474,706,6216,623,5593
2021,Havant 019,E02006830,6668,1352,552,800,5316,476,4840
2021,Havant 020,E02006831,6186,1056,380,676,5130,554,4576
2021,Sevenoaks 016,E02006832,6069,950,339,611,5119,513,4606
2021,Tonbridge and Malling 014,E02006833,12404,1777,718,1059,10627,949,9678
2021,Nottingham 038,E02006834,7632,1932,1010,922,5700,408,5292
2021,Gedling 016,E02006835,6093,1196,497,699,4897,430,4467
2021,Sutton 025,E02006836,8721,1095,480,615,7626,570,7056
2021,Epsom and Ewell 010,E02006837,11785,1445,563,882,10340,810,9530
2021,East Hampshire 017,E02006838,6940,1072,379,693,5868,610,5258
2021,Waverley 018,E02006839,8519,1278,524,754,7241,673,6568
2021,Torbay 019,E02006840,11286,2266,920,1346,9020,822,8198
2021,Gateshead 027,E02006841,7689,1514,722,792,6175,521,5654
2021,Gateshead 028,E02006842,5126,1041,466,575,4085,330,3755
2021,Sheffield 073,E02006843,10601,1208,334,874,9393,745,8648
2021,Sheffield 074,E02006844,7849,1219,436,783,6630,508,6122
2021,North Somerset 026,E02006845,9636,1661,693,968,7975,734,7241
2021,North Somerset 027,E02006846,9709,1384,513,871,8325,659,7666
2021,Swindon 026,E02006847,9908,1096,381,715,8812,716,8096
2021,Swindon 027,E02006848,8569,891,247,644,7678,569,7109
2021,Swindon 028,E02006849,10334,1198,423,775,9136,785,8351
2021,Leicester 040,E02006850,10114,1570,489,1081,8544,686,7858
2021,Leicester 041,E02006851,10053,1324,338,986,8729,638,8091
2021,Leeds 109,E02006852,11846,1552,436,1116,10294,1095,9199
2021,Tower Hamlets 032,E02006853,11015,1111,474,637,9904,459,9445
2021,Tower Hamlets 033,E02006854,7074,576,219,357,6498,328,6170
2021,Canterbury 019,E02006855,6415,1263,477,786,5152,461,4691
2021,Canterbury 020,E02006856,11142,2078,724,1354,9064,823,8241
2021,Eastbourne 013,E02006857,8994,1884,764,1120,7110,672,6438
2021,Eastbourne 014,E02006858,6832,1258,496,762,5574,536,5038
2021,Thurrock 019,E02006859,7693,587,169,418,7106,351,6755
2021,Leeds 110,E02006861,13633,2228,620,1608,11405,1094,10311
2021,North Northamptonshire 009,E02006862,6652,1229,539,690,5423,436,4987
2021,North Northamptonshire 008,E02006863,12018,1315,518,797,10703,666,10037
2021,Boston 008,E02006864,8846,1503,590,913,7343,595,6748
2021,Boston 009,E02006865,8353,1331,567,764,7022,511,6511
2021,North Kesteven 013,E02006866,8694,1443,558,885,7251,689,6562
2021,North Kesteven 014,E02006867,8148,1468,572,896,6680,704,5976
2021,Sheffield 075,E02006868,12075,2663,1199,1464,9412,706,8706
2021,Sheffield 076,E02006869,11129,2549,1153,1396,8580,842,7738
2021,Lancaster 020,E02006871,12192,2434,1093,1341,9758,953,8805
2021,High Peak 013,E02006872,12894,2282,885,1397,10612,1073,9539
2021,South Cambridgeshire 020,E02006873,9888,1087,357,730,8801,705,8096
2021,South Cambridgeshire 021,E02006874,10233,1407,499,908,8826,895,7931
2021,Leeds 111,E02006875,9531,996,190,806,8535,700,7835
2021,Leeds 112,E02006876,7883,1338,632,706,6545,509,6036
2021,Peterborough 022,E02006877,10901,1569,627,942,9332,683,8649
2021,Peterborough 023,E02006878,12981,1560,579,981,11421,746,10675
2021,Folkestone and Hythe 014,E02006879,6543,1664,742,922,4879,447,4432
2021,Folkestone and Hythe 015,E02006880,6648,1596,701,895,5052,505,4547
2021,Burnley 014,E02006881,10746,2352,1118,1234,8394,694,7700
2021,Harrow 033,E02006882,14394,1640,737,903,12754,572,12182
2021,"Bournemouth, Christchurch and Poole 040",E02006883,5721,1149,500,649,4572,402,4170
2021,Rossendale 010,E02006884,12375,2764,1272,1492,9611,878,8733
2021,"Bournemouth, Christchurch and Poole 045",E02006885,7458,1234,494,740,6224,541,5683
2021,Vale of White Horse 016,E02006886,13853,1894,690,1204,11959,1060,10899
2021,Bristol 054,E02006887,10108,1531,520,1011,8577,738,7839
2021,Bristol 055,E02006888,7278,1247,528,719,6031,339,5692
2021,Bristol 056,E02006889,8229,1325,667,658,6904,314,6590
2021,Bristol 057,E02006890,9168,1463,561,902,7705,596,7109
2021,East Riding of Yorkshire 044,E02006891,8108,1342,525,817,6766,675,6091
2021,East Riding of Yorkshire 045,E02006892,6207,1368,570,798,4839,477,4362
2021,Newcastle upon Tyne 031,E02006893,10853,2126,989,1137,8727,808,7919
2021,Wolverhampton 035,E02006894,14363,2095,985,1110,12268,522,11746
2021,Birmingham 134,E02006895,9361,1147,454,693,8214,481,7733
2021,Birmingham 135,E02006896,6124,802,314,488,5322,346,4976
2021,Birmingham 136,E02006897,8454,1098,475,623,7356,364,6992
2021,Birmingham 137,E02006898,7904,947,334,613,6957,522,6435
2021,Birmingham 138,E02006899,6145,628,203,425,5517,386,5131
2021,Birmingham 139,E02006900,15723,2298,1172,1126,13425,466,12959
2021,Manchester 054,E02006902,7882,1082,337,745,6800,585,6215
2021,Bassetlaw 016,E02006903,11093,2529,1188,1341,8564,750,7814
2021,Nottingham 039,E02006904,9213,1211,348,863,8002,631,7371
2021,Nottingham 040,E02006905,7907,1383,663,720,6524,419,6105
2021,Broxtowe 016,E02006906,12249,2106,812,1294,10143,894,9249
2021,Norwich 014,E02006907,7113,1434,545,889,5679,620,5059
2021,Norwich 015,E02006908,5564,1112,413,699,4452,476,3976
2021,Hartlepool 014,E02006909,12688,2118,920,1198,10570,898,9672
2021,Redcar and Cleveland 022,E02006910,10615,2235,1101,1134,8380,622,7758
2021,Manchester 055,E02006912,10125,1148,282,866,8977,808,8169
2021,Manchester 056,E02006913,7801,1152,511,641,6649,388,6261
2021,Manchester 057,E02006914,7857,1063,275,788,6794,513,6281
2021,Manchester 058,E02006915,9362,1577,758,819,7785,374,7411
2021,Manchester 059,E02006916,6983,990,374,616,5993,498,5495
2021,Manchester 060,E02006917,6425,591,123,468,5834,475,5359
2021,Hackney 028,E02006918,8399,1172,516,656,7227,331,6896
2021,South Derbyshire 012,E02006919,10440,1807,713,1094,8633,787,7846
2021,South Derbyshire 013,E02006920,8074,1505,627,878,6569,586,5983
2021,Hackney 029,E02006921,7926,1013,496,517,6913,278,6635
2021,Colchester 022,E02006922,14114,2758,1158,1600,11356,1061,10295
2021,Redbridge 035,E02006924,13602,1765,828,937,11837,469,11368
2021,Redbridge 036,E02006925,14420,1699,717,982,12721,617,12104
2021,Thurrock 020,E02006926,8008,730,256,474,7278,437,6841
2021,Greenwich 034,E02006927,12364,1787,806,981,10577,686,9891
2021,Greenwich 035,E02006928,12093,1348,497,851,10745,697,10048
2021,Greenwich 037,E02006930,9846,1111,411,700,8735,566,8169
2021,Greenwich 038,E02006931,9461,1261,483,778,8200,628,7572
2021,Liverpool 060,E02006932,14133,1789,429,1360,12344,946,11398
2021,Liverpool 061,E02006933,7234,1208,520,688,6026,504,5522
2021,Liverpool 062,E02006934,6672,891,307,584,5781,489,5292
2021,St. Helens 024,E02006935,7475,2019,1092,927,5456,412,5044
2021,St. Helens 025,E02006936,7796,1460,700,760,6336,507,5829
2021,Luton 022,E02006937,9371,1191,521,670,8180,354,7826
2021,Luton 023,E02006938,6382,847,369,478,5535,226,5309
2021,Reading 019,E02006939,7075,739,238,501,6336,401,5935
2021,Reading 020,E02006940,8240,899,273,626,7341,460,6881
2021,Southwark 035,E02006941,5312,410,77,333,4902,434,4468
2021,Southwark 036,E02006942,6746,760,324,436,5986,462,5524
2021,Sandwell 040,E02006943,7596,1041,475,566,6555,256,6299
2021,Sandwell 041,E02006944,8075,895,423,472,7180,217,6963
2021,Bradford 062,E02006945,8694,1454,599,855,7240,773,6467
2021,Bradford 063,E02006946,5224,984,414,570,4240,448,3792
2021,Bradford 064,E02006947,9853,1667,870,797,8186,271,7915
2021,Bradford 065,E02006948,6446,900,431,469,5546,242,5304
2021,Bristol 058,E02006949,6687,1113,407,706,5574,471,5103
2021,Bristol 059,E02006950,7548,1176,414,762,6372,493,5879
2021,Bristol 060,E02006951,8536,1187,232,955,7349,615,6734
2021,Bristol 061,E02006952,8021,1111,250,861,6910,580,6330
2021,Barnet 042,E02006953,9169,996,414,582,8173,327,7846
2021,Barnet 043,E02006954,10113,1009,488,521,9104,396,8708
2021,Brent 035,E02006955,7508,681,252,429,6827,352,6475
2021,Brent 036,E02006956,8830,894,388,506,7936,299,7637
2021,Salford 031,E02006957,8279,1210,656,554,7069,229,6840
2021,Salford 032,E02006958,8073,1352,725,627,6721,345,6376
2021,Salford 033,E02006959,8024,1028,325,703,6996,622,6374
2021,Salford 034,E02006960,9327,1487,563,924,7840,606,7234
2021,Salford 035,E02006961,6666,1173,572,601,5493,418,5075
2021,Salford 036,E02006962,5123,674,265,409,4449,384,4065
2021,Salford 037,E02006963,6006,625,142,483,5381,478,4903
2021,Leicester 042,E02006964,6785,739,302,437,6046,250,5796
2021,Leicester 043,E02006965,8472,1295,615,680,7177,365,6812
2021,Oadby and Wigston 010,E02006966,7442,988,361,627,6454,484,5970
2021,Oadby and Wigston 011,E02006967,7764,1003,341,662,6761,450,6311
2021,Ealing 041,E02006968,8351,937,361,576,7414,511,6903
2021,Ealing 042,E02006969,6424,738,311,427,5686,342,5344
2021,Ealing 043,E02006970,7343,673,307,366,6670,179,6491
2021,Ealing 044,E02006971,8296,909,449,460,7387,215,7172
2021,Hounslow 030,E02006972,5413,724,298,426,4689,240,4449
2021,Hounslow 031,E02006973,8494,1270,563,707,7224,486,6738
2021,Stoke-on-Trent 035,E02006974,10978,2578,1244,1334,8400,744,7656
2021,Portsmouth 027,E02006975,10275,1692,614,1078,8583,588,7995
2021,Portsmouth 028,E02006976,5312,1273,635,638,4039,271,3768
2021,Chelmsford 022,E02006978,7257,1052,367,685,6205,555,5650
2021,Chelmsford 023,E02006979,6427,812,314,498,5615,415,5200
2021,Rochford 011,E02006980,7507,1064,386,678,6443,585,5858
2021,Rochford 012,E02006981,7919,1233,471,762,6686,584,6102
2021,South Staffordshire 015,E02006982,12176,1986,760,1226,10190,958,9232
2021,Manchester 061,E02006983,7041,1250,620,630,5791,418,5373
2021,Manchester 062,E02006984,5653,816,316,500,4837,448,4389
2021,Manchester 063,E02006985,9281,1199,585,614,8082,277,7805
2021,Manchester 064,E02006986,6356,958,426,532,5398,295,5103
2021,Croydon 046,E02006987,7373,766,273,493,6607,403,6204
2021,Croydon 047,E02006988,7162,1080,461,619,6082,384,5698
2021,Plymouth 033,E02006989,5350,1382,599,783,3968,342,3626
2021,Plymouth 034,E02006990,6744,1798,819,979,4946,452,4494
2021,Greenwich 039,E02006991,6320,630,220,410,5690,392,5298
2021,Greenwich 040,E02006992,8229,1010,427,583,7219,434,6785
2021,Greenwich 041,E02006993,8400,872,320,552,7528,471,7057
2021,Greenwich 042,E02006994,7641,988,428,560,6653,368,6285
2021,Newham 038,E02006995,8639,773,252,521,7866,523,7343
2021,Newham 039,E02006996,8426,857,331,526,7569,400,7169
2021,Newham 040,E02006997,6888,646,248,398,6242,327,5915
2021,Newham 041,E02006998,7086,800,345,455,6286,254,6032
2021,Newham 042,E02006999,11244,830,294,536,10414,460,9954
2021,Oldham 036,E02007000,7690,1106,562,544,6584,207,6377
2021,Oldham 037,E02007001,8486,1196,586,610,7290,258,7032
2021,Rotherham 034,E02007002,11525,2195,960,1235,9330,879,8451
2021,Pendle 014,E02007003,10766,2370,1071,1299,8396,697,7699
2021,Thurrock 021,E02007004,6690,757,292,465,5933,362,5571
2021,Thurrock 022,E02007005,8416,835,340,495,7581,335,7246
2021,Dorset 031,E02007006,5756,1433,619,814,4323,498,3825
2021,Dorset 032,E02007007,6785,1421,544,877,5364,589,4775
2021,Lewisham 040,E02007008,5763,569,184,385,5194,326,4868
2021,Lewisham 041,E02007009,9143,1450,668,782,7693,481,7212
2021,Bedford 021,E02007010,8531,1232,431,801,7299,611,6688
2021,Bedford 022,E02007011,7596,995,386,609,6601,481,6120
2021,Milton Keynes 033,E02007012,8278,777,266,511,7501,509,6992
2021,Milton Keynes 034,E02007013,10111,745,232,513,9366,453,8913
2021,Milton Keynes 035,E02007014,7123,1007,412,595,6116,450,5666
2021,Milton Keynes 036,E02007015,9658,1051,355,696,8607,611,7996
2021,Milton Keynes 037,E02007016,9212,1166,449,717,8046,549,7497
2021,Redbridge 037,E02007017,8815,1056,512,544,7759,334,7425
2021,Redbridge 038,E02007018,7270,874,395,479,6396,259,6137
2021,Redbridge 039,E02007019,7162,779,361,418,6383,188,6195
2021,Redbridge 040,E02007020,9840,1043,469,574,8797,305,8492
2021,Oxford 020,E02007021,8441,1199,446,753,7242,467,6775
2021,County Durham 067,E02007022,12145,2462,944,1518,9683,986,8697
2021,Wiltshire 063,E02007023,7840,1511,590,921,6329,598,5731
2021,Wiltshire 064,E02007024,6954,1368,518,850,5586,600,4986
2021,Wiltshire 065,E02007025,8617,1167,421,746,7450,596,6854
2021,Wiltshire 066,E02007026,8867,867,283,584,8000,473,7527
2021,East Devon 021,E02007027,10872,1689,655,1034,9183,826,8357
2021,East Devon 022,E02007028,6110,780,258,522,5330,416,4914
2021,Derbyshire Dales 011,E02007029,11054,2171,864,1307,8883,890,7993
2021,Cheshire East 052,E02007030,7406,979,361,618,6427,523,5904
2021,Cheshire East 053,E02007031,8634,1008,342,666,7626,667,6959
2021,North Norfolk 015,E02007032,6816,1647,627,1020,5169,530,4639
2021,North Norfolk 016,E02007033,6191,1417,625,792,4774,471,4303
2021,Tewkesbury 010,E02007034,8214,1036,333,703,7178,668,6510
2021,Tewkesbury 011,E02007035,7820,1395,492,903,6425,658,5767
2021,Birmingham 141,E02007038,13692,2475,1166,1309,11217,637,10580
2021,Birmingham 142,E02007039,8305,1195,609,586,7110,227,6883
2021,Birmingham 143,E02007040,7599,996,505,491,6603,192,6411
2021,Craven 009,E02007041,10159,1605,547,1058,8554,909,7645
2021,Hambleton 012,E02007042,7040,1414,555,859,5626,603,5023
2021,Hambleton 013,E02007043,6302,1377,558,819,4925,529,4396
2021,Ryedale 009,E02007044,7798,1418,588,830,6380,563,5817
2021,Ryedale 010,E02007045,6708,1059,398,661,5649,540,5109
2021,Ashford 015,E02007046,7029,1424,640,784,5605,476,5129
2021,Ashford 016,E02007047,8844,1169,418,751,7675,564,7111
2021,Rugby 013,E02007048,7525,1210,501,709,6315,547,5768
2021,Rugby 014,E02007049,8033,837,305,532,7196,561,6635
2021,Telford and Wrekin 024,E02007050,8359,1270,505,765,7089,504,6585
2021,Telford and Wrekin 025,E02007051,8558,1312,564,748,7246,604,6642
2021,Norwich 016,E02007052,6464,1757,793,964,4707,537,4170
2021,Norwich 017,E02007053,6083,1507,559,948,4576,460,4116
2021,South Norfolk 016,E02007054,8745,1215,441,774,7530,745,6785
2021,South Norfolk 017,E02007055,7535,1505,585,920,6030,598,5432
2021,Colchester 023,E02007056,8666,1026,333,693,7640,585,7055
2021,Colchester 024,E02007057,7526,1068,350,718,6458,566,5892
2021,Darlington 016,E02007058,11484,2486,1036,1450,8998,803,8195
2021,Hartlepool 015,E02007059,10532,2320,1054,1266,8212,699,7513
2021,Stockton-on-Tees 025,E02007060,6102,1652,898,754,4450,334,4116
2021,Stockton-on-Tees 026,E02007061,8369,1456,683,773,6913,471,6442
2021,Stockton-on-Tees 027,E02007062,7671,826,332,494,6845,547,6298
2021,Stockton-on-Tees 028,E02007063,9135,933,301,632,8202,630,7572
2021,South Gloucestershire 033,E02007064,7920,1428,583,845,6492,500,5992
2021,South Gloucestershire 034,E02007065,7860,1139,454,685,6721,539,6182
2021,South Gloucestershire 035,E02007066,9163,1259,415,844,7904,629,7275
2021,South Gloucestershire 036,E02007067,6933,1078,466,612,5855,534,5321
2021,Slough 015,E02007068,7021,674,306,368,6347,217,6130
2021,Slough 016,E02007069,8081,835,367,468,7246,250,6996
2021,North Northamptonshire 020,E02007070,6407,992,372,620,5415,559,4856
2021,North Northamptonshire 023,E02007071,10443,1744,653,1091,8699,770,7929
2021,West Northamptonshire 035,E02007072,7658,993,422,571,6665,441,6224
2021,West Northamptonshire 039,E02007073,7695,931,308,623,6764,546,6218
2021,Southampton 033,E02007074,8740,1316,476,840,7424,444,6980
2021,Southampton 034,E02007075,5301,543,144,399,4758,391,4367
2021,Test Valley 016,E02007076,7668,1046,404,642,6622,542,6080
2021,Test Valley 017,E02007077,7476,999,388,611,6477,520,5957
2021,Test Valley 018,E02007078,5075,1033,429,604,4042,423,3619
2021,Kingston upon Hull 034,E02007079,8369,1557,701,856,6812,428,6384
2021,Kingston upon Hull 035,E02007080,8554,752,240,512,7802,587,7215
2021,North East Lincolnshire 024,E02007081,10143,1922,796,1126,8221,689,7532
2021,Nottingham 041,E02007082,16920,2640,985,1655,14280,1175,13105
2021,Wandsworth 038,E02007083,7713,618,215,403,7095,379,6716
2021,Wandsworth 039,E02007084,9892,1286,571,715,8606,527,8079
2021,South Cambridgeshire 022,E02007085,11885,1781,559,1222,10104,1023,9081
2021,Cambridge 015,E02007086,11134,1289,458,831,9845,691,9154
2021,Cambridge 014,E02007087,6228,968,309,659,5260,555,4705
2021,North Hertfordshire 016,E02007088,7684,1077,346,731,6607,652,5955
2021,North Hertfordshire 017,E02007089,7404,1018,386,632,6386,550,5836
2021,St Albans 021,E02007090,6266,919,394,525,5347,459,4888
2021,Stevenage 013,E02007091,6435,939,322,617,5496,475,5021
2021,Welwyn Hatfield 017,E02007092,5488,891,353,538,4597,344,4253
2021,East Hertfordshire 019,E02007093,8115,1137,404,733,6978,614,6364
2021,Gateshead 029,E02007094,6891,1762,843,919,5129,488,4641
2021,Newcastle upon Tyne 032,E02007095,9934,1520,684,836,8414,695,7719
2021,Newcastle upon Tyne 033,E02007096,5928,903,361,542,5025,482,4543
2021,Newcastle upon Tyne 034,E02007097,8665,1368,430,938,7297,719,6578
2021,Newcastle upon Tyne 035,E02007098,6507,1625,812,813,4882,348,4534
2021,Newcastle upon Tyne 036,E02007099,10251,1366,424,942,8885,682,8203
2021,Newcastle upon Tyne 037,E02007100,8418,1431,396,1035,6987,607,6380
2021,Newcastle upon Tyne 038,E02007101,9607,1493,703,790,8114,363,7751
2021,Newcastle upon Tyne 039,E02007102,7531,1309,546,763,6222,414,5808
2021,Newcastle upon Tyne 040,E02007103,6458,1632,762,870,4826,391,4435
2021,Newcastle upon Tyne 041,E02007104,5536,1289,734,555,4247,213,4034
2021,Northumberland 041,E02007105,12429,2720,1155,1565,9709,989,8720
2021,Northumberland 042,E02007106,14549,2476,963,1513,12073,1229,10844
2021,Northumberland 043,E02007107,8759,1556,600,956,7203,754,6449
2021,Hackney 030,E02007108,5941,724,255,469,5217,358,4859
2021,Hackney 031,E02007109,7612,1194,540,654,6418,460,5958
2021,Hackney 032,E02007110,7332,929,419,510,6403,360,6043
2021,Hackney 033,E02007111,5949,567,178,389,5382,347,5035
2021,Tower Hamlets 034,E02007112,5893,424,146,278,5469,251,5218
2021,Tower Hamlets 035,E02007113,7461,657,252,405,6804,285,6519
2021,Tower Hamlets 036,E02007114,7565,788,304,484,6777,286,6491
2021,Camden 029,E02007115,11588,2013,928,1085,9575,685,8890
2021,Oxford 019,E02007116,8178,1068,367,701,7110,533,6577
2021,Isle of Anglesey 001,W02000001,8405,1817,850,967,6588,502,6086
2021,Isle of Anglesey 002,W02000002,6364,1279,535,744,5085,415,4670
2021,Isle of Anglesey 003,W02000003,10631,2494,1215,1279,8137,614,7523
2021,Isle of Anglesey 004,W02000004,7399,1496,659,837,5903,517,5386
2021,Isle of Anglesey 005,W02000005,8161,1746,765,981,6415,612,5803
2021,Isle of Anglesey 006,W02000006,7039,1352,636,716,5687,352,5335
2021,Isle of Anglesey 007,W02000007,6894,1386,631,755,5508,399,5109
2021,Isle of Anglesey 008,W02000008,5953,1109,445,664,4844,455,4389
2021,Isle of Anglesey 009,W02000009,8032,1568,766,802,6464,533,5931
2021,Gwynedd 001,W02000010,8615,1678,536,1142,6937,633,6304
2021,Gwynedd 002,W02000011,8377,1562,716,846,6815,512,6303
2021,Gwynedd 003,W02000012,8209,1512,651,861,6697,509,6188
2021,Gwynedd 004,W02000013,6425,1096,475,621,5329,425,4904
2021,Gwynedd 005,W02000014,6742,1252,540,712,5490,451,5039
2021,Gwynedd 006,W02000015,8515,1674,823,851,6841,450,6391
2021,Gwynedd 007,W02000016,6359,1212,566,646,5147,398,4749
2021,Gwynedd 008,W02000017,7576,1549,714,835,6027,445,5582
2021,Gwynedd 009,W02000018,6081,1207,575,632,4874,331,4543
2021,Gwynedd 010,W02000019,6660,1351,582,769,5309,427,4882
2021,Gwynedd 011,W02000020,6483,1247,573,674,5236,411,4825
2021,Gwynedd 012,W02000021,7753,1451,653,798,6302,448,5854
2021,Gwynedd 013,W02000022,5551,1162,490,672,4389,407,3982
2021,Gwynedd 014,W02000023,5284,857,357,500,4427,318,4109
2021,Gwynedd 015,W02000024,5679,936,385,551,4743,352,4391
2021,Gwynedd 016,W02000025,6128,1194,525,669,4934,378,4556
2021,Gwynedd 017,W02000026,6956,1572,644,928,5384,482,4902
2021,Conwy 001,W02000027,8420,2193,1025,1168,6227,588,5639
2021,Conwy 002,W02000028,6709,1602,734,868,5107,386,4721
2021,Conwy 003,W02000029,6000,1189,505,684,4811,420,4391
2021,Conwy 004,W02000030,5882,1480,639,841,4402,438,3964
2021,Conwy 005,W02000031,8174,2290,1185,1105,5884,425,5459
2021,Conwy 006,W02000032,8387,1715,785,930,6672,585,6087
2021,Conwy 007,W02000033,6958,1781,899,882,5177,443,4734
2021,Conwy 008,W02000034,7667,1644,758,886,6023,600,5423
2021,Conwy 009,W02000035,8896,1997,896,1101,6899,647,6252
2021,Conwy 010,W02000036,11286,2962,1390,1572,8324,723,7601
2021,Conwy 011,W02000037,7195,1381,604,777,5814,434,5380
2021,Conwy 012,W02000038,6209,1211,523,688,4998,475,4523
2021,Conwy 013,W02000039,7841,1753,754,999,6088,595,5493
2021,Conwy 014,W02000040,6596,1166,534,632,5430,387,5043
2021,Conwy 015,W02000041,8522,1580,689,891,6942,525,6417
2021,Denbighshire 001,W02000042,5861,1566,737,829,4295,404,3891
2021,Denbighshire 002,W02000043,5245,1408,728,680,3837,297,3540
2021,Denbighshire 003,W02000044,5300,1221,564,657,4079,356,3723
2021,Denbighshire 004,W02000045,9566,3169,1698,1471,6397,546,5851
2021,Denbighshire 006,W02000047,5566,1515,796,719,4051,291,3760
2021,Denbighshire 008,W02000049,6657,1355,612,743,5302,489,4813
2021,Denbighshire 009,W02000050,6381,1347,589,758,5034,436,4598
2021,Denbighshire 010,W02000051,5301,1283,651,632,4018,387,3631
2021,Denbighshire 011,W02000052,5004,1351,617,734,3653,332,3321
2021,Denbighshire 012,W02000053,6319,1124,477,647,5195,421,4774
2021,Denbighshire 013,W02000054,6132,1083,466,617,5049,473,4576
2021,Denbighshire 014,W02000055,5699,1080,454,626,4619,413,4206
2021,Denbighshire 015,W02000056,5186,852,354,498,4334,356,3978
2021,Denbighshire 016,W02000057,6237,1315,595,720,4922,443,4479
2021,Flintshire 001,W02000058,5131,1226,590,636,3905,345,3560
2021,Flintshire 002,W02000059,6577,1365,634,731,5212,451,4761
2021,Flintshire 003,W02000060,10752,2538,1276,1262,8214,636,7578
2021,Flintshire 004,W02000061,7630,1649,833,816,5981,379,5602
2021,Flintshire 005,W02000062,6106,1095,538,557,5011,406,4605
2021,Flintshire 006,W02000063,8104,1528,641,887,6576,672,5904
2021,Flintshire 007,W02000064,6117,1306,630,676,4811,319,4492
2021,Flintshire 008,W02000065,7274,1173,505,668,6101,485,5616
2021,Flintshire 009,W02000066,9844,2095,1019,1076,7749,578,7171
2021,Flintshire 010,W02000067,6829,1093,455,638,5736,492,5244
2021,Flintshire 011,W02000068,5194,1078,454,624,4116,353,3763
2021,Flintshire 012,W02000069,6261,1051,426,625,5210,489,4721
2021,Flintshire 013,W02000070,10626,1568,678,890,9058,817,8241
2021,Flintshire 014,W02000071,7038,1322,535,787,5716,553,5163
2021,Flintshire 015,W02000072,11669,2053,857,1196,9616,799,8817
2021,Flintshire 016,W02000073,10148,2100,885,1215,8048,811,7237
2021,Flintshire 017,W02000074,9853,1949,879,1070,7904,657,7247
2021,Flintshire 018,W02000075,6440,873,342,531,5567,527,5040
2021,Flintshire 019,W02000076,7323,1375,565,810,5948,595,5353
2021,Flintshire 020,W02000077,6042,1103,509,594,4939,442,4497
2021,Wrexham 003,W02000080,7875,1550,690,860,6325,521,5804
2021,Wrexham 004,W02000081,5957,1349,749,600,4608,367,4241
2021,Wrexham 005,W02000082,7674,1536,710,826,6138,459,5679
2021,Wrexham 006,W02000083,8689,1674,729,945,7015,584,6431
2021,Wrexham 008,W02000085,8924,1840,856,984,7084,636,6448
2021,Wrexham 010,W02000087,6861,1759,946,813,5102,290,4812
2021,Wrexham 011,W02000088,8678,1586,699,887,7092,584,6508
2021,Wrexham 012,W02000089,8612,1849,862,987,6763,452,6311
2021,Wrexham 013,W02000090,5702,1232,583,649,4470,395,4075
2021,Wrexham 014,W02000091,6198,1215,566,649,4983,423,4560
2021,Wrexham 015,W02000092,6728,1613,801,812,5115,403,4712
2021,Wrexham 016,W02000093,6553,1203,519,684,5350,466,4884
2021,Wrexham 017,W02000094,8899,2013,973,1040,6886,514,6372
2021,Wrexham 018,W02000095,6387,1032,410,622,5355,487,4868
2021,Wrexham 019,W02000096,6461,1372,616,756,5089,455,4634
2021,Powys 001,W02000097,9309,1685,686,999,7624,608,7016
2021,Powys 002,W02000098,6261,1086,456,630,5175,441,4734
2021,Powys 003,W02000099,6637,1455,668,787,5182,429,4753
2021,Powys 004,W02000100,6210,1311,578,733,4899,434,4465
2021,Powys 005,W02000101,5534,961,380,581,4573,391,4182
2021,Powys 006,W02000102,6152,1124,476,648,5028,433,4595
2021,Powys 007,W02000103,5790,1052,449,603,4738,386,4352
2021,Powys 008,W02000104,6198,1292,561,731,4906,415,4491
2021,Powys 009,W02000105,5168,1220,545,675,3948,298,3650
2021,Powys 010,W02000106,6491,1213,506,707,5278,461,4817
2021,Powys 011,W02000107,9778,1942,797,1145,7836,690,7146
2021,Powys 012,W02000108,7211,1525,634,891,5686,546,5140
2021,Powys 013,W02000109,5598,1413,629,784,4185,402,3783
2021,Powys 014,W02000110,6840,1316,549,767,5524,486,5038
2021,Powys 015,W02000111,8461,1623,626,997,6838,634,6204
2021,Powys 017,W02000113,8256,1660,715,945,6596,553,6043
2021,Powys 018,W02000114,6942,1252,490,762,5690,550,5140
2021,Ceredigion 001,W02000116,7362,1479,641,838,5883,536,5347
2021,Ceredigion 002,W02000117,8971,1964,616,1348,7007,779,6228
2021,Ceredigion 003,W02000118,6459,1377,559,818,5082,410,4672
2021,Ceredigion 005,W02000120,7076,1538,650,888,5538,446,5092
2021,Ceredigion 007,W02000122,6330,1310,597,713,5020,438,4582
2021,Ceredigion 008,W02000123,7673,1705,780,925,5968,468,5500
2021,Ceredigion 009,W02000124,8673,2165,1053,1112,6508,536,5972
2021,Ceredigion 010,W02000125,7446,1758,794,964,5688,451,5237
2021,Pembrokeshire 001,W02000126,8222,1669,695,974,6553,516,6037
2021,Pembrokeshire 002,W02000127,9628,2060,918,1142,7568,691,6877
2021,Pembrokeshire 003,W02000128,7237,1444,624,820,5793,526,5267
2021,Pembrokeshire 004,W02000129,7225,1382,613,769,5843,470,5373
2021,Pembrokeshire 005,W02000130,6707,1517,659,858,5190,430,4760
2021,Pembrokeshire 006,W02000131,7204,1550,739,811,5654,457,5197
2021,Pembrokeshire 007,W02000132,6979,1433,664,769,5546,471,5075
2021,Pembrokeshire 008,W02000133,8277,1724,814,910,6553,564,5989
2021,Pembrokeshire 009,W02000134,8332,1792,812,980,6540,551,5989
2021,Pembrokeshire 010,W02000135,7350,1779,860,919,5571,424,5147
2021,Pembrokeshire 011,W02000136,8303,1943,897,1046,6360,592,5768
2021,Pembrokeshire 012,W02000137,7448,1772,857,915,5676,451,5225
2021,Pembrokeshire 013,W02000138,9657,2364,1155,1209,7293,596,6697
2021,Pembrokeshire 014,W02000139,7724,1671,714,957,6053,562,5491
2021,Pembrokeshire 015,W02000140,7279,1760,877,883,5519,454,5065
2021,Pembrokeshire 016,W02000141,5788,1314,624,690,4474,360,4114
2021,Carmarthenshire 001,W02000142,5568,1262,573,689,4306,277,4029
2021,Carmarthenshire 002,W02000143,5579,1161,533,628,4418,370,4048
2021,Carmarthenshire 003,W02000144,7606,1743,814,929,5863,480,5383
2021,Carmarthenshire 004,W02000145,7087,1525,702,823,5562,462,5100
2021,Carmarthenshire 005,W02000146,6525,1316,539,777,5209,420,4789
2021,Carmarthenshire 006,W02000147,8469,1616,712,904,6853,584,6269
2021,Carmarthenshire 007,W02000148,5288,1092,512,580,4196,334,3862
2021,Carmarthenshire 008,W02000149,6451,1454,696,758,4997,407,4590
2021,Carmarthenshire 010,W02000151,7406,1902,967,935,5504,406,5098
2021,Carmarthenshire 011,W02000152,8653,2155,1136,1019,6498,539,5959
2021,Carmarthenshire 012,W02000153,8670,1912,907,1005,6758,606,6152
2021,Carmarthenshire 013,W02000154,7838,1971,992,979,5867,493,5374
2021,Carmarthenshire 015,W02000156,8420,1948,994,954,6472,503,5969
2021,Carmarthenshire 016,W02000157,10109,2242,1153,1089,7867,628,7239
2021,Carmarthenshire 017,W02000158,5888,1160,517,643,4728,361,4367
2021,Carmarthenshire 018,W02000159,6191,1701,904,797,4490,363,4127
2021,Carmarthenshire 019,W02000160,7652,1677,816,861,5975,467,5508
2021,Carmarthenshire 020,W02000161,5195,1295,690,605,3900,346,3554
2021,Carmarthenshire 021,W02000162,8212,2103,1006,1097,6109,503,5606
2021,Carmarthenshire 022,W02000163,5338,1230,625,605,4108,303,3805
2021,Carmarthenshire 023,W02000164,7434,1668,841,827,5766,467,5299
2021,Carmarthenshire 024,W02000165,6587,1618,851,767,4969,356,4613
2021,Carmarthenshire 025,W02000166,9162,2128,1112,1016,7034,526,6508
2021,Carmarthenshire 026,W02000167,10309,2792,1508,1284,7517,554,6963
2021,Swansea 001,W02000168,6514,1464,735,729,5050,447,4603
2021,Swansea 002,W02000169,9133,2198,1120,1078,6935,604,6331
2021,Swansea 003,W02000170,8678,1899,925,974,6779,578,6201
2021,Swansea 004,W02000171,8445,1456,660,796,6989,601,6388
2021,Swansea 005,W02000172,10251,2399,1257,1142,7852,700,7152
2021,Swansea 006,W02000173,7897,1442,698,744,6455,572,5883
2021,Swansea 007,W02000174,9641,1955,936,1019,7686,656,7030
2021,Swansea 008,W02000175,7350,1941,1058,883,5409,475,4934
2021,Swansea 009,W02000176,8947,2286,1181,1105,6661,488,6173
2021,Swansea 010,W02000177,6997,1492,747,745,5505,436,5069
2021,Swansea 011,W02000178,8914,2307,1264,1043,6607,371,6236
2021,Swansea 012,W02000179,6476,1413,640,773,5063,470,4593
2021,Swansea 013,W02000180,8009,2122,1140,982,5887,424,5463
2021,Swansea 014,W02000181,7407,1966,1075,891,5441,417,5024
2021,Swansea 015,W02000182,7526,1757,918,839,5769,452,5317
2021,Swansea 016,W02000183,10216,2497,1267,1230,7719,543,7176
2021,Swansea 017,W02000184,6774,1708,901,807,5066,360,4706
2021,Swansea 018,W02000185,5028,966,483,483,4062,378,3684
2021,Swansea 019,W02000186,8836,2382,1336,1046,6454,388,6066
2021,Swansea 021,W02000188,8076,1760,891,869,6316,524,5792
2021,Swansea 022,W02000189,8243,2002,1027,975,6241,565,5676
2021,Swansea 024,W02000191,8782,1706,753,953,7076,700,6376
2021,Swansea 025,W02000192,9124,2456,1226,1230,6668,590,6078
2021,Swansea 026,W02000193,8816,1725,725,1000,7091,640,6451
2021,Swansea 027,W02000194,6537,1221,447,774,5316,524,4792
2021,Swansea 028,W02000195,5788,955,429,526,4833,468,4365
2021,Swansea 029,W02000196,6278,1479,757,722,4799,465,4334
2021,Swansea 030,W02000197,6044,1146,501,645,4898,485,4413
2021,Swansea 031,W02000198,7256,1322,584,738,5934,558,5376
2021,Neath Port Talbot 002,W02000200,5127,1354,735,619,3773,309,3464
2021,Neath Port Talbot 003,W02000201,5284,1317,674,643,3967,270,3697
2021,Neath Port Talbot 004,W02000202,12454,2926,1499,1427,9528,859,8669
2021,Neath Port Talbot 006,W02000204,6602,1278,639,639,5324,504,4820
2021,Neath Port Talbot 007,W02000205,5729,1518,803,715,4211,364,3847
2021,Neath Port Talbot 008,W02000206,6603,2032,1075,957,4571,399,4172
2021,Neath Port Talbot 009,W02000207,5249,1165,568,597,4084,379,3705
2021,Neath Port Talbot 010,W02000208,12714,2636,1203,1433,10078,802,9276
2021,Neath Port Talbot 012,W02000210,6182,1577,826,751,4605,347,4258
2021,Neath Port Talbot 013,W02000211,7821,2188,1173,1015,5633,446,5187
2021,Neath Port Talbot 014,W02000212,7738,1927,986,941,5811,521,5290
2021,Neath Port Talbot 015,W02000213,6752,1438,742,696,5314,405,4909
2021,Neath Port Talbot 016,W02000214,9657,2920,1638,1282,6737,514,6223
2021,Neath Port Talbot 017,W02000215,9464,2517,1398,1119,6947,570,6377
2021,Neath Port Talbot 018,W02000216,7192,1686,890,796,5506,456,5050
2021,Neath Port Talbot 019,W02000217,6397,1383,690,693,5014,441,4573
2021,Bridgend 001,W02000218,6666,1836,1042,794,4830,362,4468
2021,Bridgend 002,W02000219,7174,1749,911,838,5425,451,4974
2021,Bridgend 003,W02000220,7984,2030,1100,930,5954,483,5471
2021,Bridgend 004,W02000221,7687,1984,1072,912,5703,505,5198
2021,Bridgend 005,W02000222,6174,1401,746,655,4773,406,4367
2021,Bridgend 006,W02000223,6005,1338,682,656,4667,425,4242
2021,Bridgend 007,W02000224,6499,1501,777,724,4998,426,4572
2021,Bridgend 008,W02000225,8880,2211,1153,1058,6669,535,6134
2021,Bridgend 009,W02000226,10011,2043,952,1091,7968,785,7183
2021,Bridgend 010,W02000227,7400,1679,817,862,5721,491,5230
2021,Bridgend 011,W02000228,12163,2287,926,1361,9876,978,8898
2021,Bridgend 012,W02000229,6127,1536,783,753,4591,413,4178
2021,Bridgend 013,W02000230,5678,1107,491,616,4571,478,4093
2021,Bridgend 014,W02000231,8318,2026,970,1056,6292,611,5681
2021,Bridgend 015,W02000232,5747,1079,484,595,4668,473,4195
2021,Bridgend 016,W02000233,6207,1450,664,786,4757,473,4284
2021,Bridgend 017,W02000234,10640,1887,860,1027,8753,912,7841
2021,Bridgend 018,W02000235,9172,2073,1042,1031,7099,665,6434
2021,Bridgend 019,W02000236,6958,1716,901,815,5242,537,4705
2021,Vale of Glamorgan 001,W02000237,6138,886,345,541,5252,521,4731
2021,Vale of Glamorgan 002,W02000238,6557,1120,436,684,5437,513,4924
2021,Vale of Glamorgan 003,W02000239,8010,1186,508,678,6824,587,6237
2021,Vale of Glamorgan 004,W02000240,8997,1616,686,930,7381,740,6641
2021,Vale of Glamorgan 005,W02000241,10174,1901,815,1086,8273,837,7436
2021,Vale of Glamorgan 006,W02000242,8216,1517,594,923,6699,649,6050
2021,Vale of Glamorgan 007,W02000243,9350,2388,1223,1165,6962,593,6369
2021,Vale of Glamorgan 008,W02000244,10162,1823,822,1001,8339,813,7526
2021,Vale of Glamorgan 009,W02000245,8279,1852,891,961,6427,539,5888
2021,Vale of Glamorgan 010,W02000246,5298,972,420,552,4326,401,3925
2021,Vale of Glamorgan 011,W02000247,8679,1748,722,1026,6931,740,6191
2021,Vale of Glamorgan 012,W02000248,10636,2518,1186,1332,8118,730,7388
2021,Vale of Glamorgan 013,W02000249,8766,2217,1115,1102,6549,597,5952
2021,Vale of Glamorgan 014,W02000250,11639,2196,971,1225,9443,842,8601
2021,Vale of Glamorgan 015,W02000251,11039,2351,1075,1276,8688,818,7870
2021,Rhondda Cynon Taf 001,W02000252,9178,2562,1375,1187,6616,521,6095
2021,Rhondda Cynon Taf 002,W02000253,6765,1683,889,794,5082,468,4614
2021,Rhondda Cynon Taf 003,W02000254,7946,1994,996,998,5952,531,5421
2021,Rhondda Cynon Taf 004,W02000255,6909,1716,874,842,5193,422,4771
2021,Rhondda Cynon Taf 005,W02000256,10012,2460,1298,1162,7552,598,6954
2021,Rhondda Cynon Taf 006,W02000257,7249,1828,971,857,5421,464,4957
2021,Rhondda Cynon Taf 007,W02000258,5705,1581,823,758,4124,329,3795
2021,Rhondda Cynon Taf 008,W02000259,5751,1602,893,709,4149,275,3874
2021,Rhondda Cynon Taf 009,W02000260,5695,1644,904,740,4051,296,3755
2021,Rhondda Cynon Taf 010,W02000261,7650,1818,966,852,5832,489,5343
2021,Rhondda Cynon Taf 011,W02000262,5302,1214,604,610,4088,333,3755
2021,Rhondda Cynon Taf 012,W02000263,6377,1557,840,717,4820,352,4468
2021,Rhondda Cynon Taf 013,W02000264,5728,1497,795,702,4231,305,3926
2021,Rhondda Cynon Taf 014,W02000265,9192,2397,1269,1128,6795,493,6302
2021,Rhondda Cynon Taf 015,W02000266,7495,1874,938,936,5621,448,5173
2021,Rhondda Cynon Taf 016,W02000267,6338,1547,779,768,4791,325,4466
2021,Rhondda Cynon Taf 017,W02000268,8921,2245,1154,1091,6676,542,6134
2021,Rhondda Cynon Taf 018,W02000269,8196,2118,1144,974,6078,456,5622
2021,Rhondda Cynon Taf 019,W02000270,6592,1436,660,776,5156,467,4689
2021,Rhondda Cynon Taf 020,W02000271,5450,1448,778,670,4002,300,3702
2021,Rhondda Cynon Taf 021,W02000272,9919,2283,1077,1206,7636,724,6912
2021,Rhondda Cynon Taf 022,W02000273,10428,2366,1069,1297,8062,716,7346
2021,Rhondda Cynon Taf 023,W02000274,10173,2406,1302,1104,7767,551,7216
2021,Rhondda Cynon Taf 024,W02000275,6053,1476,763,713,4577,323,4254
2021,Rhondda Cynon Taf 025,W02000276,6506,1381,648,733,5125,505,4620
2021,Rhondda Cynon Taf 026,W02000277,6942,1583,770,813,5359,493,4866
2021,Rhondda Cynon Taf 027,W02000278,8945,1371,552,819,7574,735,6839
2021,Rhondda Cynon Taf 028,W02000279,7739,1641,775,866,6098,562,5536
2021,Rhondda Cynon Taf 029,W02000280,9575,1697,728,969,7878,682,7196
2021,Rhondda Cynon Taf 030,W02000281,7464,1592,765,827,5872,607,5265
2021,Rhondda Cynon Taf 031,W02000282,11461,1985,851,1134,9476,831,8645
2021,Merthyr Tydfil 002,W02000284,9356,2134,1153,981,7222,533,6689
2021,Merthyr Tydfil 003,W02000285,8328,1804,873,931,6524,527,5997
2021,Merthyr Tydfil 004,W02000286,6737,1842,1086,756,4895,332,4563
2021,Merthyr Tydfil 005,W02000287,8292,1677,845,832,6615,493,6122
2021,Merthyr Tydfil 006,W02000288,8084,2100,1181,919,5984,436,5548
2021,Merthyr Tydfil 007,W02000289,8681,2007,1018,989,6674,510,6164
2021,Caerphilly 001,W02000290,8545,2375,1349,1026,6170,455,5715
2021,Caerphilly 002,W02000291,7088,1865,1044,821,5223,407,4816
2021,Caerphilly 003,W02000292,5823,1576,881,695,4247,294,3953
2021,Caerphilly 004,W02000293,6040,1623,894,729,4417,329,4088
2021,Caerphilly 005,W02000294,5600,1392,748,644,4208,341,3867
2021,Caerphilly 006,W02000295,9520,2013,974,1039,7507,585,6922
2021,Caerphilly 007,W02000296,7393,1987,1075,912,5406,437,4969
2021,Caerphilly 008,W02000297,7491,1895,1014,881,5596,467,5129
2021,Caerphilly 009,W02000298,7145,1551,744,807,5594,473,5121
2021,Caerphilly 010,W02000299,6236,1527,799,728,4709,380,4329
2021,Caerphilly 011,W02000300,8381,1934,992,942,6447,542,5905
2021,Caerphilly 012,W02000301,7931,1785,892,893,6146,524,5622
2021,Caerphilly 013,W02000302,9958,2161,1044,1117,7797,666,7131
2021,Caerphilly 014,W02000303,7114,1539,735,804,5575,463,5112
2021,Caerphilly 015,W02000304,5497,1287,616,671,4210,383,3827
2021,Caerphilly 016,W02000305,6143,1458,648,810,4685,396,4289
2021,Caerphilly 017,W02000306,5085,1239,618,621,3846,328,3518
2021,Caerphilly 018,W02000307,6508,1495,771,724,5013,359,4654
2021,Caerphilly 019,W02000308,8772,2119,1111,1008,6653,603,6050
2021,Caerphilly 020,W02000309,6767,1571,789,782,5196,388,4808
2021,Caerphilly 021,W02000310,5289,1098,528,570,4191,350,3841
2021,Caerphilly 022,W02000311,9773,2377,1201,1176,7396,639,6757
2021,Caerphilly 023,W02000312,7231,1733,897,836,5498,474,5024
2021,Caerphilly 024,W02000313,10623,1966,865,1101,8657,827,7830
2021,Blaenau Gwent 001,W02000314,6624,1643,871,772,4981,418,4563
2021,Blaenau Gwent 002,W02000315,5248,1275,658,617,3973,326,3647
2021,Blaenau Gwent 003,W02000316,6660,1705,966,739,4955,315,4640
2021,Blaenau Gwent 004,W02000317,7786,1839,958,881,5947,481,5466
2021,Blaenau Gwent 005,W02000318,9097,2236,1230,1006,6861,499,6362
2021,Blaenau Gwent 006,W02000319,8080,2037,1135,902,6043,467,5576
2021,Blaenau Gwent 007,W02000320,8131,1895,955,940,6236,484,5752
2021,Blaenau Gwent 008,W02000321,8613,2188,1179,1009,6425,507,5918
2021,Blaenau Gwent 009,W02000322,6665,1838,943,895,4827,358,4469
2021,Torfaen 001,W02000323,6019,1394,700,694,4625,372,4253
2021,Torfaen 002,W02000324,7042,1798,924,874,5244,406,4838
2021,Torfaen 003,W02000325,7342,1868,955,913,5474,451,5023
2021,Torfaen 004,W02000326,8870,2280,1219,1061,6590,575,6015
2021,Torfaen 005,W02000327,5895,1287,548,739,4608,423,4185
2021,Torfaen 006,W02000328,7479,1551,761,790,5928,549,5379
2021,Torfaen 007,W02000329,8066,1867,869,998,6199,563,5636
2021,Torfaen 008,W02000330,7079,1566,721,845,5513,509,5004
2021,Torfaen 009,W02000331,6474,1657,869,788,4817,372,4445
2021,Torfaen 010,W02000332,7648,2033,1028,1005,5615,484,5131
2021,Torfaen 011,W02000333,6241,1418,646,772,4823,446,4377
2021,Torfaen 012,W02000334,6585,1312,567,745,5273,490,4783
2021,Torfaen 013,W02000335,7534,1468,669,799,6066,576,5490
2021,Monmouthshire 001,W02000336,8480,1723,714,1009,6757,731,6026
2021,Monmouthshire 002,W02000337,7641,1853,875,978,5788,504,5284
2021,Monmouthshire 003,W02000338,8520,1767,751,1016,6753,677,6076
2021,Monmouthshire 004,W02000339,11049,2233,956,1277,8816,897,7919
2021,Monmouthshire 005,W02000340,7140,1290,533,757,5850,590,5260
2021,Monmouthshire 006,W02000341,8313,1583,655,928,6730,672,6058
2021,Monmouthshire 007,W02000342,9360,1475,593,882,7885,831,7054
2021,Monmouthshire 008,W02000343,8172,1708,744,964,6464,662,5802
2021,Monmouthshire 009,W02000344,8508,1397,533,864,7111,737,6374
2021,Monmouthshire 010,W02000345,8035,1686,815,871,6349,653,5696
2021,Monmouthshire 011,W02000346,7738,1263,498,765,6475,655,5820
2021,Newport 001,W02000347,7973,1533,675,858,6440,636,5804
2021,Newport 002,W02000348,7603,1622,773,849,5981,568,5413
2021,Newport 003,W02000349,8296,2212,1195,1017,6084,461,5623
2021,Newport 004,W02000350,9956,1605,727,878,8351,668,7683
2021,Newport 005,W02000351,6272,1356,670,686,4916,393,4523
2021,Newport 006,W02000352,6794,1487,726,761,5307,388,4919
2021,Newport 007,W02000353,7218,1364,587,777,5854,472,5382
2021,Newport 008,W02000354,5793,1362,726,636,4431,324,4107
2021,Newport 009,W02000355,10238,1612,721,891,8626,763,7863
2021,Newport 010,W02000356,5269,1317,707,610,3952,260,3692
2021,Newport 011,W02000357,8279,1592,747,845,6687,460,6227
2021,Newport 012,W02000358,6486,1056,484,572,5430,530,4900
2021,Newport 013,W02000359,11804,2001,900,1101,9803,582,9221
2021,Newport 014,W02000360,6784,1567,693,874,5217,454,4763
2021,Newport 015,W02000361,11763,2424,1187,1237,9339,653,8686
2021,Newport 016,W02000362,6982,1281,554,727,5701,551,5150
2021,Newport 017,W02000363,5781,1346,669,677,4435,395,4040
2021,Newport 018,W02000364,9290,1717,905,812,7573,411,7162
2021,Newport 019,W02000365,8574,1715,866,849,6859,453,6406
2021,Newport 020,W02000366,8432,1297,537,760,7135,614,6521
2021,Cardiff 001,W02000367,6093,958,381,577,5135,528,4607
2021,Cardiff 002,W02000368,5700,890,322,568,4810,511,4299
2021,Cardiff 003,W02000369,9796,1240,462,778,8556,734,7822
2021,Cardiff 004,W02000370,6549,1186,441,745,5363,560,4803
2021,Cardiff 005,W02000371,9102,1973,946,1027,7129,668,6461
2021,Cardiff 006,W02000372,8286,1160,437,723,7126,658,6468
2021,Cardiff 007,W02000373,6996,1685,850,835,5311,350,4961
2021,Cardiff 008,W02000374,5892,918,360,558,4974,478,4496
2021,Cardiff 009,W02000375,7315,1524,685,839,5791,411,5380
2021,Cardiff 010,W02000376,6658,1277,526,751,5381,574,4807
2021,Cardiff 011,W02000377,7784,1462,704,758,6322,522,5800
2021,Cardiff 012,W02000378,7489,1138,467,671,6351,682,5669
2021,Cardiff 013,W02000379,6468,1563,850,713,4905,335,4570
2021,Cardiff 014,W02000380,7902,1223,512,711,6679,635,6044
2021,Cardiff 015,W02000381,6530,1454,712,742,5076,380,4696
2021,Cardiff 016,W02000382,5974,1580,897,683,4394,341,4053
2021,Cardiff 017,W02000383,7499,1769,845,924,5730,437,5293
2021,Cardiff 018,W02000384,5695,847,316,531,4848,486,4362
2021,Cardiff 019,W02000385,6883,991,403,588,5892,504,5388
2021,Cardiff 020,W02000386,7587,1406,584,822,6181,629,5552
2021,Cardiff 021,W02000387,5910,934,410,524,4976,501,4475
2021,Cardiff 022,W02000388,5799,1205,538,667,4594,406,4188
2021,Cardiff 023,W02000389,8425,1884,887,997,6541,579,5962
2021,Cardiff 024,W02000390,6238,1098,435,663,5140,475,4665
2021,Cardiff 025,W02000391,9415,1327,409,918,8088,765,7323
2021,Cardiff 026,W02000392,8776,1505,595,910,7271,780,6491
2021,Cardiff 027,W02000393,6641,1410,685,725,5231,368,4863
2021,Cardiff 028,W02000394,9570,1352,382,970,8218,757,7461
2021,Cardiff 029,W02000395,6670,1139,464,675,5531,549,4982
2021,Cardiff 030,W02000396,7516,1199,408,791,6317,580,5737
2021,Cardiff 031,W02000397,6425,1486,768,718,4939,442,4497
2021,Cardiff 032,W02000398,12253,1579,367,1212,10674,907,9767
2021,Cardiff 033,W02000399,10761,2226,886,1340,8535,788,7747
2021,Cardiff 034,W02000400,6295,961,365,596,5334,566,4768
2021,Cardiff 035,W02000401,5937,959,390,569,4978,504,4474
2021,Cardiff 036,W02000402,11609,2428,1042,1386,9181,689,8492
2021,Cardiff 037,W02000403,7790,1629,814,815,6161,417,5744
2021,Cardiff 038,W02000404,6352,1527,798,729,4825,408,4417
2021,Cardiff 039,W02000405,7811,1959,1051,908,5852,337,5515
2021,Cardiff 040,W02000406,10201,1782,749,1033,8419,764,7655
2021,Cardiff 041,W02000407,6641,1695,860,835,4946,351,4595
2021,Cardiff 042,W02000408,7463,1340,655,685,6123,398,5725
2021,Cardiff 043,W02000409,6074,1363,666,697,4711,343,4368
2021,Cardiff 044,W02000410,8652,1397,653,744,7255,395,6860
2021,Cardiff 045,W02000411,6595,1766,987,779,4829,343,4486
2021,Cardiff 046,W02000412,6874,1413,756,657,5461,336,5125
2021,Powys 020,W02000414,5987,1105,464,641,4882,425,4457
2021,Merthyr Tydfil 008,W02000415,9358,2438,1399,1039,6920,398,6522
2021,Powys 021,W02000416,10346,2774,1436,1338,7572,626,6946
2021,Neath Port Talbot 020,W02000417,10178,2764,1484,1280,7414,596,6818
2021,Carmarthenshire 027,W02000418,12255,2479,1153,1326,9776,899,8877
2021,Denbighshire 017,W02000419,11361,2700,1335,1365,8661,715,7946
2021,Ceredigion 011,W02000421,11485,2340,995,1345,9145,782,8363
2021,Cardiff 048,W02000422,7388,894,267,627,6494,565,5929
2021,Cardiff 049,W02000423,10031,1805,863,942,8226,571,7655
2021,Wrexham 021,W02000424,6683,1136,487,649,5547,507,5040
2021,Wrexham 022,W02000425,8347,1666,637,1029,6681,617,6064
2021,Wrexham 023,W02000426,9895,2001,876,1125,7894,645,7249
2021,Neath Port Talbot 021,W02000427,11145,3049,1729,1320,8096,639,7457
2021,Swansea 032,W02000428,10502,2057,852,1205,8445,761,7684
