date,geography,geography code,Hours worked: Total: All usual residents aged 16 years and over in employment the week before the census,Hours worked: Part-time,Hours worked: Part-time: 15 hours or less worked,Hours worked: Part-time: 16 to 30 hours worked,Hours worked: Full-time,Hours worked: Full-time: 31 to 48 hours worked,Hours worked: Full-time: 49 or more hours worked
2021,City of London 001,E02000001,5351,885,386,499,4466,2760,1706
2021,Barking and Dagenham 001,E02000002,3240,1093,412,681,2147,1891,256
2021,Barking and Dagenham 002,E02000003,5237,1706,635,1071,3531,3072,459
2021,Barking and Dagenham 003,E02000004,3114,847,275,572,2267,1951,316
2021,Barking and Dagenham 004,E02000005,4862,1553,524,1029,3309,2892,417
2021,Barking and Dagenham 006,E02000007,4269,1434,522,912,2835,2465,370
2021,Barking and Dagenham 007,E02000008,5699,1931,688,1243,3768,3299,469
2021,Barking and Dagenham 008,E02000009,5432,1885,635,1250,3547,3073,474
2021,Barking and Dagenham 009,E02000010,4231,1321,414,907,2910,2532,378
2021,Barking and Dagenham 010,E02000011,3100,934,349,585,2166,1866,300
2021,Barking and Dagenham 011,E02000012,5025,1698,638,1060,3327,2946,381
2021,Barking and Dagenham 012,E02000013,4006,1339,469,870,2667,2312,355
2021,Barking and Dagenham 013,E02000014,4382,1352,444,908,3030,2626,404
2021,Barking and Dagenham 014,E02000015,3512,1077,345,732,2435,2121,314
2021,Barking and Dagenham 015,E02000016,4551,1458,534,924,3093,2729,364
2021,Barking and Dagenham 016,E02000017,4150,1455,556,899,2695,2294,401
2021,Barking and Dagenham 017,E02000018,3989,1277,439,838,2712,2329,383
2021,Barking and Dagenham 018,E02000019,4152,1357,466,891,2795,2452,343
2021,Barking and Dagenham 019,E02000020,6257,2004,689,1315,4253,3668,585
2021,Barking and Dagenham 020,E02000021,3710,1301,441,860,2409,2108,301
2021,Barking and Dagenham 021,E02000022,3355,1084,374,710,2271,1979,292
2021,Barking and Dagenham 022,E02000023,3223,1077,347,730,2146,1913,233
2021,Barnet 001,E02000024,5323,1605,632,973,3718,2953,765
2021,Barnet 002,E02000025,4197,1205,481,724,2992,2500,492
2021,Barnet 003,E02000026,2977,928,377,551,2049,1652,397
2021,Barnet 004,E02000027,4426,1336,510,826,3090,2594,496
2021,Barnet 005,E02000028,3268,970,394,576,2298,1852,446
2021,Barnet 006,E02000029,4623,1567,557,1010,3056,2552,504
2021,Barnet 007,E02000030,4375,1377,578,799,2998,2227,771
2021,Barnet 008,E02000031,4093,1121,463,658,2972,2304,668
2021,Barnet 009,E02000032,3792,1198,437,761,2594,2125,469
2021,Barnet 010,E02000033,4292,1401,518,883,2891,2425,466
2021,Barnet 011,E02000034,4440,1436,561,875,3004,2443,561
2021,Barnet 012,E02000035,4319,1280,536,744,3039,2456,583
2021,Barnet 013,E02000036,5254,1762,652,1110,3492,2878,614
2021,Barnet 014,E02000037,4980,1727,640,1087,3253,2562,691
2021,Barnet 015,E02000038,5240,1729,695,1034,3511,2824,687
2021,Barnet 016,E02000039,3532,1142,462,680,2390,1750,640
2021,Barnet 017,E02000040,4331,1270,540,730,3061,2416,645
2021,Barnet 018,E02000041,4480,1617,600,1017,2863,2362,501
2021,Barnet 019,E02000042,5574,1691,708,983,3883,3166,717
2021,Barnet 020,E02000043,3636,1002,411,591,2634,1988,646
2021,Barnet 021,E02000044,4200,1397,520,877,2803,2293,510
2021,Barnet 022,E02000045,4971,1629,593,1036,3342,2787,555
2021,Barnet 023,E02000046,3822,1052,459,593,2770,2225,545
2021,Barnet 024,E02000047,5445,1826,658,1168,3619,3083,536
2021,Barnet 025,E02000048,4837,1609,706,903,3228,2515,713
2021,Barnet 026,E02000049,4649,1553,617,936,3096,2666,430
2021,Barnet 027,E02000050,4917,1479,539,940,3438,2852,586
2021,Barnet 028,E02000051,4340,1428,652,776,2912,2235,677
2021,Barnet 029,E02000052,5130,1435,570,865,3695,2938,757
2021,Barnet 031,E02000054,3796,1244,502,742,2552,2050,502
2021,Barnet 032,E02000055,5781,2005,808,1197,3776,3065,711
2021,Barnet 033,E02000056,4262,1331,635,696,2931,2031,900
2021,Barnet 034,E02000057,3540,1293,517,776,2247,1834,413
2021,Barnet 035,E02000058,4758,1703,684,1019,3055,2249,806
2021,Barnet 036,E02000059,6052,1821,726,1095,4231,3527,704
2021,Barnet 037,E02000060,4677,2217,867,1350,2460,1942,518
2021,Barnet 038,E02000061,4196,1272,589,683,2924,2124,800
2021,Barnet 039,E02000062,3117,1096,415,681,2021,1712,309
2021,Barnet 040,E02000063,3432,1258,522,736,2174,1802,372
2021,Barnet 041,E02000064,3193,1028,389,639,2165,1703,462
2021,Bexley 001,E02000065,3574,1127,382,745,2447,2123,324
2021,Bexley 002,E02000066,4138,1322,453,869,2816,2436,380
2021,Bexley 003,E02000067,4963,1281,453,828,3682,3215,467
2021,Bexley 004,E02000068,3607,985,323,662,2622,2293,329
2021,Bexley 005,E02000069,3463,935,302,633,2528,2190,338
2021,Bexley 006,E02000070,3868,1093,380,713,2775,2377,398
2021,Bexley 007,E02000071,3607,1052,367,685,2555,2233,322
2021,Bexley 008,E02000072,5840,1638,512,1126,4202,3710,492
2021,Bexley 009,E02000073,5345,1495,537,958,3850,3344,506
2021,Bexley 010,E02000074,4054,1129,380,749,2925,2571,354
2021,Bexley 011,E02000075,3761,1026,355,671,2735,2324,411
2021,Bexley 013,E02000077,3930,1036,323,713,2894,2577,317
2021,Bexley 014,E02000078,3942,1015,348,667,2927,2543,384
2021,Bexley 015,E02000079,4298,1138,414,724,3160,2705,455
2021,Bexley 016,E02000080,4949,1351,495,856,3598,3149,449
2021,Bexley 017,E02000081,3847,1115,389,726,2732,2318,414
2021,Bexley 018,E02000082,4850,1343,501,842,3507,3040,467
2021,Bexley 019,E02000083,5631,1494,522,972,4137,3570,567
2021,Bexley 020,E02000084,5504,1517,556,961,3987,3377,610
2021,Bexley 021,E02000085,4026,1095,375,720,2931,2551,380
2021,Bexley 022,E02000086,3617,1010,367,643,2607,2217,390
2021,Bexley 023,E02000087,3987,1055,424,631,2932,2371,561
2021,Bexley 024,E02000088,3886,1026,384,642,2860,2444,416
2021,Bexley 025,E02000089,3746,1054,390,664,2692,2272,420
2021,Bexley 026,E02000090,4721,1182,478,704,3539,3021,518
2021,Bexley 027,E02000091,4751,1283,513,770,3468,2907,561
2021,Bexley 028,E02000092,2918,908,344,564,2010,1761,249
2021,Brent 001,E02000093,5982,1752,667,1085,4230,3481,749
2021,Brent 002,E02000094,5099,1485,554,931,3614,3017,597
2021,Brent 003,E02000095,5113,1477,530,947,3636,3040,596
2021,Brent 004,E02000096,3678,1076,424,652,2602,2070,532
2021,Brent 005,E02000097,4561,1443,533,910,3118,2559,559
2021,Brent 006,E02000098,3882,1254,496,758,2628,2171,457
2021,Brent 007,E02000099,4709,1388,539,849,3321,2721,600
2021,Brent 008,E02000100,4207,1197,512,685,3010,2570,440
2021,Brent 009,E02000101,4291,1485,580,905,2806,2390,416
2021,Brent 010,E02000102,3224,1211,455,756,2013,1759,254
2021,Brent 011,E02000103,4256,1544,538,1006,2712,2324,388
2021,Brent 012,E02000104,3587,1131,450,681,2456,2000,456
2021,Brent 013,E02000105,4612,1404,453,951,3208,2791,417
2021,Brent 014,E02000106,4487,1651,635,1016,2836,2403,433
2021,Brent 015,E02000107,5525,1730,663,1067,3795,3111,684
2021,Brent 016,E02000108,3508,1019,342,677,2489,2166,323
2021,Brent 018,E02000110,3972,1196,547,649,2776,2222,554
2021,Brent 019,E02000111,5307,1565,512,1053,3742,3362,380
2021,Brent 020,E02000112,6084,1673,602,1071,4411,3918,493
2021,Brent 021,E02000113,3447,1362,426,936,2085,1832,253
2021,Brent 022,E02000114,4798,1462,524,938,3336,2766,570
2021,Brent 023,E02000115,4435,1177,447,730,3258,2602,656
2021,Brent 024,E02000116,3721,1327,485,842,2394,2021,373
2021,Brent 025,E02000117,5018,1925,688,1237,3093,2635,458
2021,Brent 026,E02000118,5650,1490,555,935,4160,3759,401
2021,Brent 027,E02000119,4420,1509,463,1046,2911,2516,395
2021,Brent 028,E02000120,5051,1315,536,779,3736,2950,786
2021,Brent 029,E02000121,5894,1687,616,1071,4207,3792,415
2021,Brent 030,E02000122,4091,1254,533,721,2837,2188,649
2021,Brent 031,E02000123,6210,2287,824,1463,3923,3299,624
2021,Brent 032,E02000124,5305,1338,571,767,3967,2964,1003
2021,Brent 033,E02000125,5226,1421,568,853,3805,3008,797
2021,Brent 034,E02000126,3763,1187,461,726,2576,2122,454
2021,Bromley 001,E02000127,4261,1265,452,813,2996,2564,432
2021,Bromley 002,E02000128,3740,1018,377,641,2722,2183,539
2021,Bromley 004,E02000130,4556,1217,437,780,3339,2780,559
2021,Bromley 005,E02000131,6241,1456,556,900,4785,4052,733
2021,Bromley 006,E02000132,5536,1190,485,705,4346,3615,731
2021,Bromley 007,E02000133,5207,1305,551,754,3902,2769,1133
2021,Bromley 008,E02000134,6144,1576,604,972,4568,3812,756
2021,Bromley 009,E02000135,4867,1426,511,915,3441,2979,462
2021,Bromley 010,E02000136,2497,723,271,452,1774,1419,355
2021,Bromley 011,E02000137,4253,1041,426,615,3212,2631,581
2021,Bromley 012,E02000138,4376,987,400,587,3389,2696,693
2021,Bromley 013,E02000139,4140,1004,375,629,3136,2580,556
2021,Bromley 014,E02000140,3815,1107,392,715,2708,2345,363
2021,Bromley 015,E02000141,3913,1042,388,654,2871,2436,435
2021,Bromley 016,E02000142,4414,1106,427,679,3308,2681,627
2021,Bromley 018,E02000144,5502,1236,451,785,4266,3596,670
2021,Bromley 019,E02000145,3938,1149,423,726,2789,2398,391
2021,Bromley 020,E02000146,5155,1285,448,837,3870,3216,654
2021,Bromley 021,E02000147,3769,1096,416,680,2673,2066,607
2021,Bromley 022,E02000148,3130,867,360,507,2263,1756,507
2021,Bromley 023,E02000149,3982,1106,390,716,2876,2460,416
2021,Bromley 024,E02000150,4169,1187,405,782,2982,2451,531
2021,Bromley 025,E02000151,3510,884,353,531,2626,2059,567
2021,Bromley 026,E02000152,3743,1079,406,673,2664,2289,375
2021,Bromley 027,E02000153,3943,1185,421,764,2758,2262,496
2021,Bromley 028,E02000154,4228,1122,432,690,3106,2537,569
2021,Bromley 029,E02000155,3282,889,327,562,2393,2065,328
2021,Bromley 030,E02000156,5784,1707,679,1028,4077,3298,779
2021,Bromley 031,E02000157,3920,1095,431,664,2825,2325,500
2021,Bromley 032,E02000158,3371,1036,413,623,2335,1957,378
2021,Bromley 033,E02000159,3351,1042,434,608,2309,1771,538
2021,Bromley 034,E02000160,3804,1164,424,740,2640,2156,484
2021,Bromley 035,E02000161,4145,1104,408,696,3041,2553,488
2021,Bromley 036,E02000162,3152,959,375,584,2193,1816,377
2021,Bromley 037,E02000163,3692,1089,430,659,2603,2059,544
2021,Bromley 039,E02000165,3720,1088,375,713,2632,2227,405
2021,Camden 001,E02000166,3669,1136,481,655,2533,1878,655
2021,Camden 002,E02000167,3826,900,429,471,2926,1834,1092
2021,Camden 003,E02000168,4338,1083,463,620,3255,2450,805
2021,Camden 004,E02000169,3574,896,425,471,2678,1639,1039
2021,Camden 005,E02000170,4446,1034,502,532,3412,2471,941
2021,Camden 006,E02000171,3962,1010,445,565,2952,2125,827
2021,Camden 007,E02000172,4313,1305,480,825,3008,2400,608
2021,Camden 008,E02000173,4120,822,373,449,3298,2274,1024
2021,Camden 009,E02000174,4073,1084,457,627,2989,2347,642
2021,Camden 010,E02000175,5329,1081,473,608,4248,3125,1123
2021,Camden 011,E02000176,3463,721,312,409,2742,1744,998
2021,Camden 012,E02000177,4042,1125,420,705,2917,2274,643
2021,Camden 013,E02000178,4827,1142,485,657,3685,2876,809
2021,Camden 014,E02000179,2854,792,334,458,2062,1419,643
2021,Camden 015,E02000180,4058,1093,485,608,2965,2322,643
2021,Camden 016,E02000181,4839,882,395,487,3957,2728,1229
2021,Camden 017,E02000182,3392,777,319,458,2615,1793,822
2021,Camden 018,E02000183,3847,960,468,492,2887,1912,975
2021,Camden 019,E02000184,3947,1163,523,640,2784,2244,540
2021,Camden 020,E02000185,3904,1273,473,800,2631,2094,537
2021,Camden 021,E02000186,3110,794,357,437,2316,1746,570
2021,Camden 022,E02000187,3605,1268,524,744,2337,1930,407
2021,Camden 023,E02000188,2690,962,403,559,1728,1469,259
2021,Camden 026,E02000191,2143,558,349,209,1585,1121,464
2021,Camden 027,E02000192,3147,961,411,550,2186,1617,569
2021,Camden 028,E02000193,2824,742,366,376,2082,1439,643
2021,Croydon 001,E02000194,5005,1345,490,855,3660,3070,590
2021,Croydon 002,E02000195,4584,1428,574,854,3156,2632,524
2021,Croydon 003,E02000196,3751,1175,431,744,2576,2212,364
2021,Croydon 004,E02000197,4458,1390,524,866,3068,2647,421
2021,Croydon 005,E02000198,4267,1390,442,948,2877,2534,343
2021,Croydon 006,E02000199,4250,1291,446,845,2959,2525,434
2021,Croydon 007,E02000200,4735,1323,480,843,3412,2938,474
2021,Croydon 008,E02000201,4193,1313,472,841,2880,2522,358
2021,Croydon 009,E02000202,4120,1359,474,885,2761,2391,370
2021,Croydon 010,E02000203,3717,1187,470,717,2530,2209,321
2021,Croydon 011,E02000204,4340,1471,501,970,2869,2525,344
2021,Croydon 013,E02000206,5108,1544,573,971,3564,3157,407
2021,Croydon 014,E02000207,4361,1256,464,792,3105,2736,369
2021,Croydon 015,E02000208,4711,1647,607,1040,3064,2760,304
2021,Croydon 016,E02000209,4234,1507,517,990,2727,2438,289
2021,Croydon 017,E02000210,4579,1172,401,771,3407,2915,492
2021,Croydon 018,E02000211,4079,1165,400,765,2914,2503,411
2021,Croydon 019,E02000212,4224,1470,487,983,2754,2456,298
2021,Croydon 020,E02000213,5997,1752,637,1115,4245,3733,512
2021,Croydon 021,E02000214,3097,871,313,558,2226,1885,341
2021,Croydon 022,E02000215,6260,1662,693,969,4598,3936,662
2021,Croydon 023,E02000216,3468,812,329,483,2656,2254,402
2021,Croydon 024,E02000217,6204,1810,653,1157,4394,3774,620
2021,Croydon 025,E02000218,2795,917,324,593,1878,1636,242
2021,Croydon 026,E02000219,3647,1089,442,647,2558,2162,396
2021,Croydon 028,E02000221,4988,1534,529,1005,3454,2999,455
2021,Croydon 029,E02000222,4494,1052,377,675,3442,2881,561
2021,Croydon 030,E02000223,3201,1184,376,808,2017,1781,236
2021,Croydon 031,E02000224,4355,1132,432,700,3223,2744,479
2021,Croydon 032,E02000225,3385,1075,349,726,2310,2018,292
2021,Croydon 033,E02000226,3551,1003,400,603,2548,2133,415
2021,Croydon 034,E02000227,5722,1691,595,1096,4031,3452,579
2021,Croydon 035,E02000228,3656,1080,446,634,2576,2051,525
2021,Croydon 036,E02000229,2541,861,282,579,1680,1484,196
2021,Croydon 037,E02000230,5081,1326,515,811,3755,3088,667
2021,Croydon 038,E02000231,3854,1105,457,648,2749,2118,631
2021,Croydon 039,E02000232,2901,901,333,568,2000,1679,321
2021,Croydon 040,E02000233,3175,843,308,535,2332,1956,376
2021,Croydon 041,E02000234,4566,1208,430,778,3358,2812,546
2021,Croydon 042,E02000235,3452,933,372,561,2519,2091,428
2021,Croydon 043,E02000236,4663,1181,412,769,3482,2932,550
2021,Croydon 044,E02000237,3511,1065,392,673,2446,2061,385
2021,Ealing 001,E02000238,5505,1679,606,1073,3826,3277,549
2021,Ealing 002,E02000239,4585,1322,505,817,3263,2809,454
2021,Ealing 003,E02000240,4926,1576,579,997,3350,2960,390
2021,Ealing 004,E02000241,3581,1086,363,723,2495,2139,356
2021,Ealing 005,E02000242,3287,1003,402,601,2284,1951,333
2021,Ealing 006,E02000243,4157,1311,502,809,2846,2458,388
2021,Ealing 007,E02000244,3771,1177,442,735,2594,2176,418
2021,Ealing 008,E02000245,3924,1293,411,882,2631,2308,323
2021,Ealing 009,E02000246,4069,1384,498,886,2685,2367,318
2021,Ealing 010,E02000247,4820,1504,508,996,3316,2901,415
2021,Ealing 011,E02000248,3715,1165,480,685,2550,2021,529
2021,Ealing 012,E02000249,3864,1275,462,813,2589,2206,383
2021,Ealing 013,E02000250,3170,870,392,478,2300,1771,529
2021,Ealing 014,E02000251,3850,1217,424,793,2633,2300,333
2021,Ealing 015,E02000252,5410,1618,678,940,3792,3247,545
2021,Ealing 016,E02000253,4246,1501,576,925,2745,2384,361
2021,Ealing 017,E02000254,4002,1303,472,831,2699,2428,271
2021,Ealing 018,E02000255,4586,1329,533,796,3257,2636,621
2021,Ealing 019,E02000256,5197,1232,511,721,3965,3162,803
2021,Ealing 021,E02000258,3387,984,406,578,2403,1909,494
2021,Ealing 022,E02000259,3312,960,370,590,2352,1935,417
2021,Ealing 023,E02000260,3812,1297,449,848,2515,2261,254
2021,Ealing 024,E02000261,6509,1806,738,1068,4703,3878,825
2021,Ealing 025,E02000262,4887,1399,563,836,3488,2811,677
2021,Ealing 026,E02000263,5527,1796,598,1198,3731,3420,311
2021,Ealing 027,E02000264,4660,1230,549,681,3430,2677,753
2021,Ealing 028,E02000265,5534,1561,605,956,3973,3286,687
2021,Ealing 029,E02000266,5464,1721,623,1098,3743,3328,415
2021,Ealing 030,E02000267,4188,1208,460,748,2980,2443,537
2021,Ealing 031,E02000268,4872,1308,573,735,3564,2811,753
2021,Ealing 032,E02000269,4430,1044,404,640,3386,2644,742
2021,Ealing 033,E02000270,5059,1246,465,781,3813,3112,701
2021,Ealing 034,E02000271,3729,869,388,481,2860,2086,774
2021,Ealing 035,E02000272,3346,943,381,562,2403,1914,489
2021,Ealing 038,E02000275,3391,1139,396,743,2252,1985,267
2021,Ealing 039,E02000276,3663,879,340,539,2784,2224,560
2021,Enfield 001,E02000277,3088,1133,364,769,1955,1718,237
2021,Enfield 002,E02000278,3528,1399,459,940,2129,1869,260
2021,Enfield 003,E02000279,5129,1858,599,1259,3271,2904,367
2021,Enfield 004,E02000280,3964,1253,442,811,2711,2281,430
2021,Enfield 005,E02000281,4242,1406,457,949,2836,2458,378
2021,Enfield 006,E02000282,3473,1467,450,1017,2006,1769,237
2021,Enfield 007,E02000283,3490,1305,447,858,2185,1937,248
2021,Enfield 008,E02000284,4235,1248,465,783,2987,2490,497
2021,Enfield 009,E02000285,3227,942,334,608,2285,1948,337
2021,Enfield 010,E02000286,4192,1196,434,762,2996,2487,509
2021,Enfield 011,E02000287,3424,1111,477,634,2313,1742,571
2021,Enfield 012,E02000288,4897,2016,672,1344,2881,2534,347
2021,Enfield 013,E02000289,3201,1017,395,622,2184,1815,369
2021,Enfield 014,E02000290,2536,1021,338,683,1515,1338,177
2021,Enfield 015,E02000291,4612,1452,527,925,3160,2716,444
2021,Enfield 016,E02000292,4475,1464,520,944,3011,2603,408
2021,Enfield 017,E02000293,2917,912,374,538,2005,1522,483
2021,Enfield 018,E02000294,3671,1485,470,1015,2186,1963,223
2021,Enfield 019,E02000295,3973,1249,509,740,2724,2223,501
2021,Enfield 020,E02000296,4778,1601,603,998,3177,2712,465
2021,Enfield 021,E02000297,4504,1421,521,900,3083,2598,485
2021,Enfield 022,E02000298,4159,1209,517,692,2950,2293,657
2021,Enfield 023,E02000299,3692,1631,539,1092,2061,1802,259
2021,Enfield 024,E02000300,3605,1395,465,930,2210,1889,321
2021,Enfield 025,E02000301,3971,1678,554,1124,2293,2002,291
2021,Enfield 026,E02000302,4024,1294,482,812,2730,2338,392
2021,Enfield 027,E02000303,3215,1360,419,941,1855,1615,240
2021,Enfield 028,E02000304,3871,1245,525,720,2626,2082,544
2021,Enfield 029,E02000305,4683,1450,569,881,3233,2663,570
2021,Enfield 030,E02000306,3290,1378,422,956,1912,1695,217
2021,Enfield 031,E02000307,4463,1742,552,1190,2721,2400,321
2021,Enfield 032,E02000308,4355,1400,514,886,2955,2487,468
2021,Enfield 033,E02000309,4726,1999,695,1304,2727,2417,310
2021,Enfield 035,E02000311,4733,1780,639,1141,2953,2569,384
2021,Enfield 036,E02000312,5902,1831,747,1084,4071,3410,661
2021,Greenwich 001,E02000313,2803,877,281,596,1926,1653,273
2021,Greenwich 002,E02000314,6052,1880,706,1174,4172,3553,619
2021,Greenwich 003,E02000315,4178,1365,438,927,2813,2432,381
2021,Greenwich 005,E02000317,3274,1039,355,684,2235,1912,323
2021,Greenwich 006,E02000318,4971,1561,507,1054,3410,2986,424
2021,Greenwich 007,E02000319,5119,1526,504,1022,3593,3092,501
2021,Greenwich 008,E02000320,3283,899,306,593,2384,2033,351
2021,Greenwich 009,E02000321,3461,1043,355,688,2418,2094,324
2021,Greenwich 011,E02000323,6128,1883,667,1216,4245,3689,556
2021,Greenwich 012,E02000324,3498,1092,374,718,2406,2001,405
2021,Greenwich 014,E02000326,4342,1134,424,710,3208,2685,523
2021,Greenwich 015,E02000327,3041,805,293,512,2236,1828,408
2021,Greenwich 016,E02000328,3483,793,318,475,2690,2036,654
2021,Greenwich 017,E02000329,2968,880,332,548,2088,1785,303
2021,Greenwich 019,E02000331,3860,1078,377,701,2782,2383,399
2021,Greenwich 020,E02000332,3697,1007,363,644,2690,2259,431
2021,Greenwich 021,E02000333,3319,741,283,458,2578,1948,630
2021,Greenwich 022,E02000334,3183,880,321,559,2303,1941,362
2021,Greenwich 023,E02000335,3300,901,303,598,2399,2013,386
2021,Greenwich 025,E02000337,3851,1149,373,776,2702,2321,381
2021,Greenwich 027,E02000339,2975,874,324,550,2101,1686,415
2021,Greenwich 028,E02000340,3348,893,338,555,2455,2024,431
2021,Greenwich 029,E02000341,3430,1081,394,687,2349,2026,323
2021,Greenwich 030,E02000342,2895,863,348,515,2032,1744,288
2021,Greenwich 031,E02000343,3210,885,304,581,2325,1980,345
2021,Greenwich 032,E02000344,3100,821,282,539,2279,1923,356
2021,Hackney 001,E02000345,3221,2005,500,1505,1216,994,222
2021,Hackney 002,E02000346,4542,1231,466,765,3311,2731,580
2021,Hackney 003,E02000347,3224,1737,475,1262,1487,1254,233
2021,Hackney 004,E02000348,2975,1723,447,1276,1252,1052,200
2021,Hackney 006,E02000350,5465,1833,637,1196,3632,3040,592
2021,Hackney 007,E02000351,5557,1247,513,734,4310,3521,789
2021,Hackney 008,E02000352,3425,1024,348,676,2401,1961,440
2021,Hackney 009,E02000353,4514,1177,450,727,3337,2623,714
2021,Hackney 010,E02000354,4944,1499,554,945,3445,2795,650
2021,Hackney 011,E02000355,4499,1223,487,736,3276,2722,554
2021,Hackney 012,E02000356,4280,1023,363,660,3257,2606,651
2021,Hackney 013,E02000357,2886,1044,404,640,1842,1584,258
2021,Hackney 014,E02000358,6330,1684,640,1044,4646,3802,844
2021,Hackney 015,E02000359,3380,999,371,628,2381,1946,435
2021,Hackney 016,E02000360,5488,1695,620,1075,3793,3162,631
2021,Hackney 017,E02000361,4822,1264,483,781,3558,2917,641
2021,Hackney 018,E02000362,3538,1023,414,609,2515,2113,402
2021,Hackney 019,E02000363,5108,1719,594,1125,3389,2897,492
2021,Hackney 020,E02000364,5163,1315,494,821,3848,2983,865
2021,Hackney 022,E02000366,4067,1191,452,739,2876,2333,543
2021,Hackney 023,E02000367,6388,1426,529,897,4962,3952,1010
2021,Hackney 024,E02000368,4814,1329,474,855,3485,2889,596
2021,Hackney 025,E02000369,7584,1812,691,1121,5772,4532,1240
2021,Hackney 026,E02000370,4810,1142,399,743,3668,2714,954
2021,Hammersmith and Fulham 001,E02000372,4614,1248,486,762,3366,2820,546
2021,Hammersmith and Fulham 002,E02000373,2941,1066,385,681,1875,1634,241
2021,Hammersmith and Fulham 003,E02000374,3340,889,352,537,2451,1972,479
2021,Hammersmith and Fulham 004,E02000375,3924,1046,431,615,2878,2213,665
2021,Hammersmith and Fulham 005,E02000376,3899,829,312,517,3070,2478,592
2021,Hammersmith and Fulham 006,E02000377,4170,1128,464,664,3042,2379,663
2021,Hammersmith and Fulham 007,E02000378,3732,793,318,475,2939,2248,691
2021,Hammersmith and Fulham 008,E02000379,3764,959,415,544,2805,2119,686
2021,Hammersmith and Fulham 009,E02000380,3029,687,300,387,2342,1699,643
2021,Hammersmith and Fulham 010,E02000381,4129,916,381,535,3213,2344,869
2021,Hammersmith and Fulham 011,E02000382,3324,798,347,451,2526,1907,619
2021,Hammersmith and Fulham 012,E02000383,4553,1091,463,628,3462,2717,745
2021,Hammersmith and Fulham 013,E02000384,4328,1074,424,650,3254,2600,654
2021,Hammersmith and Fulham 014,E02000385,3577,642,300,342,2935,2248,687
2021,Hammersmith and Fulham 015,E02000386,3829,1030,445,585,2799,2230,569
2021,Hammersmith and Fulham 016,E02000387,3218,765,329,436,2453,2010,443
2021,Hammersmith and Fulham 017,E02000388,5026,939,406,533,4087,2928,1159
2021,Hammersmith and Fulham 018,E02000389,4693,984,452,532,3709,2684,1025
2021,Hammersmith and Fulham 019,E02000390,3530,766,326,440,2764,1981,783
2021,Hammersmith and Fulham 020,E02000391,4066,841,372,469,3225,2070,1155
2021,Hammersmith and Fulham 021,E02000392,5157,994,436,558,4163,2869,1294
2021,Hammersmith and Fulham 022,E02000393,3506,613,285,328,2893,1989,904
2021,Hammersmith and Fulham 023,E02000394,5065,1076,441,635,3989,2917,1072
2021,Hammersmith and Fulham 024,E02000395,3182,644,291,353,2538,1709,829
2021,Hammersmith and Fulham 025,E02000396,3499,785,333,452,2714,1843,871
2021,Haringey 001,E02000397,4180,1449,576,873,2731,2317,414
2021,Haringey 002,E02000398,2986,1215,394,821,1771,1522,249
2021,Haringey 004,E02000400,3900,1287,508,779,2613,2134,479
2021,Haringey 005,E02000401,2924,1099,362,737,1825,1607,218
2021,Haringey 006,E02000402,2757,1089,345,744,1668,1492,176
2021,Haringey 007,E02000403,3982,1245,486,759,2737,2353,384
2021,Haringey 008,E02000404,3366,1214,468,746,2152,1850,302
2021,Haringey 009,E02000405,3292,962,413,549,2330,1763,567
2021,Haringey 010,E02000406,3426,1217,475,742,2209,1893,316
2021,Haringey 011,E02000407,3651,1345,464,881,2306,1976,330
2021,Haringey 012,E02000408,3631,1380,489,891,2251,1944,307
2021,Haringey 013,E02000409,2812,994,359,635,1818,1589,229
2021,Haringey 014,E02000410,3420,1003,433,570,2417,1863,554
2021,Haringey 015,E02000411,5585,1835,688,1147,3750,3215,535
2021,Haringey 016,E02000412,3776,1288,497,791,2488,2132,356
2021,Haringey 017,E02000413,3833,1089,443,646,2744,2117,627
2021,Haringey 018,E02000414,3736,1194,445,749,2542,2182,360
2021,Haringey 019,E02000415,3780,1292,515,777,2488,2104,384
2021,Haringey 020,E02000416,4690,1258,452,806,3432,2834,598
2021,Haringey 021,E02000417,3533,1046,463,583,2487,1885,602
2021,Haringey 022,E02000418,2829,764,351,413,2065,1552,513
2021,Haringey 023,E02000419,4996,1377,527,850,3619,3063,556
2021,Haringey 024,E02000420,4270,1451,551,900,2819,2363,456
2021,Haringey 025,E02000421,4076,1511,589,922,2565,2161,404
2021,Haringey 026,E02000422,3562,1255,464,791,2307,1967,340
2021,Haringey 027,E02000423,3928,1195,466,729,2733,2327,406
2021,Haringey 028,E02000424,3845,984,398,586,2861,2236,625
2021,Haringey 029,E02000425,3118,1775,433,1342,1343,1137,206
2021,Haringey 030,E02000426,3298,850,396,454,2448,1770,678
2021,Haringey 031,E02000427,4017,1124,452,672,2893,2425,468
2021,Haringey 032,E02000428,4269,1615,536,1079,2654,2269,385
2021,Haringey 033,E02000429,3816,915,402,513,2901,2243,658
2021,Haringey 034,E02000430,4281,1020,449,571,3261,2564,697
2021,Haringey 035,E02000431,3654,827,377,450,2827,2096,731
2021,Haringey 036,E02000432,3747,871,344,527,2876,2311,565
2021,Harrow 001,E02000433,3892,1162,454,708,2730,2121,609
2021,Harrow 002,E02000434,4903,1432,565,867,3471,2814,657
2021,Harrow 003,E02000435,3584,1132,472,660,2452,1938,514
2021,Harrow 004,E02000436,2787,858,339,519,1929,1509,420
2021,Harrow 005,E02000437,3979,1240,462,778,2739,2293,446
2021,Harrow 006,E02000438,3757,1154,415,739,2603,2173,430
2021,Harrow 007,E02000439,4473,1314,496,818,3159,2651,508
2021,Harrow 008,E02000440,4796,1375,543,832,3421,2778,643
2021,Harrow 009,E02000441,3410,1005,392,613,2405,1937,468
2021,Harrow 010,E02000442,4809,1499,546,953,3310,2729,581
2021,Harrow 011,E02000443,4821,1496,568,928,3325,2891,434
2021,Harrow 012,E02000444,4162,1194,449,745,2968,2446,522
2021,Harrow 013,E02000445,5369,1647,595,1052,3722,3192,530
2021,Harrow 015,E02000447,4058,1140,416,724,2918,2433,485
2021,Harrow 016,E02000448,3236,916,379,537,2320,1812,508
2021,Harrow 017,E02000449,4085,1212,436,776,2873,2426,447
2021,Harrow 019,E02000451,3288,829,334,495,2459,2038,421
2021,Harrow 020,E02000452,4734,1342,542,800,3392,2865,527
2021,Harrow 021,E02000453,4269,1275,483,792,2994,2525,469
2021,Harrow 022,E02000454,3560,996,363,633,2564,2130,434
2021,Harrow 023,E02000455,6085,1357,525,832,4728,3985,743
2021,Harrow 024,E02000456,3968,1116,407,709,2852,2397,455
2021,Harrow 025,E02000457,3424,911,342,569,2513,2083,430
2021,Harrow 027,E02000459,4411,1464,500,964,2947,2479,468
2021,Harrow 028,E02000460,3356,1049,392,657,2307,2049,258
2021,Harrow 029,E02000461,3431,889,356,533,2542,1969,573
2021,Harrow 030,E02000462,3309,1010,356,654,2299,1940,359
2021,Harrow 031,E02000463,3921,1238,412,826,2683,2374,309
2021,Havering 001,E02000464,3530,1068,369,699,2462,2108,354
2021,Havering 002,E02000465,4411,1314,418,896,3097,2700,397
2021,Havering 003,E02000466,4038,1257,429,828,2781,2397,384
2021,Havering 004,E02000467,4774,1511,483,1028,3263,2823,440
2021,Havering 005,E02000468,3955,1228,428,800,2727,2350,377
2021,Havering 006,E02000469,3231,976,360,616,2255,1940,315
2021,Havering 007,E02000470,5006,1232,415,817,3774,3179,595
2021,Havering 008,E02000471,3689,1127,426,701,2562,2120,442
2021,Havering 009,E02000472,4539,1312,484,828,3227,2775,452
2021,Havering 010,E02000473,5254,1416,534,882,3838,3229,609
2021,Havering 011,E02000474,4343,1239,418,821,3104,2712,392
2021,Havering 012,E02000475,4694,1244,468,776,3450,2803,647
2021,Havering 013,E02000476,4748,1194,414,780,3554,3054,500
2021,Havering 014,E02000477,4805,1312,478,834,3493,2912,581
2021,Havering 015,E02000478,2739,861,372,489,1878,1479,399
2021,Havering 016,E02000479,4806,1299,443,856,3507,3064,443
2021,Havering 017,E02000480,6642,1821,684,1137,4821,4256,565
2021,Havering 018,E02000481,3834,1107,419,688,2727,2331,396
2021,Havering 019,E02000482,3021,804,337,467,2217,1784,433
2021,Havering 020,E02000483,3862,1041,392,649,2821,2408,413
2021,Havering 021,E02000484,4293,1208,464,744,3085,2656,429
2021,Havering 022,E02000485,4265,1062,388,674,3203,2703,500
2021,Havering 023,E02000486,3586,941,319,622,2645,2281,364
2021,Havering 024,E02000487,3629,1074,430,644,2555,2068,487
2021,Havering 025,E02000488,3755,1018,365,653,2737,2377,360
2021,Havering 026,E02000489,4124,1147,405,742,2977,2615,362
2021,Havering 027,E02000490,4001,1111,358,753,2890,2512,378
2021,Havering 028,E02000491,4889,1493,521,972,3396,2959,437
2021,Havering 029,E02000492,3204,914,322,592,2290,1958,332
2021,Havering 030,E02000493,3109,878,294,584,2231,1947,284
2021,Hillingdon 001,E02000494,3698,1032,470,562,2666,2040,626
2021,Hillingdon 002,E02000495,5077,1398,557,841,3679,3017,662
2021,Hillingdon 003,E02000496,3860,1056,393,663,2804,2353,451
2021,Hillingdon 004,E02000497,4597,1215,474,741,3382,2834,548
2021,Hillingdon 005,E02000498,2985,809,291,518,2176,1821,355
2021,Hillingdon 006,E02000499,3715,974,343,631,2741,2346,395
2021,Hillingdon 007,E02000500,4068,1065,408,657,3003,2397,606
2021,Hillingdon 008,E02000501,4315,1138,368,770,3177,2729,448
2021,Hillingdon 009,E02000502,4601,1159,460,699,3442,2887,555
2021,Hillingdon 010,E02000503,4620,1161,412,749,3459,2949,510
2021,Hillingdon 011,E02000504,3771,1005,363,642,2766,2273,493
2021,Hillingdon 013,E02000506,3891,1033,410,623,2858,2395,463
2021,Hillingdon 014,E02000507,4019,1044,368,676,2975,2593,382
2021,Hillingdon 015,E02000508,5550,1403,605,798,4147,3570,577
2021,Hillingdon 016,E02000509,4299,1365,627,738,2934,2490,444
2021,Hillingdon 017,E02000510,4384,1202,449,753,3182,2756,426
2021,Hillingdon 018,E02000511,4696,1391,459,932,3305,2869,436
2021,Hillingdon 019,E02000512,3910,1146,400,746,2764,2403,361
2021,Hillingdon 020,E02000513,3980,1347,411,936,2633,2349,284
2021,Hillingdon 021,E02000514,4564,1530,505,1025,3034,2692,342
2021,Hillingdon 022,E02000515,6365,1677,620,1057,4688,4076,612
2021,Hillingdon 023,E02000516,3830,1232,433,799,2598,2314,284
2021,Hillingdon 024,E02000517,4499,1436,449,987,3063,2691,372
2021,Hillingdon 025,E02000518,4226,1190,392,798,3036,2644,392
2021,Hillingdon 026,E02000519,3898,1287,437,850,2611,2293,318
2021,Hillingdon 027,E02000520,6143,1894,661,1233,4249,3748,501
2021,Hillingdon 028,E02000521,6103,1661,596,1065,4442,3866,576
2021,Hillingdon 029,E02000522,4436,1223,442,781,3213,2784,429
2021,Hillingdon 030,E02000523,5398,1687,598,1089,3711,3298,413
2021,Hillingdon 031,E02000524,3768,1057,405,652,2711,2360,351
2021,Hillingdon 032,E02000525,4566,1488,544,944,3078,2725,353
2021,Hounslow 001,E02000526,4695,1110,522,588,3585,2614,971
2021,Hounslow 004,E02000529,4203,1419,528,891,2784,2489,295
2021,Hounslow 005,E02000530,3246,1310,462,848,1936,1706,230
2021,Hounslow 006,E02000531,6088,1572,640,932,4516,3724,792
2021,Hounslow 007,E02000532,4438,1159,483,676,3279,2395,884
2021,Hounslow 008,E02000533,4349,1103,526,577,3246,2456,790
2021,Hounslow 009,E02000534,4414,1162,458,704,3252,2748,504
2021,Hounslow 010,E02000535,4500,1443,507,936,3057,2729,328
2021,Hounslow 011,E02000536,4915,1555,606,949,3360,3010,350
2021,Hounslow 012,E02000537,5009,1562,640,922,3447,2985,462
2021,Hounslow 013,E02000538,4715,1471,516,955,3244,2916,328
2021,Hounslow 014,E02000539,6263,1616,609,1007,4647,3976,671
2021,Hounslow 015,E02000540,5974,1647,632,1015,4327,3744,583
2021,Hounslow 016,E02000541,4787,1533,562,971,3254,2878,376
2021,Hounslow 017,E02000542,5559,1793,696,1097,3766,3384,382
2021,Hounslow 018,E02000543,6887,1969,798,1171,4918,4432,486
2021,Hounslow 019,E02000544,4305,1255,463,792,3050,2658,392
2021,Hounslow 020,E02000545,4272,1254,459,795,3018,2525,493
2021,Hounslow 021,E02000546,4817,1499,613,886,3318,2915,403
2021,Hounslow 022,E02000547,5081,1488,550,938,3593,3204,389
2021,Hounslow 023,E02000548,4923,1510,568,942,3413,2994,419
2021,Hounslow 024,E02000549,6138,1802,674,1128,4336,3816,520
2021,Hounslow 025,E02000550,5206,1448,510,938,3758,3363,395
2021,Hounslow 026,E02000551,4324,1501,532,969,2823,2498,325
2021,Hounslow 027,E02000552,4597,1234,453,781,3363,2940,423
2021,Hounslow 028,E02000553,3294,1039,388,651,2255,1923,332
2021,Islington 001,E02000554,4532,1280,517,763,3252,2759,493
2021,Islington 002,E02000555,4917,1323,532,791,3594,2889,705
2021,Islington 003,E02000556,6476,1501,623,878,4975,4044,931
2021,Islington 004,E02000557,4765,1278,516,762,3487,2871,616
2021,Islington 005,E02000558,4046,1301,507,794,2745,2346,399
2021,Islington 006,E02000559,5603,1117,458,659,4486,3382,1104
2021,Islington 007,E02000560,4342,996,432,564,3346,2745,601
2021,Islington 008,E02000561,4150,998,428,570,3152,2411,741
2021,Islington 009,E02000562,4325,997,402,595,3328,2537,791
2021,Islington 010,E02000563,4210,1165,462,703,3045,2520,525
2021,Islington 011,E02000564,7365,1414,568,846,5951,4719,1232
2021,Islington 012,E02000565,4425,1225,482,743,3200,2536,664
2021,Islington 013,E02000566,4994,997,413,584,3997,2910,1087
2021,Islington 014,E02000567,5947,1190,457,733,4757,3548,1209
2021,Islington 015,E02000568,5226,1283,537,746,3943,3173,770
2021,Islington 016,E02000569,5046,1125,457,668,3921,2906,1015
2021,Islington 017,E02000570,4935,948,425,523,3987,2632,1355
2021,Islington 018,E02000571,4668,1019,399,620,3649,2700,949
2021,Islington 019,E02000572,3894,1228,494,734,2666,2195,471
2021,Islington 020,E02000573,6065,1098,466,632,4967,3322,1645
2021,Islington 021,E02000574,4072,925,408,517,3147,2322,825
2021,Islington 022,E02000575,5761,1232,553,679,4529,3191,1338
2021,Islington 023,E02000576,5204,1254,490,764,3950,2823,1127
2021,Kensington and Chelsea 001,E02000577,3350,1200,453,747,2150,1769,381
2021,Kensington and Chelsea 002,E02000578,2303,824,299,525,1479,1225,254
2021,Kensington and Chelsea 003,E02000579,4355,1237,489,748,3118,2331,787
2021,Kensington and Chelsea 004,E02000580,4039,1143,474,669,2896,2097,799
2021,Kensington and Chelsea 005,E02000581,2934,1021,409,612,1913,1566,347
2021,Kensington and Chelsea 006,E02000582,3519,797,363,434,2722,1635,1087
2021,Kensington and Chelsea 007,E02000583,3447,813,352,461,2634,1544,1090
2021,Kensington and Chelsea 008,E02000584,3616,847,414,433,2769,1564,1205
2021,Kensington and Chelsea 009,E02000585,3848,922,399,523,2926,1952,974
2021,Kensington and Chelsea 010,E02000586,3054,671,304,367,2383,1339,1044
2021,Kensington and Chelsea 011,E02000587,3255,761,327,434,2494,1495,999
2021,Kensington and Chelsea 012,E02000588,2971,654,328,326,2317,1199,1118
2021,Kensington and Chelsea 013,E02000589,3645,716,332,384,2929,1779,1150
2021,Kensington and Chelsea 014,E02000590,2774,761,322,439,2013,1347,666
2021,Kensington and Chelsea 015,E02000591,3023,748,352,396,2275,1559,716
2021,Kensington and Chelsea 016,E02000592,3056,625,283,342,2431,1273,1158
2021,Kensington and Chelsea 017,E02000593,3724,767,346,421,2957,1811,1146
2021,Kensington and Chelsea 018,E02000594,3261,819,382,437,2442,1426,1016
2021,Kensington and Chelsea 019,E02000595,2961,646,307,339,2315,1294,1021
2021,Kensington and Chelsea 020,E02000596,3565,775,318,457,2790,1615,1175
2021,Kensington and Chelsea 021,E02000597,2738,858,357,501,1880,1333,547
2021,Kingston upon Thames 001,E02000598,3833,1153,484,669,2680,2096,584
2021,Kingston upon Thames 002,E02000599,3018,998,421,577,2020,1441,579
2021,Kingston upon Thames 003,E02000600,4210,1123,454,669,3087,2507,580
2021,Kingston upon Thames 004,E02000601,6030,1455,579,876,4575,3660,915
2021,Kingston upon Thames 005,E02000602,4728,1467,636,831,3261,2773,488
2021,Kingston upon Thames 006,E02000603,3995,1272,487,785,2723,2310,413
2021,Kingston upon Thames 007,E02000604,4645,1370,552,818,3275,2718,557
2021,Kingston upon Thames 008,E02000605,4057,1187,467,720,2870,2326,544
2021,Kingston upon Thames 009,E02000606,5846,1451,654,797,4395,3555,840
2021,Kingston upon Thames 010,E02000607,3365,914,388,526,2451,2001,450
2021,Kingston upon Thames 011,E02000608,4314,937,416,521,3377,2760,617
2021,Kingston upon Thames 012,E02000609,3449,1140,455,685,2309,1903,406
2021,Kingston upon Thames 013,E02000610,4458,1040,419,621,3418,2824,594
2021,Kingston upon Thames 014,E02000611,3507,1025,386,639,2482,2026,456
2021,Kingston upon Thames 015,E02000612,4026,1136,455,681,2890,2395,495
2021,Kingston upon Thames 016,E02000613,4127,1035,380,655,3092,2522,570
2021,Kingston upon Thames 017,E02000614,4701,1494,491,1003,3207,2731,476
2021,Kingston upon Thames 018,E02000615,4048,1196,454,742,2852,2462,390
2021,Kingston upon Thames 019,E02000616,3299,893,276,617,2406,2084,322
2021,Kingston upon Thames 020,E02000617,4491,1346,437,909,3145,2711,434
2021,Lambeth 002,E02000619,4632,1224,474,750,3408,2788,620
2021,Lambeth 003,E02000620,5591,1307,522,785,4284,3345,939
2021,Lambeth 004,E02000621,7509,1482,593,889,6027,4693,1334
2021,Lambeth 005,E02000622,5101,1032,422,610,4069,3279,790
2021,Lambeth 006,E02000623,4254,1194,454,740,3060,2600,460
2021,Lambeth 007,E02000624,5689,1202,486,716,4487,3616,871
2021,Lambeth 008,E02000625,5203,1395,537,858,3808,3186,622
2021,Lambeth 009,E02000626,4169,1417,515,902,2752,2375,377
2021,Lambeth 010,E02000627,5775,1323,535,788,4452,3584,868
2021,Lambeth 011,E02000628,5894,1668,612,1056,4226,3553,673
2021,Lambeth 012,E02000629,6062,1042,398,644,5020,3868,1152
2021,Lambeth 013,E02000630,4829,763,323,440,4066,2994,1072
2021,Lambeth 014,E02000631,5563,1309,526,783,4254,3435,819
2021,Lambeth 015,E02000632,7125,973,382,591,6152,4854,1298
2021,Lambeth 016,E02000633,5257,1217,469,748,4040,3372,668
2021,Lambeth 017,E02000634,4037,765,316,449,3272,2594,678
2021,Lambeth 018,E02000635,6069,1292,515,777,4777,3847,930
2021,Lambeth 019,E02000636,5021,770,323,447,4251,3038,1213
2021,Lambeth 020,E02000637,5631,1120,436,684,4511,3590,921
2021,Lambeth 021,E02000638,5749,1451,560,891,4298,3609,689
2021,Lambeth 022,E02000639,4712,1289,514,775,3423,2872,551
2021,Lambeth 023,E02000640,5719,964,388,576,4755,3616,1139
2021,Lambeth 024,E02000641,4150,1318,500,818,2832,2415,417
2021,Lambeth 025,E02000642,5346,1331,473,858,4015,3217,798
2021,Lambeth 026,E02000643,5560,1255,497,758,4305,3444,861
2021,Lambeth 027,E02000644,4874,1205,466,739,3669,3048,621
2021,Lambeth 028,E02000645,5172,1331,514,817,3841,3098,743
2021,Lambeth 029,E02000646,5600,1346,553,793,4254,3410,844
2021,Lambeth 030,E02000647,4485,1289,489,800,3196,2574,622
2021,Lambeth 031,E02000648,3663,1064,422,642,2599,2245,354
2021,Lambeth 032,E02000649,7434,1807,708,1099,5627,4640,987
2021,Lambeth 033,E02000650,4002,1052,377,675,2950,2426,524
2021,Lambeth 034,E02000651,4803,1296,501,795,3507,2863,644
2021,Lambeth 035,E02000652,3886,1155,424,731,2731,2378,353
2021,Lewisham 001,E02000653,7156,1614,619,995,5542,4642,900
2021,Lewisham 002,E02000654,4286,1357,504,853,2929,2554,375
2021,Lewisham 003,E02000655,5359,1558,592,966,3801,3314,487
2021,Lewisham 005,E02000657,5142,1557,615,942,3585,2939,646
2021,Lewisham 006,E02000658,4813,1429,598,831,3384,2875,509
2021,Lewisham 007,E02000659,4388,1063,410,653,3325,2666,659
2021,Lewisham 008,E02000660,4953,1284,470,814,3669,3067,602
2021,Lewisham 009,E02000661,3568,880,347,533,2688,2144,544
2021,Lewisham 010,E02000662,4411,1305,436,869,3106,2632,474
2021,Lewisham 011,E02000663,3779,984,353,631,2795,2305,490
2021,Lewisham 013,E02000665,4318,1140,415,725,3178,2548,630
2021,Lewisham 014,E02000666,3821,1094,431,663,2727,2290,437
2021,Lewisham 015,E02000667,3671,990,344,646,2681,2181,500
2021,Lewisham 016,E02000668,3409,937,388,549,2472,2042,430
2021,Lewisham 017,E02000669,4297,1135,407,728,3162,2637,525
2021,Lewisham 018,E02000670,3410,1073,386,687,2337,1973,364
2021,Lewisham 019,E02000671,4891,1280,473,807,3611,3008,603
2021,Lewisham 020,E02000672,5340,1513,537,976,3827,3266,561
2021,Lewisham 021,E02000673,4692,1189,450,739,3503,2844,659
2021,Lewisham 022,E02000674,4215,1204,443,761,3011,2570,441
2021,Lewisham 023,E02000675,4287,1205,419,786,3082,2612,470
2021,Lewisham 024,E02000676,4360,1140,393,747,3220,2681,539
2021,Lewisham 025,E02000677,3588,1051,397,654,2537,2177,360
2021,Lewisham 026,E02000678,3136,1003,321,682,2133,1851,282
2021,Lewisham 027,E02000679,4118,1172,420,752,2946,2489,457
2021,Lewisham 028,E02000680,3536,1015,363,652,2521,2114,407
2021,Lewisham 029,E02000681,3933,1230,410,820,2703,2373,330
2021,Lewisham 030,E02000682,3840,1364,447,917,2476,2179,297
2021,Lewisham 031,E02000683,3218,1006,336,670,2212,1898,314
2021,Lewisham 033,E02000685,4054,1198,440,758,2856,2425,431
2021,Lewisham 034,E02000686,3344,1141,378,763,2203,1951,252
2021,Lewisham 035,E02000687,4230,1224,448,776,3006,2599,407
2021,Merton 001,E02000689,4917,1031,429,602,3886,2918,968
2021,Merton 002,E02000690,2322,662,319,343,1660,1073,587
2021,Merton 003,E02000691,4226,905,381,524,3321,2507,814
2021,Merton 004,E02000692,4205,825,371,454,3380,2458,922
2021,Merton 005,E02000693,6225,1287,506,781,4938,4137,801
2021,Merton 006,E02000694,5402,1065,403,662,4337,3381,956
2021,Merton 007,E02000695,4565,1387,501,886,3178,2671,507
2021,Merton 008,E02000696,4898,1344,490,854,3554,3036,518
2021,Merton 009,E02000697,5423,1085,456,629,4338,3359,979
2021,Merton 010,E02000698,3956,1047,469,578,2909,2034,875
2021,Merton 011,E02000699,4496,1034,435,599,3462,2690,772
2021,Merton 012,E02000700,4321,1392,535,857,2929,2529,400
2021,Merton 013,E02000701,4531,1512,514,998,3019,2631,388
2021,Merton 014,E02000702,4353,1366,478,888,2987,2563,424
2021,Merton 015,E02000703,3960,1131,424,707,2829,2222,607
2021,Merton 016,E02000704,4761,1088,423,665,3673,3006,667
2021,Merton 017,E02000705,4728,1406,560,846,3322,2828,494
2021,Merton 018,E02000706,4678,1579,563,1016,3099,2706,393
2021,Merton 019,E02000707,3844,1320,463,857,2524,2217,307
2021,Merton 020,E02000708,4617,1252,474,778,3365,2746,619
2021,Merton 021,E02000709,3918,1128,440,688,2790,2327,463
2021,Merton 022,E02000710,4342,1405,512,893,2937,2534,403
2021,Merton 023,E02000711,4829,1469,510,959,3360,2944,416
2021,Merton 024,E02000712,4589,1458,517,941,3131,2688,443
2021,Merton 025,E02000713,3959,1118,397,721,2841,2464,377
2021,Newham 001,E02000714,3712,1181,448,733,2531,2150,381
2021,Newham 002,E02000715,2703,1171,376,795,1532,1330,202
2021,Newham 003,E02000716,3041,1221,417,804,1820,1536,284
2021,Newham 004,E02000717,3252,1415,477,938,1837,1625,212
2021,Newham 005,E02000718,2781,1170,386,784,1611,1419,192
2021,Newham 006,E02000719,4075,1270,501,769,2805,2405,400
2021,Newham 007,E02000720,3307,1270,472,798,2037,1728,309
2021,Newham 008,E02000721,3785,1524,535,989,2261,1980,281
2021,Newham 009,E02000722,4206,1336,507,829,2870,2422,448
2021,Newham 010,E02000723,4747,1786,614,1172,2961,2638,323
2021,Newham 011,E02000724,3859,1552,558,994,2307,2019,288
2021,Newham 012,E02000725,5299,1497,570,927,3802,3212,590
2021,Newham 014,E02000727,3339,1362,440,922,1977,1723,254
2021,Newham 015,E02000728,3785,1482,486,996,2303,1930,373
2021,Newham 016,E02000729,3304,1076,353,723,2228,1888,340
2021,Newham 017,E02000730,4097,1539,564,975,2558,2212,346
2021,Newham 018,E02000731,3990,1555,553,1002,2435,2111,324
2021,Newham 019,E02000732,3540,1364,440,924,2176,1875,301
2021,Newham 020,E02000733,4828,1573,593,980,3255,2815,440
2021,Newham 021,E02000734,3469,1137,422,715,2332,2012,320
2021,Newham 022,E02000735,3722,1407,476,931,2315,2014,301
2021,Newham 023,E02000736,3645,1448,481,967,2197,1952,245
2021,Newham 024,E02000737,4338,1592,566,1026,2746,2432,314
2021,Newham 025,E02000738,4395,1428,513,915,2967,2550,417
2021,Newham 026,E02000739,3572,1201,399,802,2371,2019,352
2021,Newham 027,E02000740,3238,1128,416,712,2110,1819,291
2021,Newham 028,E02000741,3649,1214,408,806,2435,2083,352
2021,Newham 029,E02000742,3695,1291,413,878,2404,2086,318
2021,Newham 030,E02000743,4808,1527,543,984,3281,2796,485
2021,Newham 031,E02000744,4287,1355,463,892,2932,2473,459
2021,Newham 032,E02000745,4167,1341,449,892,2826,2457,369
2021,Newham 033,E02000746,4609,1354,505,849,3255,2798,457
2021,Newham 034,E02000747,7399,1551,620,931,5848,4853,995
2021,Newham 035,E02000748,3086,1022,371,651,2064,1769,295
2021,Newham 036,E02000749,4336,1411,470,941,2925,2555,370
2021,Redbridge 001,E02000751,5181,1443,602,841,3738,2912,826
2021,Redbridge 002,E02000752,4240,1284,456,828,2956,2518,438
2021,Redbridge 003,E02000753,3246,1022,343,679,2224,1903,321
2021,Redbridge 004,E02000754,3498,927,354,573,2571,2175,396
2021,Redbridge 005,E02000755,2817,833,296,537,1984,1678,306
2021,Redbridge 006,E02000756,7081,2129,827,1302,4952,4159,793
2021,Redbridge 007,E02000757,6639,1631,678,953,5008,4032,976
2021,Redbridge 008,E02000758,3069,1064,419,645,2005,1668,337
2021,Redbridge 009,E02000759,6554,1804,666,1138,4750,3938,812
2021,Redbridge 010,E02000760,3368,1095,413,682,2273,1952,321
2021,Redbridge 012,E02000762,3109,984,401,583,2125,1763,362
2021,Redbridge 013,E02000763,3841,1208,436,772,2633,2230,403
2021,Redbridge 014,E02000764,6410,1641,688,953,4769,3736,1033
2021,Redbridge 015,E02000765,3455,1111,419,692,2344,2011,333
2021,Redbridge 017,E02000767,3987,1217,430,787,2770,2446,324
2021,Redbridge 018,E02000768,2861,732,278,454,2129,1675,454
2021,Redbridge 020,E02000770,3662,1215,429,786,2447,2109,338
2021,Redbridge 022,E02000772,3541,1154,399,755,2387,2090,297
2021,Redbridge 023,E02000773,4551,1566,568,998,2985,2586,399
2021,Redbridge 024,E02000774,3425,1263,457,806,2162,1903,259
2021,Redbridge 026,E02000776,3089,1066,374,692,2023,1747,276
2021,Redbridge 027,E02000777,2842,777,314,463,2065,1644,421
2021,Redbridge 029,E02000779,3514,1346,485,861,2168,1899,269
2021,Redbridge 031,E02000781,6929,2434,880,1554,4495,3902,593
2021,Redbridge 032,E02000782,4584,1649,566,1083,2935,2595,340
2021,Redbridge 033,E02000783,2837,1147,363,784,1690,1467,223
2021,Richmond upon Thames 001,E02000784,4715,1333,596,737,3382,2223,1159
2021,Richmond upon Thames 002,E02000785,5043,1123,527,596,3920,2782,1138
2021,Richmond upon Thames 003,E02000786,5979,1488,649,839,4491,3193,1298
2021,Richmond upon Thames 004,E02000787,6259,1461,612,849,4798,3686,1112
2021,Richmond upon Thames 005,E02000788,4588,1246,528,718,3342,2377,965
2021,Richmond upon Thames 006,E02000789,3196,716,313,403,2480,1769,711
2021,Richmond upon Thames 007,E02000790,3591,852,353,499,2739,2016,723
2021,Richmond upon Thames 008,E02000791,3430,756,352,404,2674,1851,823
2021,Richmond upon Thames 009,E02000792,3683,939,403,536,2744,1980,764
2021,Richmond upon Thames 010,E02000793,3996,1140,436,704,2856,2386,470
2021,Richmond upon Thames 011,E02000794,3722,843,362,481,2879,2208,671
2021,Richmond upon Thames 012,E02000795,3060,919,390,529,2141,1482,659
2021,Richmond upon Thames 013,E02000796,5045,1579,586,993,3466,2931,535
2021,Richmond upon Thames 014,E02000797,4369,971,401,570,3398,2630,768
2021,Richmond upon Thames 015,E02000798,5668,1534,630,904,4134,3305,829
2021,Richmond upon Thames 016,E02000799,3046,928,464,464,2118,1573,545
2021,Richmond upon Thames 017,E02000800,2435,830,326,504,1605,1309,296
2021,Richmond upon Thames 018,E02000801,3661,988,405,583,2673,2044,629
2021,Richmond upon Thames 019,E02000802,3599,994,382,612,2605,2031,574
2021,Richmond upon Thames 020,E02000803,4481,1343,537,806,3138,2568,570
2021,Richmond upon Thames 021,E02000804,3642,945,412,533,2697,2040,657
2021,Richmond upon Thames 022,E02000805,5327,1522,667,855,3805,2893,912
2021,Richmond upon Thames 023,E02000806,5026,1419,549,870,3607,2769,838
2021,Southwark 001,E02000807,5390,922,354,568,4468,3556,912
2021,Southwark 002,E02000808,5560,1011,474,537,4549,3114,1435
2021,Southwark 004,E02000810,6698,1485,558,927,5213,4111,1102
2021,Southwark 006,E02000812,5516,1344,553,791,4172,3241,931
2021,Southwark 007,E02000813,5681,1345,538,807,4336,3495,841
2021,Southwark 008,E02000814,6553,1192,496,696,5361,4281,1080
2021,Southwark 009,E02000815,4229,964,418,546,3265,2538,727
2021,Southwark 010,E02000816,5028,1300,506,794,3728,3114,614
2021,Southwark 011,E02000817,3220,902,319,583,2318,1991,327
2021,Southwark 012,E02000818,5464,1281,501,780,4183,3310,873
2021,Southwark 013,E02000819,4064,1228,481,747,2836,2434,402
2021,Southwark 014,E02000820,4891,1152,477,675,3739,3033,706
2021,Southwark 015,E02000821,4470,1769,847,922,2701,2337,364
2021,Southwark 016,E02000822,3282,1008,390,618,2274,1973,301
2021,Southwark 017,E02000823,4639,1310,527,783,3329,2792,537
2021,Southwark 018,E02000824,4662,1651,647,1004,3011,2590,421
2021,Southwark 019,E02000825,4805,1560,558,1002,3245,2803,442
2021,Southwark 020,E02000826,5262,1521,561,960,3741,3186,555
2021,Southwark 021,E02000827,5984,1819,693,1126,4165,3566,599
2021,Southwark 022,E02000828,4589,1417,548,869,3172,2706,466
2021,Southwark 023,E02000829,5829,1583,566,1017,4246,3518,728
2021,Southwark 024,E02000830,5454,1259,544,715,4195,3302,893
2021,Southwark 025,E02000831,5556,1339,503,836,4217,3354,863
2021,Southwark 026,E02000832,4972,1369,512,857,3603,3068,535
2021,Southwark 027,E02000833,3983,1037,381,656,2946,2546,400
2021,Southwark 028,E02000834,5621,1117,399,718,4504,3545,959
2021,Southwark 029,E02000835,4110,1079,396,683,3031,2471,560
2021,Southwark 030,E02000836,4769,1087,423,664,3682,2759,923
2021,Southwark 031,E02000837,4292,1084,456,628,3208,2250,958
2021,Southwark 032,E02000838,5204,1331,490,841,3873,3084,789
2021,Southwark 033,E02000839,4129,1147,467,680,2982,2355,627
2021,Sutton 001,E02000840,4325,1272,451,821,3053,2687,366
2021,Sutton 002,E02000841,4397,1346,477,869,3051,2693,358
2021,Sutton 003,E02000842,4143,1221,453,768,2922,2537,385
2021,Sutton 004,E02000843,5247,1204,404,800,4043,3550,493
2021,Sutton 005,E02000844,4280,1240,402,838,3040,2646,394
2021,Sutton 006,E02000845,4883,1268,466,802,3615,3048,567
2021,Sutton 007,E02000846,3827,1144,411,733,2683,2327,356
2021,Sutton 008,E02000847,4643,1281,461,820,3362,2826,536
2021,Sutton 009,E02000848,4209,1295,450,845,2914,2509,405
2021,Sutton 010,E02000849,4145,1229,468,761,2916,2530,386
2021,Sutton 011,E02000850,5482,1598,575,1023,3884,3386,498
2021,Sutton 012,E02000851,5967,1547,584,963,4420,3833,587
2021,Sutton 013,E02000852,4282,1187,425,762,3095,2618,477
2021,Sutton 014,E02000853,4138,1126,396,730,3012,2608,404
2021,Sutton 015,E02000854,3929,1062,410,652,2867,2419,448
2021,Sutton 016,E02000855,3985,1198,463,735,2787,2313,474
2021,Sutton 017,E02000856,4689,1289,480,809,3400,2873,527
2021,Sutton 018,E02000857,4693,1123,421,702,3570,3091,479
2021,Sutton 019,E02000858,3669,1212,413,799,2457,2140,317
2021,Sutton 020,E02000859,3862,1143,450,693,2719,2234,485
2021,Sutton 021,E02000860,4453,1124,413,711,3329,2904,425
2021,Sutton 022,E02000861,3640,1086,464,622,2554,2041,513
2021,Sutton 024,E02000863,3272,910,325,585,2362,1946,416
2021,Tower Hamlets 001,E02000864,5766,1412,526,886,4354,3546,808
2021,Tower Hamlets 002,E02000865,3701,1116,388,728,2585,2157,428
2021,Tower Hamlets 003,E02000866,5794,1410,548,862,4384,3489,895
2021,Tower Hamlets 004,E02000867,6575,1409,579,830,5166,4226,940
2021,Tower Hamlets 005,E02000868,3898,1038,422,616,2860,2318,542
2021,Tower Hamlets 006,E02000869,2975,785,311,474,2190,1674,516
2021,Tower Hamlets 007,E02000870,3085,952,355,597,2133,1764,369
2021,Tower Hamlets 008,E02000871,5294,1704,627,1077,3590,3095,495
2021,Tower Hamlets 009,E02000872,4273,1064,427,637,3209,2449,760
2021,Tower Hamlets 010,E02000873,3911,1388,551,837,2523,2091,432
2021,Tower Hamlets 011,E02000874,3265,1060,379,681,2205,1849,356
2021,Tower Hamlets 012,E02000875,6188,1895,683,1212,4293,3586,707
2021,Tower Hamlets 013,E02000876,3535,1024,374,650,2511,2059,452
2021,Tower Hamlets 014,E02000877,6501,1932,709,1223,4569,3777,792
2021,Tower Hamlets 015,E02000878,5144,1334,580,754,3810,2813,997
2021,Tower Hamlets 016,E02000879,3639,1347,509,838,2292,1885,407
2021,Tower Hamlets 017,E02000880,2974,1016,411,605,1958,1633,325
2021,Tower Hamlets 018,E02000881,4810,1482,570,912,3328,2841,487
2021,Tower Hamlets 019,E02000882,4747,1569,581,988,3178,2677,501
2021,Tower Hamlets 020,E02000883,3667,1280,458,822,2387,2047,340
2021,Tower Hamlets 021,E02000884,6508,1538,615,923,4970,3589,1381
2021,Tower Hamlets 022,E02000885,2829,1094,391,703,1735,1495,240
2021,Tower Hamlets 023,E02000886,5307,1253,510,743,4054,3191,863
2021,Tower Hamlets 024,E02000887,4783,1520,531,989,3263,2701,562
2021,Tower Hamlets 025,E02000888,4412,1182,408,774,3230,2517,713
2021,Tower Hamlets 026,E02000889,5135,1050,420,630,4085,3031,1054
2021,Tower Hamlets 027,E02000890,3845,630,249,381,3215,2265,950
2021,Tower Hamlets 030,E02000893,3707,992,379,613,2715,2231,484
2021,Tower Hamlets 031,E02000894,6158,1294,524,770,4864,3951,913
2021,Waltham Forest 001,E02000895,3760,1188,475,713,2572,2211,361
2021,Waltham Forest 002,E02000896,4652,1330,565,765,3322,2761,561
2021,Waltham Forest 003,E02000897,3983,1194,456,738,2789,2369,420
2021,Waltham Forest 004,E02000898,3705,1088,432,656,2617,2213,404
2021,Waltham Forest 005,E02000899,4180,1326,499,827,2854,2404,450
2021,Waltham Forest 006,E02000900,4097,1407,482,925,2690,2308,382
2021,Waltham Forest 007,E02000901,5342,1436,536,900,3906,3263,643
2021,Waltham Forest 008,E02000902,4756,1447,517,930,3309,2879,430
2021,Waltham Forest 009,E02000903,4721,1413,477,936,3308,2855,453
2021,Waltham Forest 010,E02000904,4380,1248,457,791,3132,2639,493
2021,Waltham Forest 011,E02000905,5434,1549,526,1023,3885,3324,561
2021,Waltham Forest 012,E02000906,5042,1456,538,918,3586,3079,507
2021,Waltham Forest 013,E02000907,4729,1549,542,1007,3180,2715,465
2021,Waltham Forest 014,E02000908,7215,1779,642,1137,5436,4683,753
2021,Waltham Forest 015,E02000909,4901,1295,459,836,3606,2960,646
2021,Waltham Forest 016,E02000910,6262,1681,586,1095,4581,3856,725
2021,Waltham Forest 017,E02000911,7049,1896,668,1228,5153,4361,792
2021,Waltham Forest 018,E02000912,4765,1392,513,879,3373,2873,500
2021,Waltham Forest 019,E02000913,4569,1358,543,815,3211,2761,450
2021,Waltham Forest 020,E02000914,5224,1794,625,1169,3430,2939,491
2021,Waltham Forest 021,E02000915,4468,1187,473,714,3281,2735,546
2021,Waltham Forest 022,E02000916,5496,1554,617,937,3942,3396,546
2021,Waltham Forest 023,E02000917,5274,1384,524,860,3890,3296,594
2021,Waltham Forest 024,E02000918,4948,1428,544,884,3520,2968,552
2021,Waltham Forest 025,E02000919,5085,1399,576,823,3686,3055,631
2021,Waltham Forest 026,E02000920,5170,1503,530,973,3667,3185,482
2021,Waltham Forest 027,E02000921,5736,1844,648,1196,3892,3384,508
2021,Waltham Forest 028,E02000922,5429,1616,625,991,3813,3248,565
2021,Wandsworth 001,E02000923,4357,919,412,507,3438,2482,956
2021,Wandsworth 003,E02000925,4170,1112,412,700,3058,2415,643
2021,Wandsworth 004,E02000926,7480,1325,574,751,6155,4632,1523
2021,Wandsworth 005,E02000927,4188,772,311,461,3416,2628,788
2021,Wandsworth 006,E02000928,4864,914,382,532,3950,2836,1114
2021,Wandsworth 007,E02000929,3988,1053,393,660,2935,2478,457
2021,Wandsworth 008,E02000930,6762,1043,430,613,5719,4322,1397
2021,Wandsworth 009,E02000931,5629,795,334,461,4834,3289,1545
2021,Wandsworth 010,E02000932,8670,1287,508,779,7383,5507,1876
2021,Wandsworth 011,E02000933,5111,1069,491,578,4042,2978,1064
2021,Wandsworth 012,E02000934,6108,899,360,539,5209,3981,1228
2021,Wandsworth 013,E02000935,2731,1173,477,696,1558,1294,264
2021,Wandsworth 014,E02000936,5843,1025,416,609,4818,3767,1051
2021,Wandsworth 015,E02000937,4639,850,388,462,3789,2512,1277
2021,Wandsworth 016,E02000938,5282,1471,571,900,3811,3044,767
2021,Wandsworth 017,E02000939,4126,853,399,454,3273,2087,1186
2021,Wandsworth 018,E02000940,5777,1114,411,703,4663,3798,865
2021,Wandsworth 019,E02000941,6082,1163,480,683,4919,3573,1346
2021,Wandsworth 020,E02000942,5580,1174,488,686,4406,3210,1196
2021,Wandsworth 021,E02000943,5728,875,353,522,4853,3567,1286
2021,Wandsworth 022,E02000944,3699,1012,343,669,2687,2197,490
2021,Wandsworth 023,E02000945,3527,1287,469,818,2240,1868,372
2021,Wandsworth 024,E02000946,4630,854,323,531,3776,2951,825
2021,Wandsworth 025,E02000947,5663,1002,373,629,4661,3465,1196
2021,Wandsworth 026,E02000948,6740,945,412,533,5795,4512,1283
2021,Wandsworth 027,E02000949,6247,1027,413,614,5220,3801,1419
2021,Wandsworth 028,E02000950,4045,1027,382,645,3018,2421,597
2021,Wandsworth 029,E02000951,4021,749,305,444,3272,2570,702
2021,Wandsworth 030,E02000952,3798,619,231,388,3179,2458,721
2021,Wandsworth 031,E02000953,4620,803,306,497,3817,2988,829
2021,Wandsworth 032,E02000954,3477,628,243,385,2849,2304,545
2021,Wandsworth 033,E02000955,3776,896,351,545,2880,2415,465
2021,Wandsworth 034,E02000956,4218,990,395,595,3228,2709,519
2021,Wandsworth 035,E02000957,6328,1462,573,889,4866,4010,856
2021,Wandsworth 036,E02000958,4081,1231,476,755,2850,2331,519
2021,Wandsworth 037,E02000959,4156,1153,433,720,3003,2443,560
2021,Westminster 001,E02000960,2933,680,311,369,2253,1435,818
2021,Westminster 002,E02000961,4598,1111,459,652,3487,2335,1152
2021,Westminster 003,E02000962,3668,809,378,431,2859,1854,1005
2021,Westminster 004,E02000963,4530,1479,539,940,3051,2485,566
2021,Westminster 005,E02000964,5863,1656,643,1013,4207,3382,825
2021,Westminster 006,E02000965,4724,969,431,538,3755,2603,1152
2021,Westminster 007,E02000966,5084,1141,531,610,3943,2477,1466
2021,Westminster 008,E02000967,3200,618,276,342,2582,1519,1063
2021,Westminster 009,E02000968,5265,2001,815,1186,3264,2681,583
2021,Westminster 010,E02000969,3845,1242,475,767,2603,2120,483
2021,Westminster 011,E02000970,3874,819,392,427,3055,1692,1363
2021,Westminster 012,E02000971,4127,852,417,435,3275,1936,1339
2021,Westminster 013,E02000972,4154,945,464,481,3209,2107,1102
2021,Westminster 014,E02000973,5624,1336,558,778,4288,2751,1537
2021,Westminster 015,E02000974,4180,918,442,476,3262,2117,1145
2021,Westminster 016,E02000975,4308,810,383,427,3498,2301,1197
2021,Westminster 017,E02000976,4555,968,470,498,3587,2500,1087
2021,Westminster 018,E02000977,3366,769,344,425,2597,1561,1036
2021,Westminster 019,E02000978,3171,746,338,408,2425,1376,1049
2021,Westminster 020,E02000979,4094,806,332,474,3288,2026,1262
2021,Westminster 021,E02000980,4389,1143,476,667,3246,2311,935
2021,Westminster 022,E02000981,4823,946,411,535,3877,2383,1494
2021,Westminster 023,E02000982,3561,940,400,540,2621,1856,765
2021,Westminster 024,E02000983,3803,932,383,549,2871,2066,805
2021,Bolton 001,E02000984,3893,1069,336,733,2824,2383,441
2021,Bolton 002,E02000985,3416,952,324,628,2464,2108,356
2021,Bolton 003,E02000986,4075,1234,382,852,2841,2491,350
2021,Bolton 004,E02000987,3452,951,293,658,2501,2226,275
2021,Bolton 005,E02000988,3815,1320,390,930,2495,2217,278
2021,Bolton 006,E02000989,3772,1111,379,732,2661,2335,326
2021,Bolton 007,E02000990,4285,1138,369,769,3147,2774,373
2021,Bolton 008,E02000991,3666,1136,325,811,2530,2227,303
2021,Bolton 009,E02000992,3044,802,245,557,2242,1925,317
2021,Bolton 010,E02000993,3527,1034,300,734,2493,2260,233
2021,Bolton 011,E02000994,3006,1260,345,915,1746,1611,135
2021,Bolton 012,E02000995,3492,1080,346,734,2412,2071,341
2021,Bolton 013,E02000996,2958,936,277,659,2022,1814,208
2021,Bolton 014,E02000997,3071,859,275,584,2212,1874,338
2021,Bolton 015,E02000998,3751,1339,371,968,2412,2183,229
2021,Bolton 016,E02000999,2696,1028,318,710,1668,1493,175
2021,Bolton 017,E02001000,4073,1203,343,860,2870,2550,320
2021,Bolton 018,E02001001,3654,1237,409,828,2417,2109,308
2021,Bolton 019,E02001002,4174,1252,329,923,2922,2611,311
2021,Bolton 020,E02001003,3144,1012,355,657,2132,1779,353
2021,Bolton 021,E02001004,2856,1225,351,874,1631,1513,118
2021,Bolton 022,E02001005,3549,1475,408,1067,2074,1877,197
2021,Bolton 023,E02001006,3094,1309,363,946,1785,1633,152
2021,Bolton 024,E02001007,4563,1236,354,882,3327,2895,432
2021,Bolton 025,E02001008,2895,1231,334,897,1664,1532,132
2021,Bolton 026,E02001009,3048,1051,275,776,1997,1782,215
2021,Bolton 027,E02001010,2661,896,258,638,1765,1567,198
2021,Bolton 028,E02001011,4929,1346,404,942,3583,3100,483
2021,Bolton 029,E02001012,3799,1418,394,1024,2381,2135,246
2021,Bolton 030,E02001013,2771,796,228,568,1975,1700,275
2021,Bolton 031,E02001014,3945,1064,361,703,2881,2537,344
2021,Bolton 032,E02001015,3514,979,247,732,2535,2270,265
2021,Bolton 033,E02001016,3512,1095,328,767,2417,2150,267
2021,Bolton 034,E02001017,5337,1361,405,956,3976,3493,483
2021,Bolton 035,E02001018,4002,1043,305,738,2959,2539,420
2021,Bury 001,E02001019,4505,1186,395,791,3319,2864,455
2021,Bury 002,E02001020,2585,796,276,520,1789,1527,262
2021,Bury 003,E02001021,3798,1073,360,713,2725,2256,469
2021,Bury 004,E02001022,3517,1032,308,724,2485,2187,298
2021,Bury 005,E02001023,2444,715,210,505,1729,1507,222
2021,Bury 006,E02001024,4075,1131,372,759,2944,2522,422
2021,Bury 007,E02001025,3183,959,316,643,2224,1984,240
2021,Bury 008,E02001026,4447,1549,450,1099,2898,2629,269
2021,Bury 009,E02001027,3549,894,243,651,2655,2351,304
2021,Bury 010,E02001028,3200,918,318,600,2282,1943,339
2021,Bury 011,E02001029,3169,1101,332,769,2068,1851,217
2021,Bury 012,E02001030,3175,847,268,579,2328,2003,325
2021,Bury 013,E02001031,3033,900,262,638,2133,1912,221
2021,Bury 014,E02001032,3644,1002,301,701,2642,2363,279
2021,Bury 015,E02001033,2962,806,208,598,2156,1897,259
2021,Bury 016,E02001034,3504,1044,302,742,2460,2176,284
2021,Bury 017,E02001035,3449,963,314,649,2486,2202,284
2021,Bury 018,E02001036,3546,1039,327,712,2507,2158,349
2021,Bury 019,E02001037,3450,1078,402,676,2372,2006,366
2021,Bury 020,E02001038,2785,763,235,528,2022,1806,216
2021,Bury 021,E02001039,3785,1062,318,744,2723,2432,291
2021,Bury 022,E02001040,3046,812,280,532,2234,1923,311
2021,Bury 023,E02001041,3821,1017,299,718,2804,2469,335
2021,Bury 024,E02001042,3197,915,303,612,2282,1978,304
2021,Bury 025,E02001043,2712,724,224,500,1988,1753,235
2021,Bury 026,E02001044,3900,1807,503,1304,2093,1813,280
2021,Manchester 001,E02001045,3303,1138,327,811,2165,1963,202
2021,Manchester 002,E02001046,4674,1442,401,1041,3232,2918,314
2021,Manchester 003,E02001047,4303,1286,334,952,3017,2721,296
2021,Manchester 004,E02001048,3681,1400,403,997,2281,2058,223
2021,Manchester 005,E02001049,4555,1376,415,961,3179,2885,294
2021,Manchester 006,E02001050,2929,1037,307,730,1892,1706,186
2021,Manchester 007,E02001051,3690,1258,378,880,2432,2201,231
2021,Manchester 008,E02001052,4939,2280,710,1570,2659,2387,272
2021,Manchester 009,E02001053,3979,1508,418,1090,2471,2251,220
2021,Manchester 011,E02001055,3642,1166,347,819,2476,2218,258
2021,Manchester 012,E02001056,3094,1160,305,855,1934,1763,171
2021,Manchester 015,E02001059,4771,1605,484,1121,3166,2839,327
2021,Manchester 017,E02001061,4149,1400,454,946,2749,2475,274
2021,Manchester 018,E02001062,3485,1357,499,858,2128,1937,191
2021,Manchester 019,E02001063,3861,1503,701,802,2358,2168,190
2021,Manchester 020,E02001064,3785,1506,412,1094,2279,2018,261
2021,Manchester 021,E02001065,3775,1267,388,879,2508,2282,226
2021,Manchester 022,E02001066,3760,1730,740,990,2030,1888,142
2021,Manchester 023,E02001067,4145,1664,489,1175,2481,2238,243
2021,Manchester 024,E02001068,3863,1610,550,1060,2253,2057,196
2021,Manchester 025,E02001069,4312,1859,752,1107,2453,2237,216
2021,Manchester 026,E02001070,3649,1636,755,881,2013,1811,202
2021,Manchester 028,E02001072,4589,1396,449,947,3193,2834,359
2021,Manchester 029,E02001073,5332,1356,460,896,3976,3507,469
2021,Manchester 030,E02001074,4780,1650,582,1068,3130,2837,293
2021,Manchester 031,E02001075,3919,1396,417,979,2523,2295,228
2021,Manchester 032,E02001076,3405,1743,1025,718,1662,1511,151
2021,Manchester 033,E02001077,4029,1002,346,656,3027,2612,415
2021,Manchester 034,E02001078,4545,1652,555,1097,2893,2588,305
2021,Manchester 035,E02001079,3777,1376,552,824,2401,2184,217
2021,Manchester 036,E02001080,3652,1517,752,765,2135,1908,227
2021,Manchester 037,E02001081,3495,820,244,576,2675,2261,414
2021,Manchester 038,E02001082,3807,863,369,494,2944,2555,389
2021,Manchester 039,E02001083,5385,915,343,572,4470,3804,666
2021,Manchester 040,E02001084,4121,1257,491,766,2864,2463,401
2021,Manchester 041,E02001085,3412,1221,375,846,2191,2029,162
2021,Manchester 042,E02001086,3425,899,304,595,2526,2191,335
2021,Manchester 043,E02001087,5159,1062,371,691,4097,3361,736
2021,Manchester 044,E02001088,3893,1182,379,803,2711,2469,242
2021,Manchester 045,E02001089,4114,1086,405,681,3028,2587,441
2021,Manchester 046,E02001090,3401,912,297,615,2489,2210,279
2021,Manchester 047,E02001091,3888,1084,324,760,2804,2490,314
2021,Manchester 048,E02001092,4168,1252,384,868,2916,2639,277
2021,Manchester 049,E02001093,3968,1275,386,889,2693,2443,250
2021,Manchester 050,E02001094,3657,1284,399,885,2373,2171,202
2021,Manchester 051,E02001095,3944,1149,314,835,2795,2538,257
2021,Manchester 052,E02001096,3578,1081,343,738,2497,2253,244
2021,Manchester 053,E02001097,3678,1204,363,841,2474,2238,236
2021,Oldham 001,E02001098,2536,710,207,503,1826,1612,214
2021,Oldham 002,E02001099,2662,712,210,502,1950,1714,236
2021,Oldham 003,E02001100,2654,733,218,515,1921,1653,268
2021,Oldham 004,E02001101,2652,688,211,477,1964,1729,235
2021,Oldham 005,E02001102,3001,748,190,558,2253,2000,253
2021,Oldham 006,E02001103,2597,730,272,458,1867,1538,329
2021,Oldham 007,E02001104,3586,940,249,691,2646,2296,350
2021,Oldham 008,E02001105,2705,764,212,552,1941,1725,216
2021,Oldham 009,E02001106,2716,739,211,528,1977,1779,198
2021,Oldham 010,E02001107,2758,982,307,675,1776,1584,192
2021,Oldham 011,E02001108,2423,746,185,561,1677,1493,184
2021,Oldham 012,E02001109,3221,920,229,691,2301,2049,252
2021,Oldham 013,E02001110,3207,882,314,568,2325,1924,401
2021,Oldham 014,E02001111,2753,1179,333,846,1574,1423,151
2021,Oldham 015,E02001112,3053,830,263,567,2223,1968,255
2021,Oldham 016,E02001113,2791,1405,351,1054,1386,1297,89
2021,Oldham 017,E02001114,3485,1136,318,818,2349,2126,223
2021,Oldham 018,E02001115,2860,763,246,517,2097,1864,233
2021,Oldham 019,E02001116,2536,1025,250,775,1511,1347,164
2021,Oldham 020,E02001117,2792,853,298,555,1939,1613,326
2021,Oldham 021,E02001118,2941,774,256,518,2167,1853,314
2021,Oldham 022,E02001119,3490,1658,499,1159,1832,1654,178
2021,Oldham 024,E02001121,2506,1118,342,776,1388,1284,104
2021,Oldham 026,E02001123,2586,897,267,630,1689,1489,200
2021,Oldham 027,E02001124,2673,884,249,635,1789,1593,196
2021,Oldham 028,E02001125,3703,988,253,735,2715,2464,251
2021,Oldham 029,E02001126,3391,1173,294,879,2218,2033,185
2021,Oldham 030,E02001127,2990,984,270,714,2006,1780,226
2021,Oldham 031,E02001128,3347,924,268,656,2423,2178,245
2021,Oldham 032,E02001129,3144,836,251,585,2308,2069,239
2021,Oldham 033,E02001130,2696,718,220,498,1978,1738,240
2021,Oldham 034,E02001131,2541,655,173,482,1886,1702,184
2021,Rochdale 001,E02001132,3264,872,260,612,2392,2093,299
2021,Rochdale 002,E02001133,3217,820,232,588,2397,2059,338
2021,Rochdale 003,E02001134,3018,767,219,548,2251,1918,333
2021,Rochdale 004,E02001135,2977,908,222,686,2069,1855,214
2021,Rochdale 005,E02001136,4013,1268,375,893,2745,2383,362
2021,Rochdale 006,E02001137,3165,833,299,534,2332,2007,325
2021,Rochdale 007,E02001138,3938,1065,334,731,2873,2483,390
2021,Rochdale 008,E02001139,3487,1387,401,986,2100,1913,187
2021,Rochdale 009,E02001140,3221,1047,298,749,2174,1920,254
2021,Rochdale 010,E02001141,3925,1479,418,1061,2446,2221,225
2021,Rochdale 011,E02001142,2553,770,253,517,1783,1487,296
2021,Rochdale 012,E02001143,4203,1519,455,1064,2684,2420,264
2021,Rochdale 013,E02001144,2925,737,213,524,2188,1941,247
2021,Rochdale 014,E02001145,3418,864,260,604,2554,2240,314
2021,Rochdale 015,E02001146,3248,1340,367,973,1908,1756,152
2021,Rochdale 016,E02001147,4380,1238,341,897,3142,2751,391
2021,Rochdale 017,E02001148,4497,1322,372,950,3175,2810,365
2021,Rochdale 018,E02001149,4444,1218,345,873,3226,2903,323
2021,Rochdale 019,E02001150,3816,1047,293,754,2769,2456,313
2021,Rochdale 020,E02001151,4846,1183,363,820,3663,3171,492
2021,Rochdale 021,E02001152,4396,1213,326,887,3183,2815,368
2021,Rochdale 022,E02001153,4909,1404,404,1000,3505,3162,343
2021,Rochdale 023,E02001154,4814,1241,364,877,3573,3234,339
2021,Rochdale 024,E02001155,3213,845,255,590,2368,2098,270
2021,Rochdale 025,E02001156,4574,1191,355,836,3383,2951,432
2021,Salford 001,E02001157,3181,1049,315,734,2132,1900,232
2021,Salford 002,E02001158,2442,719,178,541,1723,1520,203
2021,Salford 003,E02001159,3760,881,278,603,2879,2560,319
2021,Salford 004,E02001160,2873,834,243,591,2039,1808,231
2021,Salford 005,E02001161,2780,740,211,529,2040,1828,212
2021,Salford 006,E02001162,2609,696,227,469,1913,1716,197
2021,Salford 007,E02001163,4922,1200,370,830,3722,3243,479
2021,Salford 008,E02001164,3267,889,255,634,2378,2130,248
2021,Salford 009,E02001165,3053,802,264,538,2251,2047,204
2021,Salford 010,E02001166,3096,1793,496,1297,1303,1131,172
2021,Salford 011,E02001167,3056,1086,373,713,1970,1716,254
2021,Salford 012,E02001168,4663,1200,370,830,3463,3082,381
2021,Salford 013,E02001169,5432,1365,454,911,4067,3430,637
2021,Salford 014,E02001170,4863,1275,433,842,3588,2984,604
2021,Salford 015,E02001171,3126,763,218,545,2363,2126,237
2021,Salford 017,E02001173,3565,1452,612,840,2113,1910,203
2021,Salford 018,E02001174,2980,794,267,527,2186,1966,220
2021,Salford 019,E02001175,3511,869,271,598,2642,2350,292
2021,Salford 020,E02001176,5846,1384,443,941,4462,3920,542
2021,Salford 021,E02001177,6459,1630,532,1098,4829,4388,441
2021,Salford 023,E02001179,3433,1025,339,686,2408,2191,217
2021,Salford 024,E02001180,1953,664,270,394,1289,1181,108
2021,Salford 025,E02001181,2597,782,225,557,1815,1628,187
2021,Salford 026,E02001182,3354,896,263,633,2458,2218,240
2021,Salford 027,E02001183,3603,925,284,641,2678,2410,268
2021,Salford 029,E02001185,4397,1202,341,861,3195,2831,364
2021,Salford 030,E02001186,5076,1253,377,876,3823,3359,464
2021,Stockport 001,E02001187,3421,924,293,631,2497,2253,244
2021,Stockport 002,E02001188,4293,1216,345,871,3077,2789,288
2021,Stockport 003,E02001189,4251,1156,331,825,3095,2756,339
2021,Stockport 004,E02001190,2945,922,237,685,2023,1842,181
2021,Stockport 005,E02001191,2673,751,228,523,1922,1699,223
2021,Stockport 006,E02001192,3428,844,303,541,2584,2160,424
2021,Stockport 007,E02001193,3242,856,260,596,2386,2147,239
2021,Stockport 008,E02001194,3092,852,294,558,2240,1850,390
2021,Stockport 009,E02001195,3717,990,304,686,2727,2414,313
2021,Stockport 010,E02001196,3487,1046,342,704,2441,2074,367
2021,Stockport 011,E02001197,3134,953,331,622,2181,1889,292
2021,Stockport 012,E02001198,3093,865,279,586,2228,1965,263
2021,Stockport 013,E02001199,4013,1144,423,721,2869,2483,386
2021,Stockport 014,E02001200,3382,922,296,626,2460,2254,206
2021,Stockport 015,E02001201,3072,863,245,618,2209,1980,229
2021,Stockport 016,E02001202,3437,871,283,588,2566,2313,253
2021,Stockport 017,E02001203,2676,790,303,487,1886,1514,372
2021,Stockport 018,E02001204,4616,1200,351,849,3416,3084,332
2021,Stockport 019,E02001205,4222,1218,367,851,3004,2729,275
2021,Stockport 020,E02001206,3325,965,331,634,2360,2049,311
2021,Stockport 021,E02001207,3364,1004,318,686,2360,2076,284
2021,Stockport 022,E02001208,3871,1088,317,771,2783,2507,276
2021,Stockport 023,E02001209,4015,1119,348,771,2896,2577,319
2021,Stockport 024,E02001210,3158,978,264,714,2180,1950,230
2021,Stockport 025,E02001211,3174,902,337,565,2272,1950,322
2021,Stockport 026,E02001212,3024,932,280,652,2092,1871,221
2021,Stockport 027,E02001213,5206,1411,416,995,3795,3321,474
2021,Stockport 028,E02001214,3519,1111,432,679,2408,2018,390
2021,Stockport 029,E02001215,2696,856,296,560,1840,1587,253
2021,Stockport 030,E02001216,3676,1069,365,704,2607,2240,367
2021,Stockport 031,E02001217,3308,910,270,640,2398,2099,299
2021,Stockport 032,E02001218,2705,815,293,522,1890,1547,343
2021,Stockport 033,E02001219,2539,721,260,461,1818,1582,236
2021,Stockport 034,E02001220,2626,781,275,506,1845,1571,274
2021,Stockport 035,E02001221,2741,813,291,522,1928,1662,266
2021,Stockport 036,E02001222,2821,886,315,571,1935,1691,244
2021,Stockport 037,E02001223,3076,957,344,613,2119,1736,383
2021,Stockport 038,E02001224,2458,781,264,517,1677,1444,233
2021,Stockport 039,E02001225,3578,1041,351,690,2537,2209,328
2021,Stockport 040,E02001226,3243,1014,316,698,2229,1963,266
2021,Stockport 041,E02001227,2542,787,297,490,1755,1441,314
2021,Stockport 042,E02001228,2942,872,373,499,2070,1621,449
2021,Tameside 001,E02001229,5240,1307,410,897,3933,3459,474
2021,Tameside 002,E02001230,2667,769,244,525,1898,1682,216
2021,Tameside 003,E02001231,3340,880,261,619,2460,2165,295
2021,Tameside 004,E02001232,3711,1082,313,769,2629,2357,272
2021,Tameside 005,E02001233,3235,959,251,708,2276,2062,214
2021,Tameside 006,E02001234,3281,941,266,675,2340,2102,238
2021,Tameside 007,E02001235,3399,903,245,658,2496,2245,251
2021,Tameside 008,E02001236,2513,702,185,517,1811,1640,171
2021,Tameside 009,E02001237,3505,942,286,656,2563,2274,289
2021,Tameside 010,E02001238,3834,1039,298,741,2795,2510,285
2021,Tameside 011,E02001239,4498,1234,342,892,3264,2926,338
2021,Tameside 012,E02001240,3134,889,284,605,2245,2044,201
2021,Tameside 013,E02001241,4038,1398,436,962,2640,2407,233
2021,Tameside 014,E02001242,3510,900,248,652,2610,2326,284
2021,Tameside 015,E02001243,3933,1059,336,723,2874,2502,372
2021,Tameside 016,E02001244,2628,693,207,486,1935,1724,211
2021,Tameside 017,E02001245,3830,1002,334,668,2828,2541,287
2021,Tameside 018,E02001246,3221,868,241,627,2353,2086,267
2021,Tameside 019,E02001247,3488,900,221,679,2588,2325,263
2021,Tameside 020,E02001248,5675,1471,405,1066,4204,3730,474
2021,Tameside 021,E02001249,2962,829,261,568,2133,1891,242
2021,Tameside 022,E02001250,3265,852,249,603,2413,2137,276
2021,Tameside 023,E02001251,2922,777,235,542,2145,1854,291
2021,Tameside 024,E02001252,3759,923,267,656,2836,2549,287
2021,Tameside 025,E02001253,2417,652,198,454,1765,1582,183
2021,Tameside 026,E02001254,2608,703,190,513,1905,1725,180
2021,Tameside 027,E02001255,3237,943,292,651,2294,2041,253
2021,Tameside 028,E02001256,4266,1526,407,1119,2740,2498,242
2021,Tameside 029,E02001257,3955,1088,311,777,2867,2578,289
2021,Tameside 030,E02001258,3585,985,304,681,2600,2261,339
2021,Trafford 001,E02001259,5128,1855,617,1238,3273,2944,329
2021,Trafford 002,E02001260,3697,965,274,691,2732,2447,285
2021,Trafford 003,E02001261,4461,1254,374,880,3207,2866,341
2021,Trafford 004,E02001262,3825,1280,463,817,2545,2271,274
2021,Trafford 005,E02001263,4056,1068,343,725,2988,2566,422
2021,Trafford 006,E02001264,4288,1196,385,811,3092,2765,327
2021,Trafford 007,E02001265,4001,1112,351,761,2889,2519,370
2021,Trafford 008,E02001266,3192,898,282,616,2294,2036,258
2021,Trafford 009,E02001267,3625,878,254,624,2747,2434,313
2021,Trafford 010,E02001268,3409,941,287,654,2468,2161,307
2021,Trafford 011,E02001269,4042,1159,386,773,2883,2582,301
2021,Trafford 012,E02001270,4380,1098,366,732,3282,2832,450
2021,Trafford 013,E02001271,3115,876,276,600,2239,1977,262
2021,Trafford 014,E02001272,3932,988,314,674,2944,2533,411
2021,Trafford 015,E02001273,4914,1169,415,754,3745,3198,547
2021,Trafford 016,E02001274,3567,1119,449,670,2448,2075,373
2021,Trafford 017,E02001275,3318,1101,355,746,2217,1970,247
2021,Trafford 018,E02001276,3711,1064,328,736,2647,2355,292
2021,Trafford 019,E02001277,4346,1277,381,896,3069,2727,342
2021,Trafford 020,E02001278,4269,1096,357,739,3173,2738,435
2021,Trafford 021,E02001279,4097,1137,343,794,2960,2549,411
2021,Trafford 022,E02001280,3599,1173,396,777,2426,2109,317
2021,Trafford 023,E02001281,3638,1039,350,689,2599,2209,390
2021,Trafford 024,E02001282,5268,1338,461,877,3930,3376,554
2021,Trafford 025,E02001283,4632,1239,458,781,3393,2723,670
2021,Trafford 026,E02001284,4034,1127,463,664,2907,2236,671
2021,Trafford 027,E02001285,3516,1069,457,612,2447,1854,593
2021,Trafford 028,E02001286,3492,1140,474,666,2352,1763,589
2021,Wigan 001,E02001287,3523,873,261,612,2650,2288,362
2021,Wigan 002,E02001288,4067,1013,357,656,3054,2597,457
2021,Wigan 003,E02001289,4794,1348,441,907,3446,2951,495
2021,Wigan 004,E02001290,2883,828,262,566,2055,1754,301
2021,Wigan 005,E02001291,3534,1010,278,732,2524,2264,260
2021,Wigan 006,E02001292,3894,1037,304,733,2857,2528,329
2021,Wigan 007,E02001293,3033,815,230,585,2218,1949,269
2021,Wigan 008,E02001294,4153,1091,323,768,3062,2717,345
2021,Wigan 009,E02001295,2905,832,240,592,2073,1879,194
2021,Wigan 010,E02001296,3201,1032,281,751,2169,1928,241
2021,Wigan 011,E02001297,3052,866,272,594,2186,1945,241
2021,Wigan 012,E02001298,3508,1038,280,758,2470,2196,274
2021,Wigan 013,E02001299,4255,1123,327,796,3132,2773,359
2021,Wigan 014,E02001300,3705,1016,308,708,2689,2402,287
2021,Wigan 015,E02001301,4221,1121,333,788,3100,2755,345
2021,Wigan 016,E02001302,3402,984,288,696,2418,2144,274
2021,Wigan 017,E02001303,3781,1113,312,801,2668,2373,295
2021,Wigan 018,E02001304,6148,1563,457,1106,4585,3952,633
2021,Wigan 019,E02001305,4061,1054,300,754,3007,2618,389
2021,Wigan 020,E02001306,3386,979,317,662,2407,2106,301
2021,Wigan 021,E02001307,6090,1594,465,1129,4496,3942,554
2021,Wigan 022,E02001308,2814,783,230,553,2031,1788,243
2021,Wigan 023,E02001309,4264,1120,347,773,3144,2790,354
2021,Wigan 024,E02001310,4131,1166,345,821,2965,2601,364
2021,Wigan 025,E02001311,3923,1063,312,751,2860,2550,310
2021,Wigan 026,E02001312,3911,1064,297,767,2847,2489,358
2021,Wigan 027,E02001313,3369,922,254,668,2447,2147,300
2021,Wigan 028,E02001314,3931,1065,295,770,2866,2515,351
2021,Wigan 029,E02001315,4889,1133,338,795,3756,3293,463
2021,Wigan 030,E02001316,3422,984,249,735,2438,2189,249
2021,Wigan 031,E02001317,4298,1111,303,808,3187,2802,385
2021,Wigan 032,E02001318,3512,979,285,694,2533,2221,312
2021,Wigan 033,E02001319,3858,1066,257,809,2792,2475,317
2021,Wigan 034,E02001320,3419,957,278,679,2462,2167,295
2021,Wigan 035,E02001321,3900,1033,312,721,2867,2492,375
2021,Wigan 036,E02001322,3319,883,269,614,2436,2135,301
2021,Wigan 037,E02001323,3572,981,317,664,2591,2215,376
2021,Wigan 038,E02001324,3924,1044,299,745,2880,2513,367
2021,Wigan 039,E02001325,4634,1180,360,820,3454,2991,463
2021,Wigan 040,E02001326,3930,1063,359,704,2867,2472,395
2021,Knowsley 001,E02001327,3690,1104,283,821,2586,2318,268
2021,Knowsley 002,E02001328,5309,1399,372,1027,3910,3499,411
2021,Knowsley 003,E02001329,3092,947,258,689,2145,1907,238
2021,Knowsley 004,E02001330,3942,1245,315,930,2697,2468,229
2021,Knowsley 005,E02001331,4248,1276,362,914,2972,2669,303
2021,Knowsley 006,E02001332,3117,950,240,710,2167,1928,239
2021,Knowsley 007,E02001333,4344,1205,308,897,3139,2807,332
2021,Knowsley 008,E02001334,2527,807,209,598,1720,1570,150
2021,Knowsley 009,E02001335,4218,1073,272,801,3145,2839,306
2021,Knowsley 010,E02001336,2600,887,251,636,1713,1531,182
2021,Knowsley 011,E02001337,2705,811,202,609,1894,1705,189
2021,Knowsley 012,E02001338,2799,829,199,630,1970,1782,188
2021,Knowsley 013,E02001339,2726,808,229,579,1918,1736,182
2021,Knowsley 014,E02001340,4977,1285,350,935,3692,3300,392
2021,Knowsley 015,E02001341,3139,954,248,706,2185,1991,194
2021,Knowsley 016,E02001342,3922,971,287,684,2951,2585,366
2021,Knowsley 017,E02001343,3675,1028,325,703,2647,2313,334
2021,Knowsley 018,E02001344,2566,738,205,533,1828,1642,186
2021,Knowsley 019,E02001345,2692,745,206,539,1947,1759,188
2021,Knowsley 020,E02001346,3198,1011,290,721,2187,1991,196
2021,Liverpool 001,E02001347,3646,1086,311,775,2560,2320,240
2021,Liverpool 002,E02001348,3244,947,254,693,2297,2099,198
2021,Liverpool 003,E02001349,3826,1062,315,747,2764,2488,276
2021,Liverpool 004,E02001350,3255,1014,282,732,2241,2027,214
2021,Liverpool 005,E02001351,3498,1217,339,878,2281,2075,206
2021,Liverpool 006,E02001352,2733,878,249,629,1855,1679,176
2021,Liverpool 007,E02001353,3604,1032,296,736,2572,2309,263
2021,Liverpool 008,E02001354,3294,967,248,719,2327,2104,223
2021,Liverpool 009,E02001355,2663,861,256,605,1802,1648,154
2021,Liverpool 010,E02001356,3789,1255,331,924,2534,2301,233
2021,Liverpool 011,E02001357,2743,935,241,694,1808,1658,150
2021,Liverpool 012,E02001358,2694,873,248,625,1821,1614,207
2021,Liverpool 013,E02001359,2474,762,201,561,1712,1502,210
2021,Liverpool 014,E02001360,3366,1133,339,794,2233,2008,225
2021,Liverpool 015,E02001361,3083,947,266,681,2136,1972,164
2021,Liverpool 016,E02001362,3294,1046,283,763,2248,2014,234
2021,Liverpool 017,E02001363,3186,1012,273,739,2174,1935,239
2021,Liverpool 018,E02001364,2322,742,258,484,1580,1429,151
2021,Liverpool 019,E02001365,3772,1267,376,891,2505,2276,229
2021,Liverpool 020,E02001366,3750,1142,329,813,2608,2343,265
2021,Liverpool 021,E02001367,4654,1328,407,921,3326,2873,453
2021,Liverpool 022,E02001368,2775,899,272,627,1876,1698,178
2021,Liverpool 023,E02001369,2996,1074,349,725,1922,1742,180
2021,Liverpool 024,E02001370,2309,889,263,626,1420,1304,116
2021,Liverpool 025,E02001371,3209,1016,278,738,2193,1990,203
2021,Liverpool 026,E02001372,2553,762,210,552,1791,1604,187
2021,Liverpool 027,E02001373,3975,1218,353,865,2757,2492,265
2021,Liverpool 028,E02001374,3536,1168,411,757,2368,2130,238
2021,Liverpool 029,E02001375,3031,1029,253,776,2002,1834,168
2021,Liverpool 030,E02001376,3209,1371,534,837,1838,1660,178
2021,Liverpool 031,E02001377,3516,1700,882,818,1816,1643,173
2021,Liverpool 032,E02001378,3337,981,279,702,2356,2134,222
2021,Liverpool 034,E02001380,3767,1006,292,714,2761,2472,289
2021,Liverpool 035,E02001381,3858,1378,493,885,2480,2189,291
2021,Liverpool 036,E02001382,3414,945,284,661,2469,2173,296
2021,Liverpool 037,E02001383,3511,1348,613,735,2163,1897,266
2021,Liverpool 038,E02001384,3680,1763,899,864,1917,1725,192
2021,Liverpool 039,E02001385,2597,1093,396,697,1504,1345,159
2021,Liverpool 040,E02001386,3196,1041,292,749,2155,1966,189
2021,Liverpool 041,E02001387,3790,1110,414,696,2680,2272,408
2021,Liverpool 042,E02001388,3747,1068,462,606,2679,2395,284
2021,Liverpool 043,E02001389,3271,911,333,578,2360,2055,305
2021,Liverpool 044,E02001390,3622,1244,399,845,2378,2173,205
2021,Liverpool 045,E02001391,2330,792,233,559,1538,1412,126
2021,Liverpool 046,E02001392,2889,764,253,511,2125,1798,327
2021,Liverpool 047,E02001393,3248,993,386,607,2255,1846,409
2021,Liverpool 048,E02001394,4160,1100,395,705,3060,2664,396
2021,Liverpool 049,E02001395,2938,854,266,588,2084,1844,240
2021,Liverpool 050,E02001396,3884,1017,319,698,2867,2562,305
2021,Liverpool 051,E02001397,3115,859,288,571,2256,1929,327
2021,Liverpool 052,E02001398,3718,1020,374,646,2698,2358,340
2021,Liverpool 053,E02001399,3294,900,266,634,2394,2076,318
2021,Liverpool 054,E02001400,3053,917,267,650,2136,1891,245
2021,Liverpool 055,E02001401,3786,1059,321,738,2727,2432,295
2021,Liverpool 056,E02001402,4253,1111,366,745,3142,2692,450
2021,Liverpool 057,E02001403,2916,895,267,628,2021,1856,165
2021,Liverpool 058,E02001404,3544,1025,293,732,2519,2287,232
2021,Liverpool 059,E02001405,3854,1261,397,864,2593,2393,200
2021,St. Helens 001,E02001406,3395,944,305,639,2451,2094,357
2021,St. Helens 002,E02001407,2505,701,206,495,1804,1550,254
2021,St. Helens 003,E02001408,2516,686,232,454,1830,1582,248
2021,St. Helens 004,E02001409,4553,1269,361,908,3284,2890,394
2021,St. Helens 005,E02001410,2503,686,185,501,1817,1606,211
2021,St. Helens 006,E02001411,2661,690,202,488,1971,1750,221
2021,St. Helens 007,E02001412,4196,1101,308,793,3095,2719,376
2021,St. Helens 008,E02001413,4053,1135,313,822,2918,2604,314
2021,St. Helens 009,E02001414,2423,629,221,408,1794,1530,264
2021,St. Helens 010,E02001415,3308,876,257,619,2432,2124,308
2021,St. Helens 011,E02001416,2568,768,222,546,1800,1612,188
2021,St. Helens 012,E02001417,3130,857,278,579,2273,2031,242
2021,St. Helens 013,E02001418,3229,747,213,534,2482,2231,251
2021,St. Helens 014,E02001419,3254,948,271,677,2306,2011,295
2021,St. Helens 015,E02001420,5847,1446,409,1037,4401,3864,537
2021,St. Helens 016,E02001421,5096,1386,397,989,3710,3278,432
2021,St. Helens 017,E02001422,2693,749,199,550,1944,1715,229
2021,St. Helens 018,E02001423,3094,842,260,582,2252,1945,307
2021,St. Helens 020,E02001425,4916,1368,406,962,3548,3160,388
2021,St. Helens 021,E02001426,2431,704,202,502,1727,1534,193
2021,St. Helens 022,E02001427,4930,1426,423,1003,3504,3138,366
2021,St. Helens 023,E02001428,2441,620,209,411,1821,1574,247
2021,Sefton 001,E02001429,2907,1004,319,685,1903,1669,234
2021,Sefton 002,E02001430,3088,1061,353,708,2027,1713,314
2021,Sefton 003,E02001431,2659,870,323,547,1789,1462,327
2021,Sefton 004,E02001432,4140,1220,410,810,2920,2503,417
2021,Sefton 005,E02001433,3539,1263,397,866,2276,1982,294
2021,Sefton 006,E02001434,3573,1152,355,797,2421,2088,333
2021,Sefton 007,E02001435,4234,1418,448,970,2816,2450,366
2021,Sefton 008,E02001436,4509,1509,479,1030,3000,2611,389
2021,Sefton 009,E02001437,3588,1216,468,748,2372,1913,459
2021,Sefton 010,E02001438,3482,1183,371,812,2299,2010,289
2021,Sefton 011,E02001439,2807,980,322,658,1827,1587,240
2021,Sefton 012,E02001440,2347,781,310,471,1566,1309,257
2021,Sefton 013,E02001441,2513,818,326,492,1695,1392,303
2021,Sefton 014,E02001442,2496,837,308,529,1659,1375,284
2021,Sefton 015,E02001443,2390,772,307,465,1618,1361,257
2021,Sefton 016,E02001444,2572,834,279,555,1738,1505,233
2021,Sefton 017,E02001445,3223,997,309,688,2226,1925,301
2021,Sefton 018,E02001446,3363,951,294,657,2412,2169,243
2021,Sefton 019,E02001447,2780,768,221,547,2012,1749,263
2021,Sefton 020,E02001448,3268,932,278,654,2336,2044,292
2021,Sefton 021,E02001449,4300,1254,394,860,3046,2597,449
2021,Sefton 022,E02001450,3847,1180,413,767,2667,2179,488
2021,Sefton 023,E02001451,2400,799,205,594,1601,1424,177
2021,Sefton 024,E02001452,2473,804,210,594,1669,1507,162
2021,Sefton 025,E02001453,4322,1210,363,847,3112,2705,407
2021,Sefton 026,E02001454,3489,988,304,684,2501,2198,303
2021,Sefton 027,E02001455,3604,1029,281,748,2575,2287,288
2021,Sefton 028,E02001456,3621,1013,274,739,2608,2259,349
2021,Sefton 029,E02001457,2955,972,244,728,1983,1801,182
2021,Sefton 030,E02001458,3969,1117,351,766,2852,2496,356
2021,Sefton 031,E02001459,3190,946,250,696,2244,1992,252
2021,Sefton 032,E02001460,3358,1023,290,733,2335,2031,304
2021,Sefton 033,E02001461,3433,1009,258,751,2424,2170,254
2021,Sefton 034,E02001462,3129,1052,285,767,2077,1863,214
2021,Sefton 035,E02001463,3272,1077,321,756,2195,1930,265
2021,Sefton 036,E02001464,2843,931,235,696,1912,1706,206
2021,Sefton 037,E02001465,2985,896,268,628,2089,1838,251
2021,Sefton 038,E02001466,3923,1177,328,849,2746,2517,229
2021,Wirral 001,E02001467,3366,962,305,657,2404,2135,269
2021,Wirral 002,E02001468,3416,1099,334,765,2317,2055,262
2021,Wirral 003,E02001469,3530,1080,359,721,2450,2136,314
2021,Wirral 004,E02001470,3964,1185,340,845,2779,2438,341
2021,Wirral 005,E02001471,2890,948,257,691,1942,1743,199
2021,Wirral 006,E02001472,3211,951,267,684,2260,1975,285
2021,Wirral 007,E02001473,3469,1077,334,743,2392,2146,246
2021,Wirral 008,E02001474,2495,865,248,617,1630,1475,155
2021,Wirral 009,E02001475,2441,768,216,552,1673,1494,179
2021,Wirral 010,E02001476,3227,1021,293,728,2206,1979,227
2021,Wirral 011,E02001477,2750,966,258,708,1784,1612,172
2021,Wirral 012,E02001478,3499,1093,336,757,2406,2157,249
2021,Wirral 013,E02001479,2883,856,272,584,2027,1743,284
2021,Wirral 014,E02001480,3370,1028,377,651,2342,1983,359
2021,Wirral 015,E02001481,3813,1097,304,793,2716,2375,341
2021,Wirral 016,E02001482,2885,967,317,650,1918,1703,215
2021,Wirral 017,E02001483,3415,1028,317,711,2387,2116,271
2021,Wirral 018,E02001484,3599,1074,324,750,2525,2186,339
2021,Wirral 019,E02001485,2781,958,308,650,1823,1629,194
2021,Wirral 020,E02001486,3544,902,356,546,2642,2222,420
2021,Wirral 021,E02001487,3738,1273,386,887,2465,2231,234
2021,Wirral 022,E02001488,3829,1141,337,804,2688,2398,290
2021,Wirral 023,E02001489,3487,1065,341,724,2422,2088,334
2021,Wirral 024,E02001490,4043,1170,356,814,2873,2529,344
2021,Wirral 025,E02001491,2726,968,258,710,1758,1577,181
2021,Wirral 026,E02001492,3273,1091,415,676,2182,1823,359
2021,Wirral 027,E02001493,3350,1100,341,759,2250,2028,222
2021,Wirral 028,E02001494,3009,979,355,624,2030,1619,411
2021,Wirral 029,E02001495,3560,1118,317,801,2442,2161,281
2021,Wirral 030,E02001496,2790,855,265,590,1935,1652,283
2021,Wirral 031,E02001497,3411,1052,303,749,2359,2108,251
2021,Wirral 032,E02001498,3447,1014,323,691,2433,2159,274
2021,Wirral 033,E02001499,2887,929,299,630,1958,1699,259
2021,Wirral 034,E02001500,3278,1015,313,702,2263,1964,299
2021,Wirral 035,E02001501,3662,1049,291,758,2613,2316,297
2021,Wirral 036,E02001502,4744,1291,388,903,3453,3047,406
2021,Wirral 037,E02001503,3211,993,352,641,2218,1866,352
2021,Wirral 038,E02001504,2910,870,325,545,2040,1743,297
2021,Wirral 039,E02001505,2962,838,250,588,2124,1877,247
2021,Wirral 040,E02001506,3681,1238,492,746,2443,1959,484
2021,Wirral 041,E02001507,3130,861,248,613,2269,2027,242
2021,Wirral 042,E02001508,3834,1119,336,783,2715,2420,295
2021,Barnsley 001,E02001509,3196,872,225,647,2324,1994,330
2021,Barnsley 002,E02001510,2584,745,200,545,1839,1566,273
2021,Barnsley 003,E02001511,2718,789,213,576,1929,1673,256
2021,Barnsley 004,E02001512,4127,1134,342,792,2993,2569,424
2021,Barnsley 005,E02001513,3608,991,277,714,2617,2263,354
2021,Barnsley 006,E02001514,3367,935,270,665,2432,2123,309
2021,Barnsley 007,E02001515,3771,1135,338,797,2636,2284,352
2021,Barnsley 008,E02001516,2928,838,228,610,2090,1790,300
2021,Barnsley 009,E02001517,3644,1065,304,761,2579,2217,362
2021,Barnsley 010,E02001518,4924,1442,407,1035,3482,3005,477
2021,Barnsley 011,E02001519,3483,995,256,739,2488,2138,350
2021,Barnsley 012,E02001520,5561,1538,491,1047,4023,3453,570
2021,Barnsley 013,E02001521,6368,1663,453,1210,4705,4212,493
2021,Barnsley 014,E02001522,3829,1157,326,831,2672,2333,339
2021,Barnsley 015,E02001523,3399,919,247,672,2480,2122,358
2021,Barnsley 016,E02001524,2874,865,311,554,2009,1613,396
2021,Barnsley 017,E02001525,2957,801,181,620,2156,1916,240
2021,Barnsley 018,E02001526,2436,761,190,571,1675,1514,161
2021,Barnsley 019,E02001527,2816,858,254,604,1958,1702,256
2021,Barnsley 020,E02001528,4495,1295,363,932,3200,2737,463
2021,Barnsley 021,E02001529,3883,1256,379,877,2627,2243,384
2021,Barnsley 022,E02001530,3120,825,246,579,2295,2027,268
2021,Barnsley 023,E02001531,3533,976,251,725,2557,2244,313
2021,Barnsley 024,E02001532,5082,1469,449,1020,3613,3027,586
2021,Barnsley 025,E02001533,3547,1013,267,746,2534,2144,390
2021,Barnsley 026,E02001534,4573,1261,332,929,3312,2872,440
2021,Barnsley 027,E02001535,3126,936,347,589,2190,1644,546
2021,Barnsley 028,E02001536,4160,1179,329,850,2981,2511,470
2021,Barnsley 029,E02001537,4165,1234,351,883,2931,2515,416
2021,Barnsley 030,E02001538,3400,1032,304,728,2368,2075,293
2021,Doncaster 001,E02001539,2890,844,235,609,2046,1739,307
2021,Doncaster 002,E02001540,5469,1521,461,1060,3948,3288,660
2021,Doncaster 003,E02001541,5133,1432,382,1050,3701,3130,571
2021,Doncaster 004,E02001542,2912,903,258,645,2009,1672,337
2021,Doncaster 005,E02001543,3165,990,248,742,2175,1838,337
2021,Doncaster 006,E02001544,3577,1108,310,798,2469,2090,379
2021,Doncaster 007,E02001545,3942,1179,331,848,2763,2370,393
2021,Doncaster 008,E02001546,3389,995,318,677,2394,1936,458
2021,Doncaster 009,E02001547,4949,1376,364,1012,3573,3079,494
2021,Doncaster 010,E02001548,3276,941,244,697,2335,2011,324
2021,Doncaster 011,E02001549,2896,824,228,596,2072,1784,288
2021,Doncaster 012,E02001550,3765,1154,282,872,2611,2257,354
2021,Doncaster 013,E02001551,2795,816,208,608,1979,1757,222
2021,Doncaster 014,E02001552,3688,1079,309,770,2609,2262,347
2021,Doncaster 015,E02001553,4578,1418,415,1003,3160,2787,373
2021,Doncaster 016,E02001554,2966,894,263,631,2072,1775,297
2021,Doncaster 017,E02001555,2383,725,205,520,1658,1438,220
2021,Doncaster 018,E02001556,3949,1254,337,917,2695,2353,342
2021,Doncaster 019,E02001557,5142,1324,437,887,3818,3344,474
2021,Doncaster 020,E02001558,2633,792,259,533,1841,1492,349
2021,Doncaster 021,E02001559,3610,1017,275,742,2593,2183,410
2021,Doncaster 022,E02001560,4960,1389,420,969,3571,3158,413
2021,Doncaster 023,E02001561,2701,815,246,569,1886,1660,226
2021,Doncaster 024,E02001562,2416,756,196,560,1660,1435,225
2021,Doncaster 025,E02001563,3589,1076,345,731,2513,2111,402
2021,Doncaster 026,E02001564,3871,1076,327,749,2795,2315,480
2021,Doncaster 027,E02001565,3740,997,312,685,2743,2258,485
2021,Doncaster 028,E02001566,4312,1086,306,780,3226,2780,446
2021,Doncaster 029,E02001567,3605,1126,318,808,2479,2161,318
2021,Doncaster 030,E02001568,3034,879,241,638,2155,1840,315
2021,Doncaster 031,E02001569,3569,1010,278,732,2559,2264,295
2021,Doncaster 032,E02001570,2700,792,215,577,1908,1648,260
2021,Doncaster 033,E02001571,2804,756,243,513,2048,1711,337
2021,Doncaster 034,E02001572,3488,999,263,736,2489,2155,334
2021,Doncaster 035,E02001573,3334,964,250,714,2370,2061,309
2021,Doncaster 036,E02001574,2898,806,233,573,2092,1785,307
2021,Doncaster 037,E02001575,3469,999,221,778,2470,2079,391
2021,Doncaster 038,E02001576,3574,963,301,662,2611,2164,447
2021,Doncaster 039,E02001577,2670,800,274,526,1870,1486,384
2021,Rotherham 001,E02001578,5678,1561,432,1129,4117,3552,565
2021,Rotherham 002,E02001579,4177,1255,360,895,2922,2542,380
2021,Rotherham 003,E02001580,3856,1160,314,846,2696,2344,352
2021,Rotherham 004,E02001581,2785,818,233,585,1967,1707,260
2021,Rotherham 005,E02001582,3513,1029,257,772,2484,2172,312
2021,Rotherham 006,E02001583,2551,746,189,557,1805,1603,202
2021,Rotherham 007,E02001584,3333,1000,290,710,2333,1975,358
2021,Rotherham 008,E02001585,2530,777,233,544,1753,1555,198
2021,Rotherham 009,E02001586,3242,999,264,735,2243,1983,260
2021,Rotherham 010,E02001587,2360,741,194,547,1619,1387,232
2021,Rotherham 011,E02001588,3027,988,245,743,2039,1802,237
2021,Rotherham 012,E02001589,3927,1091,304,787,2836,2420,416
2021,Rotherham 013,E02001590,2666,909,266,643,1757,1531,226
2021,Rotherham 014,E02001591,2997,1041,287,754,1956,1752,204
2021,Rotherham 015,E02001592,4015,1221,327,894,2794,2466,328
2021,Rotherham 016,E02001593,2664,897,292,605,1767,1563,204
2021,Rotherham 017,E02001594,2555,829,266,563,1726,1510,216
2021,Rotherham 018,E02001595,4093,1119,288,831,2974,2519,455
2021,Rotherham 019,E02001596,3584,1083,314,769,2501,2157,344
2021,Rotherham 020,E02001597,3853,1113,316,797,2740,2352,388
2021,Rotherham 021,E02001598,4156,1315,371,944,2841,2435,406
2021,Rotherham 023,E02001600,4511,1486,464,1022,3025,2614,411
2021,Rotherham 025,E02001602,4214,1267,360,907,2947,2600,347
2021,Rotherham 026,E02001603,3308,926,287,639,2382,2019,363
2021,Rotherham 027,E02001604,6258,1471,381,1090,4787,4119,668
2021,Rotherham 028,E02001605,3608,1023,329,694,2585,2172,413
2021,Rotherham 029,E02001606,3468,984,301,683,2484,2129,355
2021,Rotherham 030,E02001607,3961,1256,331,925,2705,2346,359
2021,Rotherham 031,E02001608,3502,998,269,729,2504,2153,351
2021,Rotherham 032,E02001609,3772,1145,363,782,2627,2228,399
2021,Rotherham 033,E02001610,4199,1223,371,852,2976,2489,487
2021,Sheffield 001,E02001611,3468,1107,311,796,2361,2062,299
2021,Sheffield 002,E02001612,2672,810,257,553,1862,1604,258
2021,Sheffield 003,E02001613,4564,1428,385,1043,3136,2799,337
2021,Sheffield 004,E02001614,5415,1574,465,1109,3841,3372,469
2021,Sheffield 005,E02001615,3345,971,278,693,2374,2046,328
2021,Sheffield 006,E02001616,3237,1003,241,762,2234,1999,235
2021,Sheffield 007,E02001617,2426,876,214,662,1550,1377,173
2021,Sheffield 008,E02001618,4859,1514,454,1060,3345,2793,552
2021,Sheffield 009,E02001619,4184,1383,335,1048,2801,2492,309
2021,Sheffield 010,E02001620,2666,942,243,699,1724,1554,170
2021,Sheffield 011,E02001621,2341,833,207,626,1508,1356,152
2021,Sheffield 012,E02001622,3712,1249,317,932,2463,2241,222
2021,Sheffield 013,E02001623,2640,1029,299,730,1611,1459,152
2021,Sheffield 014,E02001624,4190,1311,357,954,2879,2582,297
2021,Sheffield 015,E02001625,2936,1126,277,849,1810,1666,144
2021,Sheffield 016,E02001626,2931,896,245,651,2035,1805,230
2021,Sheffield 017,E02001627,3282,942,258,684,2340,2164,176
2021,Sheffield 018,E02001628,2075,798,247,551,1277,1174,103
2021,Sheffield 019,E02001629,2459,932,243,689,1527,1375,152
2021,Sheffield 020,E02001630,2943,1161,368,793,1782,1634,148
2021,Sheffield 021,E02001631,3924,1199,317,882,2725,2460,265
2021,Sheffield 022,E02001632,3953,1543,486,1057,2410,2182,228
2021,Sheffield 023,E02001633,3588,1169,369,800,2419,2066,353
2021,Sheffield 024,E02001634,5057,1397,424,973,3660,3257,403
2021,Sheffield 025,E02001635,2695,865,228,637,1830,1650,180
2021,Sheffield 026,E02001636,3370,1135,398,737,2235,2033,202
2021,Sheffield 027,E02001637,2512,1106,317,789,1406,1283,123
2021,Sheffield 028,E02001638,2610,925,462,463,1685,1524,161
2021,Sheffield 029,E02001639,3092,896,300,596,2196,1956,240
2021,Sheffield 030,E02001640,3083,1335,757,578,1748,1531,217
2021,Sheffield 032,E02001642,4830,1496,409,1087,3334,3014,320
2021,Sheffield 033,E02001643,2783,895,300,595,1888,1629,259
2021,Sheffield 036,E02001646,2995,1246,676,570,1749,1505,244
2021,Sheffield 037,E02001647,2847,916,216,700,1931,1713,218
2021,Sheffield 038,E02001648,2977,1084,510,574,1893,1499,394
2021,Sheffield 039,E02001649,4356,1400,434,966,2956,2622,334
2021,Sheffield 040,E02001650,3741,1559,739,820,2182,1943,239
2021,Sheffield 041,E02001651,3539,1191,392,799,2348,1875,473
2021,Sheffield 042,E02001652,5067,2306,1122,1184,2761,2541,220
2021,Sheffield 043,E02001653,3277,1082,334,748,2195,2003,192
2021,Sheffield 044,E02001654,2845,829,208,621,2016,1813,203
2021,Sheffield 045,E02001655,3259,1056,258,798,2203,1980,223
2021,Sheffield 046,E02001656,4134,1299,476,823,2835,2432,403
2021,Sheffield 047,E02001657,4652,1437,421,1016,3215,2744,471
2021,Sheffield 048,E02001658,1915,704,186,518,1211,1080,131
2021,Sheffield 049,E02001659,2445,752,190,562,1693,1509,184
2021,Sheffield 050,E02001660,4913,1553,528,1025,3360,2962,398
2021,Sheffield 051,E02001661,3126,1047,265,782,2079,1858,221
2021,Sheffield 052,E02001662,3439,1027,284,743,2412,2156,256
2021,Sheffield 053,E02001663,4189,1351,384,967,2838,2543,295
2021,Sheffield 054,E02001664,2799,918,251,667,1881,1687,194
2021,Sheffield 055,E02001665,4369,1420,498,922,2949,2399,550
2021,Sheffield 056,E02001666,2909,909,242,667,2000,1770,230
2021,Sheffield 059,E02001669,4229,1241,369,872,2988,2668,320
2021,Sheffield 060,E02001670,2278,769,227,542,1509,1361,148
2021,Sheffield 061,E02001671,2586,774,217,557,1812,1600,212
2021,Sheffield 062,E02001672,2859,870,246,624,1989,1777,212
2021,Sheffield 063,E02001673,2796,825,241,584,1971,1785,186
2021,Sheffield 064,E02001674,4211,1368,420,948,2843,2510,333
2021,Sheffield 065,E02001675,3500,1088,309,779,2412,2180,232
2021,Sheffield 066,E02001676,2813,884,253,631,1929,1660,269
2021,Sheffield 068,E02001678,4515,1545,584,961,2970,2338,632
2021,Sheffield 069,E02001679,2604,915,248,667,1689,1485,204
2021,Sheffield 070,E02001680,2332,857,227,630,1475,1319,156
2021,Sheffield 071,E02001681,3412,1101,346,755,2311,1985,326
2021,Gateshead 001,E02001682,4018,1136,356,780,2882,2539,343
2021,Gateshead 002,E02001683,4542,1261,393,868,3281,2875,406
2021,Gateshead 003,E02001684,2832,759,194,565,2073,1870,203
2021,Gateshead 004,E02001685,3589,1007,300,707,2582,2308,274
2021,Gateshead 005,E02001686,3125,870,250,620,2255,1960,295
2021,Gateshead 007,E02001688,3652,986,298,688,2666,2369,297
2021,Gateshead 008,E02001689,2967,1260,364,896,1707,1539,168
2021,Gateshead 009,E02001690,3266,958,275,683,2308,2032,276
2021,Gateshead 010,E02001691,4024,1229,356,873,2795,2476,319
2021,Gateshead 011,E02001692,2461,833,202,631,1628,1468,160
2021,Gateshead 012,E02001693,2055,628,170,458,1427,1296,131
2021,Gateshead 013,E02001694,2920,813,226,587,2107,1874,233
2021,Gateshead 014,E02001695,2741,758,220,538,1983,1759,224
2021,Gateshead 015,E02001696,3804,1142,292,850,2662,2397,265
2021,Gateshead 016,E02001697,3777,1015,305,710,2762,2425,337
2021,Gateshead 017,E02001698,2863,855,257,598,2008,1723,285
2021,Gateshead 018,E02001699,2779,766,195,571,2013,1810,203
2021,Gateshead 019,E02001700,4836,1337,376,961,3499,3072,427
2021,Gateshead 020,E02001701,2925,781,225,556,2144,1862,282
2021,Gateshead 021,E02001702,2946,970,274,696,1976,1814,162
2021,Gateshead 022,E02001703,2399,736,249,487,1663,1428,235
2021,Gateshead 023,E02001704,2904,885,245,640,2019,1834,185
2021,Gateshead 025,E02001706,3572,976,309,667,2596,2276,320
2021,Gateshead 026,E02001707,3565,1009,263,746,2556,2281,275
2021,Newcastle upon Tyne 002,E02001709,4891,1270,422,848,3621,3083,538
2021,Newcastle upon Tyne 003,E02001710,4137,1418,430,988,2719,2475,244
2021,Newcastle upon Tyne 004,E02001711,4189,1299,348,951,2890,2525,365
2021,Newcastle upon Tyne 005,E02001712,4522,1162,418,744,3360,2749,611
2021,Newcastle upon Tyne 006,E02001713,4752,1290,427,863,3462,2841,621
2021,Newcastle upon Tyne 007,E02001714,4885,1314,396,918,3571,3068,503
2021,Newcastle upon Tyne 008,E02001715,4743,1590,488,1102,3153,2772,381
2021,Newcastle upon Tyne 011,E02001718,2868,944,284,660,1924,1700,224
2021,Newcastle upon Tyne 012,E02001719,4306,1223,356,867,3083,2669,414
2021,Newcastle upon Tyne 013,E02001720,3291,1344,787,557,1947,1558,389
2021,Newcastle upon Tyne 014,E02001721,4771,1370,403,967,3401,3008,393
2021,Newcastle upon Tyne 015,E02001722,3908,1255,317,938,2653,2409,244
2021,Newcastle upon Tyne 016,E02001723,3028,1053,308,745,1975,1739,236
2021,Newcastle upon Tyne 017,E02001724,3833,1338,752,586,2495,2057,438
2021,Newcastle upon Tyne 018,E02001725,5145,1459,593,866,3686,3298,388
2021,Newcastle upon Tyne 019,E02001726,5018,1879,554,1325,3139,2821,318
2021,Newcastle upon Tyne 020,E02001727,3911,1195,365,830,2716,2432,284
2021,Newcastle upon Tyne 021,E02001728,4317,1337,397,940,2980,2679,301
2021,Newcastle upon Tyne 022,E02001729,4315,1889,736,1153,2426,2158,268
2021,Newcastle upon Tyne 025,E02001732,2401,764,236,528,1637,1450,187
2021,Newcastle upon Tyne 027,E02001734,3065,1127,325,802,1938,1716,222
2021,Newcastle upon Tyne 028,E02001735,2365,881,261,620,1484,1315,169
2021,Newcastle upon Tyne 030,E02001737,2098,760,209,551,1338,1196,142
2021,North Tyneside 001,E02001738,2497,748,249,499,1749,1434,315
2021,North Tyneside 002,E02001739,3335,976,269,707,2359,2132,227
2021,North Tyneside 003,E02001740,2706,841,285,556,1865,1547,318
2021,North Tyneside 004,E02001741,3558,1017,272,745,2541,2226,315
2021,North Tyneside 005,E02001742,2686,780,225,555,1906,1668,238
2021,North Tyneside 006,E02001743,3733,1047,300,747,2686,2324,362
2021,North Tyneside 007,E02001744,4238,1063,288,775,3175,2758,417
2021,North Tyneside 008,E02001745,3275,950,242,708,2325,2105,220
2021,North Tyneside 009,E02001746,3795,1182,348,834,2613,2303,310
2021,North Tyneside 010,E02001747,2711,794,205,589,1917,1655,262
2021,North Tyneside 011,E02001748,4326,1171,344,827,3155,2768,387
2021,North Tyneside 012,E02001749,2970,821,203,618,2149,1879,270
2021,North Tyneside 013,E02001750,3193,921,296,625,2272,1973,299
2021,North Tyneside 014,E02001751,3229,864,204,660,2365,2095,270
2021,North Tyneside 015,E02001752,2696,860,225,635,1836,1657,179
2021,North Tyneside 016,E02001753,2868,837,264,573,2031,1709,322
2021,North Tyneside 017,E02001754,2883,833,240,593,2050,1756,294
2021,North Tyneside 018,E02001755,4969,1239,349,890,3730,3262,468
2021,North Tyneside 019,E02001756,4489,1206,340,866,3283,2965,318
2021,North Tyneside 020,E02001757,2656,840,245,595,1816,1574,242
2021,North Tyneside 021,E02001758,2604,804,193,611,1800,1633,167
2021,North Tyneside 022,E02001759,3047,793,260,533,2254,1994,260
2021,North Tyneside 023,E02001760,3122,1134,317,817,1988,1796,192
2021,North Tyneside 024,E02001761,2487,737,190,547,1750,1591,159
2021,North Tyneside 025,E02001762,3448,934,236,698,2514,2249,265
2021,North Tyneside 026,E02001763,2803,830,227,603,1973,1808,165
2021,North Tyneside 027,E02001764,3151,980,299,681,2171,1913,258
2021,North Tyneside 028,E02001765,3238,983,247,736,2255,2021,234
2021,North Tyneside 029,E02001766,3413,991,263,728,2422,2160,262
2021,North Tyneside 030,E02001767,3135,954,273,681,2181,1971,210
2021,South Tyneside 001,E02001768,3404,1089,306,783,2315,1988,327
2021,South Tyneside 002,E02001769,2830,892,243,649,1938,1691,247
2021,South Tyneside 003,E02001770,2888,792,234,558,2096,1833,263
2021,South Tyneside 004,E02001771,2373,789,223,566,1584,1392,192
2021,South Tyneside 005,E02001772,2144,626,172,454,1518,1336,182
2021,South Tyneside 006,E02001773,2228,655,204,451,1573,1318,255
2021,South Tyneside 007,E02001774,2150,653,179,474,1497,1334,163
2021,South Tyneside 008,E02001775,2136,705,196,509,1431,1240,191
2021,South Tyneside 009,E02001776,4054,1091,273,818,2963,2613,350
2021,South Tyneside 010,E02001777,3477,805,237,568,2672,2375,297
2021,South Tyneside 011,E02001778,2397,708,202,506,1689,1512,177
2021,South Tyneside 012,E02001779,2021,627,176,451,1394,1229,165
2021,South Tyneside 013,E02001780,2416,718,183,535,1698,1474,224
2021,South Tyneside 014,E02001781,2154,686,187,499,1468,1288,180
2021,South Tyneside 015,E02001782,4477,1267,301,966,3210,2813,397
2021,South Tyneside 016,E02001783,2665,901,221,680,1764,1529,235
2021,South Tyneside 017,E02001784,2707,792,184,608,1915,1685,230
2021,South Tyneside 018,E02001785,3165,947,277,670,2218,1857,361
2021,South Tyneside 019,E02001786,2785,882,233,649,1903,1690,213
2021,South Tyneside 020,E02001787,2218,659,178,481,1559,1403,156
2021,South Tyneside 021,E02001788,2534,723,203,520,1811,1574,237
2021,South Tyneside 022,E02001789,2664,787,265,522,1877,1502,375
2021,South Tyneside 023,E02001790,2627,743,233,510,1884,1600,284
2021,Sunderland 001,E02001791,2765,731,219,512,2034,1800,234
2021,Sunderland 002,E02001792,3104,910,273,637,2194,1923,271
2021,Sunderland 003,E02001793,3307,1069,262,807,2238,2021,217
2021,Sunderland 004,E02001794,3324,1122,269,853,2202,1998,204
2021,Sunderland 005,E02001795,2860,924,257,667,1936,1750,186
2021,Sunderland 006,E02001796,3786,1116,320,796,2670,2380,290
2021,Sunderland 007,E02001797,2735,698,186,512,2037,1785,252
2021,Sunderland 008,E02001798,3579,1118,302,816,2461,2234,227
2021,Sunderland 009,E02001799,3616,1028,240,788,2588,2347,241
2021,Sunderland 010,E02001800,3011,866,229,637,2145,1920,225
2021,Sunderland 011,E02001801,2379,865,261,604,1514,1391,123
2021,Sunderland 012,E02001802,2861,909,217,692,1952,1795,157
2021,Sunderland 013,E02001803,3363,1134,425,709,2229,2002,227
2021,Sunderland 014,E02001804,2610,827,206,621,1783,1602,181
2021,Sunderland 015,E02001805,2418,717,197,520,1701,1535,166
2021,Sunderland 016,E02001806,2655,901,267,634,1754,1548,206
2021,Sunderland 017,E02001807,3958,1039,286,753,2919,2543,376
2021,Sunderland 018,E02001808,2458,782,203,579,1676,1518,158
2021,Sunderland 019,E02001809,2762,815,226,589,1947,1728,219
2021,Sunderland 020,E02001810,3759,989,245,744,2770,2472,298
2021,Sunderland 021,E02001811,3366,1071,228,843,2295,2064,231
2021,Sunderland 022,E02001812,4362,1268,388,880,3094,2697,397
2021,Sunderland 023,E02001813,3762,1279,306,973,2483,2270,213
2021,Sunderland 024,E02001814,2638,844,225,619,1794,1607,187
2021,Sunderland 025,E02001815,4352,1285,408,877,3067,2668,399
2021,Sunderland 026,E02001816,2738,841,185,656,1897,1734,163
2021,Sunderland 027,E02001817,2850,884,219,665,1966,1761,205
2021,Sunderland 028,E02001818,4262,1167,314,853,3095,2744,351
2021,Sunderland 029,E02001819,3145,852,251,601,2293,2012,281
2021,Sunderland 030,E02001820,4473,1206,298,908,3267,2875,392
2021,Sunderland 031,E02001821,2694,749,206,543,1945,1711,234
2021,Sunderland 032,E02001822,3667,952,271,681,2715,2362,353
2021,Sunderland 033,E02001823,3761,1011,272,739,2750,2503,247
2021,Sunderland 034,E02001824,3476,979,262,717,2497,2208,289
2021,Sunderland 035,E02001825,3264,885,234,651,2379,2086,293
2021,Sunderland 036,E02001826,3031,871,237,634,2160,1929,231
2021,Birmingham 001,E02001827,2832,791,295,496,2041,1683,358
2021,Birmingham 002,E02001828,3101,944,345,599,2157,1773,384
2021,Birmingham 003,E02001829,4332,1229,448,781,3103,2566,537
2021,Birmingham 004,E02001830,4479,1304,517,787,3175,2529,646
2021,Birmingham 005,E02001831,4764,1326,428,898,3438,3023,415
2021,Birmingham 006,E02001832,3824,1065,383,682,2759,2328,431
2021,Birmingham 007,E02001833,2836,776,261,515,2060,1787,273
2021,Birmingham 008,E02001834,2639,800,200,600,1839,1609,230
2021,Birmingham 009,E02001835,4237,1075,396,679,3162,2639,523
2021,Birmingham 010,E02001836,4226,1142,418,724,3084,2639,445
2021,Birmingham 011,E02001837,4014,1303,378,925,2711,2449,262
2021,Birmingham 012,E02001838,3710,1031,382,649,2679,2250,429
2021,Birmingham 013,E02001839,2917,838,262,576,2079,1857,222
2021,Birmingham 014,E02001840,3488,1091,330,761,2397,2134,263
2021,Birmingham 015,E02001841,2655,733,295,438,1922,1588,334
2021,Birmingham 016,E02001842,3732,1053,339,714,2679,2415,264
2021,Birmingham 017,E02001843,2990,838,248,590,2152,1918,234
2021,Birmingham 018,E02001844,4530,1162,355,807,3368,2908,460
2021,Birmingham 019,E02001845,3216,878,244,634,2338,2119,219
2021,Birmingham 020,E02001846,3383,1067,317,750,2316,2081,235
2021,Birmingham 021,E02001847,2559,735,238,497,1824,1584,240
2021,Birmingham 022,E02001848,2660,887,296,591,1773,1612,161
2021,Birmingham 023,E02001849,3563,1034,332,702,2529,2285,244
2021,Birmingham 024,E02001850,3583,1152,380,772,2431,2228,203
2021,Birmingham 025,E02001851,4045,1111,354,757,2934,2592,342
2021,Birmingham 026,E02001852,2899,886,272,614,2013,1804,209
2021,Birmingham 029,E02001855,3768,1160,290,870,2608,2387,221
2021,Birmingham 030,E02001856,3872,1263,437,826,2609,2356,253
2021,Birmingham 031,E02001857,5528,1673,536,1137,3855,3427,428
2021,Birmingham 032,E02001858,3677,1167,455,712,2510,2225,285
2021,Birmingham 033,E02001859,3349,1470,456,1014,1879,1745,134
2021,Birmingham 034,E02001860,2859,1129,368,761,1730,1572,158
2021,Birmingham 035,E02001861,3550,1476,488,988,2074,1908,166
2021,Birmingham 036,E02001862,3508,1287,427,860,2221,2007,214
2021,Birmingham 037,E02001863,2427,1108,351,757,1319,1207,112
2021,Birmingham 039,E02001865,3596,1488,501,987,2108,1898,210
2021,Birmingham 040,E02001866,2806,1328,440,888,1478,1337,141
2021,Birmingham 041,E02001867,2493,1177,368,809,1316,1218,98
2021,Birmingham 042,E02001868,3540,1411,430,981,2129,1905,224
2021,Birmingham 043,E02001869,1894,937,323,614,957,866,91
2021,Birmingham 044,E02001870,4112,1815,566,1249,2297,2098,199
2021,Birmingham 045,E02001871,3105,933,241,692,2172,1978,194
2021,Birmingham 046,E02001872,2922,840,234,606,2082,1863,219
2021,Birmingham 047,E02001873,3695,1459,521,938,2236,2020,216
2021,Birmingham 048,E02001874,2752,1282,450,832,1470,1364,106
2021,Birmingham 049,E02001875,3094,1159,423,736,1935,1717,218
2021,Birmingham 050,E02001876,4157,2115,1082,1033,2042,1837,205
2021,Birmingham 051,E02001877,3175,1538,534,1004,1637,1497,140
2021,Birmingham 052,E02001878,2797,1187,360,827,1610,1441,169
2021,Birmingham 053,E02001879,3239,1218,460,758,2021,1807,214
2021,Birmingham 054,E02001880,3468,1213,373,840,2255,2026,229
2021,Birmingham 055,E02001881,3016,1363,454,909,1653,1504,149
2021,Birmingham 056,E02001882,3154,1139,369,770,2015,1825,190
2021,Birmingham 057,E02001883,3153,950,290,660,2203,1995,208
2021,Birmingham 058,E02001884,2763,1388,400,988,1375,1277,98
2021,Birmingham 060,E02001886,4350,1288,489,799,3062,2663,399
2021,Birmingham 062,E02001888,2551,779,236,543,1772,1619,153
2021,Birmingham 063,E02001889,2612,1278,387,891,1334,1228,106
2021,Birmingham 064,E02001890,4626,1297,574,723,3329,2765,564
2021,Birmingham 066,E02001892,3575,1535,509,1026,2040,1861,179
2021,Birmingham 067,E02001893,3456,1148,342,806,2308,2084,224
2021,Birmingham 069,E02001895,3429,1049,346,703,2380,2135,245
2021,Birmingham 070,E02001896,2765,1404,417,987,1361,1222,139
2021,Birmingham 071,E02001897,2245,1049,376,673,1196,1121,75
2021,Birmingham 072,E02001898,3031,913,293,620,2118,1881,237
2021,Birmingham 073,E02001899,3908,1042,367,675,2866,2347,519
2021,Birmingham 074,E02001900,2464,869,365,504,1595,1313,282
2021,Birmingham 075,E02001901,4421,1008,381,627,3413,2657,756
2021,Birmingham 076,E02001902,2859,873,277,596,1986,1808,178
2021,Birmingham 077,E02001903,2158,1034,318,716,1124,1039,85
2021,Birmingham 078,E02001904,2676,1056,334,722,1620,1453,167
2021,Birmingham 079,E02001905,3286,1083,588,495,2203,1799,404
2021,Birmingham 080,E02001906,4353,1266,410,856,3087,2733,354
2021,Birmingham 081,E02001907,4886,1384,416,968,3502,3139,363
2021,Birmingham 082,E02001908,2563,1178,348,830,1385,1301,84
2021,Birmingham 083,E02001909,2320,1027,360,667,1293,1206,87
2021,Birmingham 084,E02001910,2092,905,262,643,1187,1084,103
2021,Birmingham 085,E02001911,2945,957,296,661,1988,1766,222
2021,Birmingham 087,E02001913,2838,881,398,483,1957,1668,289
2021,Birmingham 088,E02001914,2812,889,328,561,1923,1597,326
2021,Birmingham 089,E02001915,5186,1570,522,1048,3616,3216,400
2021,Birmingham 090,E02001916,3483,1288,393,895,2195,1940,255
2021,Birmingham 092,E02001918,3959,1120,427,693,2839,2404,435
2021,Birmingham 093,E02001919,2936,983,389,594,1953,1638,315
2021,Birmingham 094,E02001920,2863,871,241,630,1992,1769,223
2021,Birmingham 095,E02001921,3215,945,288,657,2270,2000,270
2021,Birmingham 096,E02001922,3274,1999,1451,548,1275,1141,134
2021,Birmingham 097,E02001923,3948,1480,511,969,2468,2216,252
2021,Birmingham 098,E02001924,2908,1008,346,662,1900,1721,179
2021,Birmingham 099,E02001925,2775,866,354,512,1909,1650,259
2021,Birmingham 100,E02001926,3407,1075,425,650,2332,1996,336
2021,Birmingham 101,E02001927,2994,950,267,683,2044,1834,210
2021,Birmingham 102,E02001928,2650,844,256,588,1806,1611,195
2021,Birmingham 103,E02001929,3926,1413,392,1021,2513,2290,223
2021,Birmingham 104,E02001930,3773,1103,374,729,2670,2318,352
2021,Birmingham 105,E02001931,3602,1143,392,751,2459,2143,316
2021,Birmingham 106,E02001932,2808,847,235,612,1961,1747,214
2021,Birmingham 107,E02001933,3392,1085,332,753,2307,2028,279
2021,Birmingham 108,E02001934,3048,1050,358,692,1998,1785,213
2021,Birmingham 109,E02001935,3330,1000,309,691,2330,2024,306
2021,Birmingham 110,E02001936,2779,816,287,529,1963,1653,310
2021,Birmingham 111,E02001937,3153,1066,325,741,2087,1883,204
2021,Birmingham 112,E02001938,4125,1064,329,735,3061,2690,371
2021,Birmingham 113,E02001939,2339,666,222,444,1673,1454,219
2021,Birmingham 115,E02001941,2403,748,231,517,1655,1483,172
2021,Birmingham 116,E02001942,3048,866,287,579,2182,1904,278
2021,Birmingham 117,E02001943,2857,892,253,639,1965,1754,211
2021,Birmingham 118,E02001944,3755,989,302,687,2766,2448,318
2021,Birmingham 119,E02001945,3119,1000,300,700,2119,1886,233
2021,Birmingham 120,E02001946,3494,990,304,686,2504,2192,312
2021,Birmingham 121,E02001947,2001,694,187,507,1307,1177,130
2021,Birmingham 122,E02001948,3477,1010,305,705,2467,2213,254
2021,Birmingham 123,E02001949,2712,812,255,557,1900,1686,214
2021,Birmingham 124,E02001950,4017,1048,291,757,2969,2666,303
2021,Birmingham 125,E02001951,3414,1070,346,724,2344,2110,234
2021,Birmingham 126,E02001952,3341,1078,316,762,2263,2070,193
2021,Birmingham 127,E02001953,3083,882,268,614,2201,1902,299
2021,Birmingham 128,E02001954,2648,865,272,593,1783,1598,185
2021,Birmingham 129,E02001955,3628,933,278,655,2695,2406,289
2021,Birmingham 130,E02001956,3214,865,263,602,2349,2062,287
2021,Birmingham 131,E02001957,3727,1029,317,712,2698,2421,277
2021,Coventry 001,E02001958,3825,1028,333,695,2797,2513,284
2021,Coventry 002,E02001959,3203,848,252,596,2355,2118,237
2021,Coventry 004,E02001961,3248,967,268,699,2281,2079,202
2021,Coventry 005,E02001962,3156,872,236,636,2284,2018,266
2021,Coventry 006,E02001963,2910,805,254,551,2105,1864,241
2021,Coventry 007,E02001964,4329,1270,328,942,3059,2774,285
2021,Coventry 008,E02001965,3843,1031,279,752,2812,2545,267
2021,Coventry 009,E02001966,2762,901,278,623,1861,1687,174
2021,Coventry 010,E02001967,3229,871,276,595,2358,1998,360
2021,Coventry 011,E02001968,3574,1061,311,750,2513,2264,249
2021,Coventry 012,E02001969,2952,848,269,579,2104,1901,203
2021,Coventry 013,E02001970,2624,667,181,486,1957,1791,166
2021,Coventry 014,E02001971,3025,838,248,590,2187,1946,241
2021,Coventry 015,E02001972,4356,1450,448,1002,2906,2615,291
2021,Coventry 016,E02001973,3751,1057,310,747,2694,2442,252
2021,Coventry 017,E02001974,4797,1184,381,803,3613,3198,415
2021,Coventry 018,E02001975,3842,1058,311,747,2784,2509,275
2021,Coventry 019,E02001976,3347,857,274,583,2490,2268,222
2021,Coventry 020,E02001977,4223,1240,467,773,2983,2684,299
2021,Coventry 021,E02001978,3224,887,265,622,2337,2133,204
2021,Coventry 022,E02001979,2752,740,216,524,2012,1787,225
2021,Coventry 023,E02001980,2640,666,196,470,1974,1721,253
2021,Coventry 024,E02001981,4292,1768,696,1072,2524,2300,224
2021,Coventry 025,E02001982,4215,976,307,669,3239,2880,359
2021,Coventry 026,E02001983,3707,944,304,640,2763,2481,282
2021,Coventry 027,E02001984,5072,1396,459,937,3676,3285,391
2021,Coventry 028,E02001985,3294,1338,653,685,1956,1812,144
2021,Coventry 029,E02001986,3431,898,250,648,2533,2286,247
2021,Coventry 030,E02001987,2850,796,366,430,2054,1833,221
2021,Coventry 031,E02001988,3531,1420,735,685,2111,1872,239
2021,Coventry 032,E02001989,2964,777,266,511,2187,1958,229
2021,Coventry 033,E02001990,4511,1135,338,797,3376,3028,348
2021,Coventry 034,E02001991,3929,1094,468,626,2835,2429,406
2021,Coventry 035,E02001992,4515,1280,378,902,3235,2905,330
2021,Coventry 036,E02001993,3446,1145,460,685,2301,1990,311
2021,Coventry 037,E02001994,3709,965,298,667,2744,2430,314
2021,Coventry 038,E02001995,4598,1082,352,730,3516,3195,321
2021,Coventry 039,E02001996,3023,838,216,622,2185,1984,201
2021,Coventry 040,E02001997,3945,1062,309,753,2883,2530,353
2021,Coventry 041,E02001998,2811,770,256,514,2041,1762,279
2021,Coventry 042,E02001999,2670,1058,594,464,1612,1346,266
2021,Dudley 001,E02002000,3653,1132,322,810,2521,2191,330
2021,Dudley 002,E02002001,2917,836,257,579,2081,1819,262
2021,Dudley 003,E02002002,2960,847,282,565,2113,1798,315
2021,Dudley 004,E02002003,4101,1196,376,820,2905,2553,352
2021,Dudley 005,E02002004,3295,968,286,682,2327,2042,285
2021,Dudley 006,E02002005,3837,1185,355,830,2652,2330,322
2021,Dudley 007,E02002006,2898,856,235,621,2042,1754,288
2021,Dudley 008,E02002007,4125,1227,397,830,2898,2495,403
2021,Dudley 009,E02002008,4376,1201,322,879,3175,2739,436
2021,Dudley 010,E02002009,2675,906,275,631,1769,1567,202
2021,Dudley 011,E02002010,3382,974,297,677,2408,2140,268
2021,Dudley 012,E02002011,2779,814,246,568,1965,1663,302
2021,Dudley 013,E02002012,3401,1025,306,719,2376,2112,264
2021,Dudley 014,E02002013,2887,887,315,572,2000,1676,324
2021,Dudley 015,E02002014,3370,1061,305,756,2309,2037,272
2021,Dudley 016,E02002015,3429,931,277,654,2498,2173,325
2021,Dudley 017,E02002016,3201,1039,303,736,2162,1914,248
2021,Dudley 018,E02002017,3385,1003,306,697,2382,2144,238
2021,Dudley 019,E02002018,4021,1240,408,832,2781,2367,414
2021,Dudley 020,E02002019,3226,993,284,709,2233,1970,263
2021,Dudley 021,E02002020,4598,1284,401,883,3314,2856,458
2021,Dudley 022,E02002021,3292,930,330,600,2362,2058,304
2021,Dudley 023,E02002022,4202,1194,350,844,3008,2658,350
2021,Dudley 024,E02002023,2581,744,204,540,1837,1604,233
2021,Dudley 025,E02002024,4128,1207,349,858,2921,2541,380
2021,Dudley 026,E02002025,4120,1148,313,835,2972,2625,347
2021,Dudley 027,E02002026,3272,968,294,674,2304,2016,288
2021,Dudley 028,E02002027,2926,899,283,616,2027,1765,262
2021,Dudley 029,E02002028,2655,781,230,551,1874,1573,301
2021,Dudley 030,E02002029,2824,795,240,555,2029,1758,271
2021,Dudley 031,E02002030,3071,966,304,662,2105,1845,260
2021,Dudley 032,E02002031,2848,864,276,588,1984,1739,245
2021,Dudley 033,E02002032,4607,1280,414,866,3327,2946,381
2021,Dudley 034,E02002033,3640,1016,300,716,2624,2322,302
2021,Dudley 035,E02002034,3929,1188,366,822,2741,2328,413
2021,Dudley 036,E02002035,2747,833,246,587,1914,1638,276
2021,Dudley 037,E02002036,2639,810,260,550,1829,1603,226
2021,Dudley 038,E02002037,2661,826,243,583,1835,1565,270
2021,Dudley 039,E02002038,4307,1297,403,894,3010,2638,372
2021,Dudley 040,E02002039,2816,785,274,511,2031,1711,320
2021,Dudley 041,E02002040,2602,793,273,520,1809,1500,309
2021,Dudley 042,E02002041,2536,784,265,519,1752,1451,301
2021,Dudley 043,E02002042,3729,1093,331,762,2636,2290,346
2021,Sandwell 001,E02002043,3641,1096,311,785,2545,2224,321
2021,Sandwell 002,E02002044,3574,1031,283,748,2543,2295,248
2021,Sandwell 003,E02002045,3373,956,257,699,2417,2157,260
2021,Sandwell 004,E02002046,2011,657,161,496,1354,1206,148
2021,Sandwell 005,E02002047,2797,853,244,609,1944,1753,191
2021,Sandwell 006,E02002048,3227,885,280,605,2342,2050,292
2021,Sandwell 007,E02002049,2770,789,216,573,1981,1746,235
2021,Sandwell 009,E02002051,2247,670,172,498,1577,1381,196
2021,Sandwell 010,E02002052,4633,1413,392,1021,3220,2883,337
2021,Sandwell 011,E02002053,2781,830,294,536,1951,1738,213
2021,Sandwell 012,E02002054,2561,691,214,477,1870,1673,197
2021,Sandwell 013,E02002055,4619,1383,415,968,3236,2895,341
2021,Sandwell 014,E02002056,3885,1178,364,814,2707,2393,314
2021,Sandwell 015,E02002057,4301,1291,365,926,3010,2650,360
2021,Sandwell 016,E02002058,6102,1695,556,1139,4407,3929,478
2021,Sandwell 017,E02002059,4768,1413,440,973,3355,2998,357
2021,Sandwell 018,E02002060,2635,837,203,634,1798,1593,205
2021,Sandwell 019,E02002061,2520,885,254,631,1635,1432,203
2021,Sandwell 020,E02002062,3357,1111,308,803,2246,2048,198
2021,Sandwell 021,E02002063,4632,1294,439,855,3338,2972,366
2021,Sandwell 022,E02002064,5644,1561,420,1141,4083,3602,481
2021,Sandwell 023,E02002065,5124,1916,543,1373,3208,2835,373
2021,Sandwell 024,E02002066,3011,962,306,656,2049,1850,199
2021,Sandwell 025,E02002067,2757,761,252,509,1996,1755,241
2021,Sandwell 027,E02002069,2963,771,236,535,2192,1960,232
2021,Sandwell 028,E02002070,3629,1284,406,878,2345,2108,237
2021,Sandwell 029,E02002071,2713,783,221,562,1930,1683,247
2021,Sandwell 030,E02002072,4013,1126,352,774,2887,2580,307
2021,Sandwell 031,E02002073,3251,1061,338,723,2190,1964,226
2021,Sandwell 032,E02002074,3518,1010,311,699,2508,2242,266
2021,Sandwell 033,E02002075,3834,1056,336,720,2778,2418,360
2021,Sandwell 034,E02002076,5300,1432,478,954,3868,3361,507
2021,Sandwell 035,E02002077,4657,1338,424,914,3319,2956,363
2021,Sandwell 036,E02002078,3056,876,275,601,2180,1935,245
2021,Sandwell 037,E02002079,3739,1073,336,737,2666,2392,274
2021,Sandwell 038,E02002080,3206,897,273,624,2309,1999,310
2021,Solihull 001,E02002081,2412,692,232,460,1720,1513,207
2021,Solihull 002,E02002082,2263,670,194,476,1593,1449,144
2021,Solihull 003,E02002083,2895,825,267,558,2070,1848,222
2021,Solihull 004,E02002084,2686,768,238,530,1918,1725,193
2021,Solihull 005,E02002085,2715,744,222,522,1971,1748,223
2021,Solihull 006,E02002086,2273,672,198,474,1601,1444,157
2021,Solihull 007,E02002087,2452,704,223,481,1748,1565,183
2021,Solihull 008,E02002088,3684,1099,335,764,2585,2329,256
2021,Solihull 009,E02002089,3765,1015,326,689,2750,2412,338
2021,Solihull 010,E02002090,2920,790,252,538,2130,1884,246
2021,Solihull 011,E02002091,3623,1050,335,715,2573,2292,281
2021,Solihull 012,E02002092,3282,883,285,598,2399,2141,258
2021,Solihull 013,E02002093,3078,854,319,535,2224,1952,272
2021,Solihull 014,E02002094,2716,787,280,507,1929,1609,320
2021,Solihull 015,E02002095,4062,1196,454,742,2866,2443,423
2021,Solihull 016,E02002096,4529,1259,488,771,3270,2716,554
2021,Solihull 017,E02002097,3525,1024,383,641,2501,1964,537
2021,Solihull 018,E02002098,4522,1295,438,857,3227,2803,424
2021,Solihull 019,E02002099,3108,912,374,538,2196,1715,481
2021,Solihull 021,E02002101,2908,811,274,537,2097,1851,246
2021,Solihull 022,E02002102,4088,1163,408,755,2925,2542,383
2021,Solihull 023,E02002103,2736,761,270,491,1975,1683,292
2021,Solihull 024,E02002104,2833,841,322,519,1992,1642,350
2021,Solihull 025,E02002105,3901,1136,475,661,2765,2203,562
2021,Solihull 026,E02002106,4143,1257,513,744,2886,2296,590
2021,Solihull 027,E02002107,2628,734,289,445,1894,1600,294
2021,Solihull 028,E02002108,4344,1360,542,818,2984,2340,644
2021,Solihull 029,E02002109,6473,1636,590,1046,4837,3994,843
2021,Walsall 001,E02002110,3413,940,280,660,2473,2097,376
2021,Walsall 002,E02002111,2607,761,236,525,1846,1574,272
2021,Walsall 003,E02002112,2432,689,197,492,1743,1517,226
2021,Walsall 004,E02002113,2936,865,269,596,2071,1805,266
2021,Walsall 005,E02002114,2687,742,210,532,1945,1699,246
2021,Walsall 006,E02002115,2690,782,202,580,1908,1642,266
2021,Walsall 007,E02002116,3146,850,272,578,2296,1944,352
2021,Walsall 008,E02002117,2872,827,237,590,2045,1782,263
2021,Walsall 009,E02002118,2935,880,228,652,2055,1815,240
2021,Walsall 010,E02002119,2788,816,215,601,1972,1711,261
2021,Walsall 011,E02002120,2807,816,241,575,1991,1742,249
2021,Walsall 012,E02002121,2444,753,229,524,1691,1472,219
2021,Walsall 013,E02002122,2667,811,215,596,1856,1635,221
2021,Walsall 014,E02002123,2819,772,223,549,2047,1794,253
2021,Walsall 015,E02002124,2979,905,301,604,2074,1776,298
2021,Walsall 016,E02002125,2872,819,246,573,2053,1769,284
2021,Walsall 017,E02002126,2436,736,173,563,1700,1505,195
2021,Walsall 018,E02002127,3644,1100,297,803,2544,2248,296
2021,Walsall 019,E02002128,2371,630,189,441,1741,1520,221
2021,Walsall 020,E02002129,2691,723,213,510,1968,1724,244
2021,Walsall 021,E02002130,2651,856,247,609,1795,1583,212
2021,Walsall 022,E02002131,3667,1103,397,706,2564,2180,384
2021,Walsall 023,E02002132,2577,814,220,594,1763,1576,187
2021,Walsall 024,E02002133,2996,833,238,595,2163,1826,337
2021,Walsall 025,E02002134,3856,1109,308,801,2747,2397,350
2021,Walsall 026,E02002135,2956,960,294,666,1996,1779,217
2021,Walsall 027,E02002136,3512,992,324,668,2520,2225,295
2021,Walsall 028,E02002137,2828,842,303,539,1986,1637,349
2021,Walsall 029,E02002138,2769,878,279,599,1891,1650,241
2021,Walsall 030,E02002139,3956,1419,491,928,2537,2222,315
2021,Walsall 031,E02002140,3081,1147,359,788,1934,1710,224
2021,Walsall 032,E02002141,3133,839,248,591,2294,1961,333
2021,Walsall 033,E02002142,2781,988,264,724,1793,1605,188
2021,Walsall 034,E02002143,3277,1523,426,1097,1754,1561,193
2021,Walsall 035,E02002144,3119,897,317,580,2222,1875,347
2021,Walsall 036,E02002145,3349,1005,271,734,2344,2092,252
2021,Walsall 037,E02002146,2549,920,277,643,1629,1438,191
2021,Walsall 038,E02002147,3619,984,261,723,2635,2354,281
2021,Walsall 039,E02002148,5632,1582,456,1126,4050,3534,516
2021,Wolverhampton 001,E02002149,4396,1234,350,884,3162,2802,360
2021,Wolverhampton 002,E02002150,2557,727,205,522,1830,1616,214
2021,Wolverhampton 003,E02002151,2416,691,195,496,1725,1525,200
2021,Wolverhampton 004,E02002152,2330,737,213,524,1593,1403,190
2021,Wolverhampton 005,E02002153,3296,985,241,744,2311,2056,255
2021,Wolverhampton 006,E02002154,3554,840,242,598,2714,2387,327
2021,Wolverhampton 007,E02002155,2244,836,217,619,1408,1277,131
2021,Wolverhampton 008,E02002156,3831,1090,321,769,2741,2439,302
2021,Wolverhampton 009,E02002157,3774,1086,345,741,2688,2355,333
2021,Wolverhampton 010,E02002158,3192,939,285,654,2253,1979,274
2021,Wolverhampton 011,E02002159,2392,762,245,517,1630,1432,198
2021,Wolverhampton 012,E02002160,3393,903,257,646,2490,2187,303
2021,Wolverhampton 013,E02002161,2927,850,275,575,2077,1834,243
2021,Wolverhampton 014,E02002162,3326,978,317,661,2348,1951,397
2021,Wolverhampton 015,E02002163,4653,1324,425,899,3329,2999,330
2021,Wolverhampton 016,E02002164,2386,813,309,504,1573,1375,198
2021,Wolverhampton 017,E02002165,3538,981,318,663,2557,2284,273
2021,Wolverhampton 018,E02002166,3541,1037,319,718,2504,2206,298
2021,Wolverhampton 019,E02002167,3017,871,318,553,2146,1829,317
2021,Wolverhampton 020,E02002168,4490,1464,520,944,3026,2647,379
2021,Wolverhampton 021,E02002169,3920,1078,358,720,2842,2395,447
2021,Wolverhampton 022,E02002170,2601,767,200,567,1834,1604,230
2021,Wolverhampton 023,E02002171,3032,875,253,622,2157,1905,252
2021,Wolverhampton 026,E02002174,3575,1010,344,666,2565,2258,307
2021,Wolverhampton 027,E02002175,3036,905,288,617,2131,1900,231
2021,Wolverhampton 028,E02002176,3380,1002,297,705,2378,2057,321
2021,Wolverhampton 029,E02002177,4946,1307,371,936,3639,3199,440
2021,Wolverhampton 030,E02002178,3638,1003,330,673,2635,2285,350
2021,Wolverhampton 031,E02002179,3029,867,256,611,2162,1891,271
2021,Wolverhampton 032,E02002180,2797,796,228,568,2001,1770,231
2021,Wolverhampton 033,E02002181,3593,959,268,691,2634,2291,343
2021,Wolverhampton 034,E02002182,2876,817,244,573,2059,1794,265
2021,Bradford 001,E02002183,2375,821,332,489,1554,1261,293
2021,Bradford 002,E02002184,5798,1933,753,1180,3865,3068,797
2021,Bradford 003,E02002185,2785,866,288,578,1919,1588,331
2021,Bradford 005,E02002187,2919,949,322,627,1970,1630,340
2021,Bradford 006,E02002188,3749,1216,410,806,2533,2159,374
2021,Bradford 007,E02002189,2629,1061,343,718,1568,1365,203
2021,Bradford 008,E02002190,4541,1806,548,1258,2735,2461,274
2021,Bradford 009,E02002191,3668,1319,371,948,2349,2128,221
2021,Bradford 010,E02002192,4306,1253,426,827,3053,2598,455
2021,Bradford 011,E02002193,2633,834,250,584,1799,1611,188
2021,Bradford 012,E02002194,3269,1022,243,779,2247,1955,292
2021,Bradford 013,E02002195,2927,874,283,591,2053,1732,321
2021,Bradford 014,E02002196,3113,904,267,637,2209,1890,319
2021,Bradford 015,E02002197,4339,1174,333,841,3165,2781,384
2021,Bradford 016,E02002198,3977,1158,358,800,2819,2487,332
2021,Bradford 017,E02002199,3873,1059,304,755,2814,2444,370
2021,Bradford 018,E02002200,4236,1226,373,853,3010,2582,428
2021,Bradford 019,E02002201,6077,1581,437,1144,4496,3928,568
2021,Bradford 020,E02002202,3656,1000,318,682,2656,2386,270
2021,Bradford 021,E02002203,3406,960,236,724,2446,2200,246
2021,Bradford 022,E02002204,5369,1597,477,1120,3772,3238,534
2021,Bradford 023,E02002205,4929,1550,528,1022,3379,2836,543
2021,Bradford 024,E02002206,3904,1249,310,939,2655,2353,302
2021,Bradford 025,E02002207,2880,1137,331,806,1743,1573,170
2021,Bradford 026,E02002208,3442,1080,267,813,2362,2072,290
2021,Bradford 027,E02002209,2713,933,245,688,1780,1598,182
2021,Bradford 028,E02002210,3261,1212,318,894,2049,1845,204
2021,Bradford 029,E02002211,2685,1105,351,754,1580,1447,133
2021,Bradford 030,E02002212,2968,1302,352,950,1666,1500,166
2021,Bradford 031,E02002213,3724,1062,326,736,2662,2193,469
2021,Bradford 032,E02002214,2893,964,252,712,1929,1726,203
2021,Bradford 033,E02002215,3598,1548,497,1051,2050,1911,139
2021,Bradford 034,E02002216,3245,1446,450,996,1799,1623,176
2021,Bradford 035,E02002217,3313,1374,350,1024,1939,1778,161
2021,Bradford 036,E02002218,3942,1376,362,1014,2566,2299,267
2021,Bradford 037,E02002219,2533,1139,316,823,1394,1300,94
2021,Bradford 038,E02002220,3180,1467,431,1036,1713,1580,133
2021,Bradford 040,E02002222,3194,1259,352,907,1935,1793,142
2021,Bradford 041,E02002223,2375,1079,346,733,1296,1190,106
2021,Bradford 042,E02002224,3055,1462,404,1058,1593,1476,117
2021,Bradford 043,E02002225,3912,1220,305,915,2692,2342,350
2021,Bradford 044,E02002226,4219,1997,728,1269,2222,2075,147
2021,Bradford 045,E02002227,1968,736,205,531,1232,1137,95
2021,Bradford 046,E02002228,2751,911,230,681,1840,1690,150
2021,Bradford 047,E02002229,3510,1037,284,753,2473,2177,296
2021,Bradford 048,E02002230,2557,1038,332,706,1519,1425,94
2021,Bradford 049,E02002231,5261,1933,528,1405,3328,3007,321
2021,Bradford 050,E02002232,2397,920,269,651,1477,1330,147
2021,Bradford 051,E02002233,2807,1239,333,906,1568,1461,107
2021,Bradford 052,E02002234,2474,775,189,586,1699,1577,122
2021,Bradford 053,E02002235,2377,901,256,645,1476,1357,119
2021,Bradford 054,E02002236,2760,948,225,723,1812,1653,159
2021,Bradford 055,E02002237,3751,1206,341,865,2545,2289,256
2021,Bradford 056,E02002238,2448,830,226,604,1618,1457,161
2021,Bradford 057,E02002239,4889,1471,403,1068,3418,3032,386
2021,Bradford 058,E02002240,5892,1616,457,1159,4276,3717,559
2021,Bradford 059,E02002241,5321,1604,413,1191,3717,3320,397
2021,Bradford 060,E02002242,3661,970,259,711,2691,2397,294
2021,Bradford 061,E02002243,4167,1144,340,804,3023,2668,355
2021,Calderdale 001,E02002244,2872,793,225,568,2079,1805,274
2021,Calderdale 002,E02002245,2049,641,187,454,1408,1220,188
2021,Calderdale 003,E02002246,4758,1443,475,968,3315,2838,477
2021,Calderdale 004,E02002247,4504,1662,561,1101,2842,2363,479
2021,Calderdale 005,E02002248,3357,1020,264,756,2337,2066,271
2021,Calderdale 006,E02002249,2271,707,198,509,1564,1413,151
2021,Calderdale 007,E02002250,3794,1232,442,790,2562,2153,409
2021,Calderdale 008,E02002251,3604,962,323,639,2642,2325,317
2021,Calderdale 009,E02002252,3023,915,255,660,2108,1846,262
2021,Calderdale 010,E02002253,3073,1191,315,876,1882,1695,187
2021,Calderdale 011,E02002254,3037,881,283,598,2156,1835,321
2021,Calderdale 012,E02002255,2216,1008,319,689,1208,1090,118
2021,Calderdale 013,E02002256,4246,1516,495,1021,2730,2355,375
2021,Calderdale 014,E02002257,2192,959,307,652,1233,1132,101
2021,Calderdale 015,E02002258,4349,1228,399,829,3121,2663,458
2021,Calderdale 016,E02002259,3325,986,344,642,2339,2063,276
2021,Calderdale 017,E02002260,4464,1280,388,892,3184,2791,393
2021,Calderdale 018,E02002261,3805,1072,330,742,2733,2370,363
2021,Calderdale 019,E02002262,3535,1071,324,747,2464,2141,323
2021,Calderdale 020,E02002263,2988,941,287,654,2047,1748,299
2021,Calderdale 021,E02002264,3238,1021,361,660,2217,1895,322
2021,Calderdale 022,E02002265,2649,865,289,576,1784,1535,249
2021,Calderdale 023,E02002266,2657,773,240,533,1884,1659,225
2021,Calderdale 024,E02002267,3643,1101,343,758,2542,2198,344
2021,Calderdale 025,E02002268,4733,1343,406,937,3390,2963,427
2021,Calderdale 026,E02002269,4676,1291,412,879,3385,2909,476
2021,Calderdale 027,E02002270,4329,1257,425,832,3072,2464,608
2021,Kirklees 001,E02002271,3779,1030,320,710,2749,2352,397
2021,Kirklees 002,E02002272,4604,1243,353,890,3361,2933,428
2021,Kirklees 003,E02002273,3367,965,263,702,2402,2083,319
2021,Kirklees 004,E02002274,3347,925,269,656,2422,2052,370
2021,Kirklees 005,E02002275,4093,1090,299,791,3003,2659,344
2021,Kirklees 006,E02002276,3459,1037,293,744,2422,2140,282
2021,Kirklees 007,E02002277,2917,999,285,714,1918,1709,209
2021,Kirklees 008,E02002278,3055,894,308,586,2161,1866,295
2021,Kirklees 009,E02002279,2787,845,269,576,1942,1699,243
2021,Kirklees 010,E02002280,2522,983,255,728,1539,1410,129
2021,Kirklees 011,E02002281,4753,1577,399,1178,3176,2854,322
2021,Kirklees 012,E02002282,2972,1164,302,862,1808,1657,151
2021,Kirklees 013,E02002283,2757,1237,348,889,1520,1420,100
2021,Kirklees 014,E02002284,2931,872,257,615,2059,1808,251
2021,Kirklees 015,E02002285,3811,1092,318,774,2719,2353,366
2021,Kirklees 016,E02002286,2504,907,217,690,1597,1403,194
2021,Kirklees 017,E02002287,2939,1084,330,754,1855,1671,184
2021,Kirklees 018,E02002288,4577,1361,383,978,3216,2775,441
2021,Kirklees 019,E02002289,2473,1089,307,782,1384,1234,150
2021,Kirklees 020,E02002290,2915,854,243,611,2061,1784,277
2021,Kirklees 021,E02002291,3058,895,271,624,2163,1861,302
2021,Kirklees 022,E02002292,2536,793,270,523,1743,1504,239
2021,Kirklees 023,E02002293,2835,1246,295,951,1589,1385,204
2021,Kirklees 024,E02002294,3919,1764,535,1229,2155,1958,197
2021,Kirklees 025,E02002295,2832,908,260,648,1924,1724,200
2021,Kirklees 026,E02002296,3233,888,270,618,2345,2035,310
2021,Kirklees 027,E02002297,3091,979,313,666,2112,1840,272
2021,Kirklees 028,E02002298,2878,886,259,627,1992,1664,328
2021,Kirklees 029,E02002299,2523,944,329,615,1579,1448,131
2021,Kirklees 030,E02002300,4103,1074,314,760,3029,2647,382
2021,Kirklees 031,E02002301,3069,1167,396,771,1902,1706,196
2021,Kirklees 032,E02002302,3008,857,276,581,2151,1793,358
2021,Kirklees 033,E02002303,3073,916,286,630,2157,1841,316
2021,Kirklees 034,E02002304,3024,978,385,593,2046,1820,226
2021,Kirklees 035,E02002305,2559,918,263,655,1641,1472,169
2021,Kirklees 036,E02002306,3100,918,265,653,2182,1838,344
2021,Kirklees 037,E02002307,2623,803,221,582,1820,1627,193
2021,Kirklees 038,E02002308,3408,952,261,691,2456,2109,347
2021,Kirklees 039,E02002309,2581,973,346,627,1608,1426,182
2021,Kirklees 040,E02002310,2631,808,232,576,1823,1656,167
2021,Kirklees 041,E02002311,3030,871,271,600,2159,1916,243
2021,Kirklees 042,E02002312,3013,1195,525,670,1818,1620,198
2021,Kirklees 043,E02002313,2482,1030,320,710,1452,1322,130
2021,Kirklees 044,E02002314,2460,752,220,532,1708,1497,211
2021,Kirklees 045,E02002315,3286,929,288,641,2357,2059,298
2021,Kirklees 046,E02002316,3241,927,282,645,2314,1936,378
2021,Kirklees 047,E02002317,2860,1054,290,764,1806,1612,194
2021,Kirklees 048,E02002318,2536,861,290,571,1675,1476,199
2021,Kirklees 049,E02002319,3589,1046,353,693,2543,2253,290
2021,Kirklees 050,E02002320,2650,798,269,529,1852,1598,254
2021,Kirklees 051,E02002321,2981,983,387,596,1998,1624,374
2021,Kirklees 052,E02002322,3047,910,293,617,2137,1818,319
2021,Kirklees 053,E02002323,3819,1156,416,740,2663,2206,457
2021,Kirklees 054,E02002324,3056,845,295,550,2211,1860,351
2021,Kirklees 055,E02002325,4230,1287,431,856,2943,2511,432
2021,Kirklees 056,E02002326,2977,917,322,595,2060,1663,397
2021,Kirklees 057,E02002327,4837,1342,476,866,3495,2891,604
2021,Kirklees 058,E02002328,3349,1048,389,659,2301,1898,403
2021,Kirklees 059,E02002329,5999,1767,674,1093,4232,3464,768
2021,Leeds 001,E02002330,3037,954,312,642,2083,1711,372
2021,Leeds 002,E02002331,2978,827,300,527,2151,1778,373
2021,Leeds 003,E02002332,3000,971,336,635,2029,1743,286
2021,Leeds 004,E02002333,3759,1179,394,785,2580,2206,374
2021,Leeds 005,E02002334,3468,1048,381,667,2420,1932,488
2021,Leeds 006,E02002335,3493,1098,403,695,2395,1858,537
2021,Leeds 007,E02002336,3249,1022,392,630,2227,1739,488
2021,Leeds 008,E02002337,3938,1063,366,697,2875,2358,517
2021,Leeds 009,E02002338,3505,955,285,670,2550,2186,364
2021,Leeds 010,E02002339,2682,810,234,576,1872,1668,204
2021,Leeds 011,E02002340,2877,855,259,596,2022,1744,278
2021,Leeds 012,E02002341,3441,1028,370,658,2413,1978,435
2021,Leeds 013,E02002342,2800,781,237,544,2019,1756,263
2021,Leeds 014,E02002343,3130,861,281,580,2269,1956,313
2021,Leeds 015,E02002344,3712,1081,390,691,2631,2261,370
2021,Leeds 016,E02002345,2867,800,304,496,2067,1694,373
2021,Leeds 017,E02002346,2858,872,242,630,1986,1739,247
2021,Leeds 018,E02002347,2579,941,291,650,1638,1441,197
2021,Leeds 019,E02002348,2916,872,250,622,2044,1772,272
2021,Leeds 020,E02002349,2961,777,288,489,2184,1790,394
2021,Leeds 021,E02002350,2950,860,311,549,2090,1779,311
2021,Leeds 022,E02002351,2642,756,293,463,1886,1533,353
2021,Leeds 023,E02002352,3922,1101,332,769,2821,2399,422
2021,Leeds 024,E02002353,3054,885,280,605,2169,1842,327
2021,Leeds 025,E02002354,3796,1082,342,740,2714,2383,331
2021,Leeds 027,E02002356,4841,1209,373,836,3632,3032,600
2021,Leeds 028,E02002357,4211,1108,344,764,3103,2670,433
2021,Leeds 029,E02002358,4051,1084,270,814,2967,2628,339
2021,Leeds 030,E02002359,3040,859,279,580,2181,1767,414
2021,Leeds 031,E02002360,3683,944,290,654,2739,2426,313
2021,Leeds 032,E02002361,2924,837,276,561,2087,1798,289
2021,Leeds 033,E02002362,3572,1040,311,729,2532,2257,275
2021,Leeds 034,E02002363,4265,908,291,617,3357,2872,485
2021,Leeds 035,E02002364,2279,718,180,538,1561,1383,178
2021,Leeds 037,E02002366,3685,1182,379,803,2503,2157,346
2021,Leeds 038,E02002367,2760,919,278,641,1841,1698,143
2021,Leeds 039,E02002368,4583,1143,347,796,3440,2942,498
2021,Leeds 040,E02002369,3350,1054,317,737,2296,2063,233
2021,Leeds 041,E02002370,3182,961,237,724,2221,2004,217
2021,Leeds 042,E02002371,4581,1606,486,1120,2975,2662,313
2021,Leeds 044,E02002373,3847,1726,886,840,2121,1907,214
2021,Leeds 045,E02002374,3609,1003,336,667,2606,2347,259
2021,Leeds 046,E02002375,2720,793,268,525,1927,1761,166
2021,Leeds 047,E02002376,2869,1099,311,788,1770,1621,149
2021,Leeds 048,E02002377,2657,1184,344,840,1473,1354,119
2021,Leeds 050,E02002379,2416,787,225,562,1629,1467,162
2021,Leeds 051,E02002380,2750,771,231,540,1979,1739,240
2021,Leeds 052,E02002381,3332,785,216,569,2547,2256,291
2021,Leeds 053,E02002382,2345,991,322,669,1354,1239,115
2021,Leeds 054,E02002383,2475,1416,855,561,1059,958,101
2021,Leeds 055,E02002384,3947,1558,707,851,2389,2149,240
2021,Leeds 056,E02002385,4417,1503,696,807,2914,2665,249
2021,Leeds 057,E02002386,4500,1165,354,811,3335,2920,415
2021,Leeds 058,E02002387,2889,808,236,572,2081,1877,204
2021,Leeds 059,E02002388,3791,1072,298,774,2719,2464,255
2021,Leeds 060,E02002389,2893,993,287,706,1900,1715,185
2021,Leeds 061,E02002390,3578,876,248,628,2702,2439,263
2021,Leeds 062,E02002391,4255,1085,311,774,3170,2819,351
2021,Leeds 063,E02002392,2686,1235,738,497,1451,1339,112
2021,Leeds 064,E02002393,3357,1140,376,764,2217,2013,204
2021,Leeds 065,E02002394,2736,959,274,685,1777,1626,151
2021,Leeds 066,E02002395,3481,987,283,704,2494,2224,270
2021,Leeds 067,E02002396,4538,1176,335,841,3362,3003,359
2021,Leeds 068,E02002397,3723,1016,273,743,2707,2397,310
2021,Leeds 069,E02002398,3674,993,306,687,2681,2382,299
2021,Leeds 070,E02002399,2727,867,269,598,1860,1674,186
2021,Leeds 071,E02002400,4070,1160,393,767,2910,2693,217
2021,Leeds 072,E02002401,2573,849,238,611,1724,1534,190
2021,Leeds 073,E02002402,2983,785,246,539,2198,1945,253
2021,Leeds 074,E02002403,2951,838,265,573,2113,1825,288
2021,Leeds 075,E02002404,5662,1317,414,903,4345,3877,468
2021,Leeds 076,E02002405,4337,1180,327,853,3157,2758,399
2021,Leeds 077,E02002406,3484,929,250,679,2555,2213,342
2021,Leeds 078,E02002407,2675,798,235,563,1877,1707,170
2021,Leeds 079,E02002408,3789,940,285,655,2849,2470,379
2021,Leeds 080,E02002409,2831,816,240,576,2015,1770,245
2021,Leeds 081,E02002410,3344,855,259,596,2489,2241,248
2021,Leeds 082,E02002411,4567,1122,380,742,3445,3074,371
2021,Leeds 083,E02002412,3808,879,250,629,2929,2597,332
2021,Leeds 085,E02002414,2825,959,303,656,1866,1691,175
2021,Leeds 086,E02002415,2818,1155,350,805,1663,1503,160
2021,Leeds 087,E02002416,3100,851,218,633,2249,1929,320
2021,Leeds 088,E02002417,3549,948,278,670,2601,2254,347
2021,Leeds 089,E02002418,3467,954,278,676,2513,2227,286
2021,Leeds 090,E02002419,3528,1109,316,793,2419,2159,260
2021,Leeds 091,E02002420,3814,1156,349,807,2658,2380,278
2021,Leeds 092,E02002421,2508,846,229,617,1662,1493,169
2021,Leeds 093,E02002422,3392,833,235,598,2559,2258,301
2021,Leeds 094,E02002423,2489,734,194,540,1755,1594,161
2021,Leeds 095,E02002424,3829,1031,295,736,2798,2467,331
2021,Leeds 096,E02002425,4212,1178,384,794,3034,2581,453
2021,Leeds 097,E02002426,3773,976,300,676,2797,2420,377
2021,Leeds 098,E02002427,3054,841,238,603,2213,1945,268
2021,Leeds 099,E02002428,3953,972,275,697,2981,2672,309
2021,Leeds 100,E02002429,4253,1059,303,756,3194,2758,436
2021,Leeds 101,E02002430,3264,1024,275,749,2240,2036,204
2021,Leeds 102,E02002431,4812,1156,338,818,3656,3216,440
2021,Leeds 103,E02002432,3798,1051,291,760,2747,2390,357
2021,Leeds 104,E02002433,3534,828,238,590,2706,2390,316
2021,Leeds 105,E02002434,5564,1328,353,975,4236,3727,509
2021,Leeds 106,E02002435,4311,1062,317,745,3249,2813,436
2021,Leeds 107,E02002436,3348,864,255,609,2484,2155,329
2021,Leeds 108,E02002437,3202,893,260,633,2309,1966,343
2021,Wakefield 001,E02002438,3622,1054,307,747,2568,2281,287
2021,Wakefield 002,E02002439,4243,1032,295,737,3211,2873,338
2021,Wakefield 003,E02002440,3379,1001,288,713,2378,2026,352
2021,Wakefield 004,E02002441,4578,1166,305,861,3412,2987,425
2021,Wakefield 005,E02002442,3902,1031,292,739,2871,2504,367
2021,Wakefield 006,E02002443,3230,889,243,646,2341,2044,297
2021,Wakefield 007,E02002444,3600,861,210,651,2739,2402,337
2021,Wakefield 008,E02002445,4144,1139,317,822,3005,2633,372
2021,Wakefield 009,E02002446,2849,767,231,536,2082,1784,298
2021,Wakefield 010,E02002447,2789,761,201,560,2028,1738,290
2021,Wakefield 011,E02002448,3571,992,315,677,2579,2207,372
2021,Wakefield 012,E02002449,5015,1233,329,904,3782,3292,490
2021,Wakefield 013,E02002450,4087,961,262,699,3126,2734,392
2021,Wakefield 014,E02002451,3837,1032,298,734,2805,2431,374
2021,Wakefield 015,E02002452,4419,1065,320,745,3354,2884,470
2021,Wakefield 016,E02002453,4575,1192,361,831,3383,2966,417
2021,Wakefield 017,E02002454,4402,1134,349,785,3268,2908,360
2021,Wakefield 018,E02002455,2714,809,230,579,1905,1681,224
2021,Wakefield 019,E02002456,3744,993,315,678,2751,2384,367
2021,Wakefield 020,E02002457,3159,999,314,685,2160,1933,227
2021,Wakefield 021,E02002458,4341,1140,356,784,3201,2779,422
2021,Wakefield 022,E02002459,4790,1388,389,999,3402,3017,385
2021,Wakefield 023,E02002460,3401,982,298,684,2419,2054,365
2021,Wakefield 024,E02002461,5919,1459,407,1052,4460,3806,654
2021,Wakefield 025,E02002462,3454,994,294,700,2460,2105,355
2021,Wakefield 026,E02002463,4242,1295,343,952,2947,2593,354
2021,Wakefield 027,E02002464,4120,1119,308,811,3001,2607,394
2021,Wakefield 028,E02002465,2812,776,223,553,2036,1770,266
2021,Wakefield 029,E02002466,4195,1200,344,856,2995,2585,410
2021,Wakefield 030,E02002467,4107,1198,351,847,2909,2590,319
2021,Wakefield 031,E02002468,2977,846,286,560,2131,1814,317
2021,Wakefield 032,E02002469,3154,885,254,631,2269,1953,316
2021,Wakefield 033,E02002470,2601,759,263,496,1842,1498,344
2021,Wakefield 034,E02002471,5556,1505,473,1032,4051,3345,706
2021,Wakefield 035,E02002472,2735,813,263,550,1922,1614,308
2021,Wakefield 036,E02002473,3291,929,263,666,2362,2020,342
2021,Wakefield 037,E02002474,3205,947,273,674,2258,1927,331
2021,Wakefield 038,E02002475,2886,818,281,537,2068,1671,397
2021,Wakefield 039,E02002476,2852,827,206,621,2025,1757,268
2021,Wakefield 040,E02002477,2748,809,218,591,1939,1638,301
2021,Wakefield 041,E02002478,3040,839,184,655,2201,1912,289
2021,Wakefield 042,E02002479,3486,1047,283,764,2439,2110,329
2021,Wakefield 043,E02002480,2386,678,161,517,1708,1484,224
2021,Wakefield 044,E02002481,3443,911,212,699,2532,2227,305
2021,Wakefield 045,E02002482,3043,897,236,661,2146,1858,288
2021,Hartlepool 001,E02002483,4926,1340,339,1001,3586,3078,508
2021,Hartlepool 002,E02002484,3636,1208,350,858,2428,2103,325
2021,Hartlepool 003,E02002485,2943,1062,305,757,1881,1678,203
2021,Hartlepool 007,E02002489,2506,863,276,587,1643,1434,209
2021,Hartlepool 008,E02002490,2160,699,171,528,1461,1291,170
2021,Hartlepool 009,E02002491,2393,824,223,601,1569,1385,184
2021,Hartlepool 010,E02002492,2817,963,248,715,1854,1628,226
2021,Hartlepool 011,E02002493,3097,861,252,609,2236,1928,308
2021,Hartlepool 012,E02002494,2689,1030,289,741,1659,1442,217
2021,Middlesbrough 001,E02002496,3520,1644,609,1035,1876,1671,205
2021,Middlesbrough 002,E02002497,2041,738,209,529,1303,1148,155
2021,Middlesbrough 003,E02002498,2621,1175,404,771,1446,1292,154
2021,Middlesbrough 004,E02002499,2732,994,264,730,1738,1574,164
2021,Middlesbrough 005,E02002500,2355,797,249,548,1558,1359,199
2021,Middlesbrough 006,E02002501,2373,827,211,616,1546,1355,191
2021,Middlesbrough 007,E02002502,3310,1221,345,876,2089,1841,248
2021,Middlesbrough 008,E02002503,2692,947,277,670,1745,1555,190
2021,Middlesbrough 009,E02002504,4237,1357,403,954,2880,2510,370
2021,Middlesbrough 010,E02002505,2270,885,236,649,1385,1247,138
2021,Middlesbrough 011,E02002506,1921,681,197,484,1240,1104,136
2021,Middlesbrough 012,E02002507,2959,856,240,616,2103,1803,300
2021,Middlesbrough 013,E02002508,2412,732,211,521,1680,1448,232
2021,Middlesbrough 014,E02002509,2090,700,171,529,1390,1221,169
2021,Middlesbrough 015,E02002510,3345,920,285,635,2425,2071,354
2021,Middlesbrough 017,E02002512,2459,687,210,477,1772,1486,286
2021,Middlesbrough 018,E02002513,4189,1290,368,922,2899,2477,422
2021,Middlesbrough 019,E02002514,3605,1130,338,792,2475,2147,328
2021,Redcar and Cleveland 001,E02002515,2590,903,266,637,1687,1445,242
2021,Redcar and Cleveland 002,E02002516,2529,805,212,593,1724,1489,235
2021,Redcar and Cleveland 003,E02002517,2084,697,198,499,1387,1177,210
2021,Redcar and Cleveland 004,E02002518,5105,1524,441,1083,3581,3062,519
2021,Redcar and Cleveland 005,E02002519,2631,893,244,649,1738,1495,243
2021,Redcar and Cleveland 006,E02002520,5635,1687,495,1192,3948,3332,616
2021,Redcar and Cleveland 007,E02002521,2290,803,265,538,1487,1224,263
2021,Redcar and Cleveland 009,E02002523,1950,749,162,587,1201,1038,163
2021,Redcar and Cleveland 010,E02002524,2142,685,214,471,1457,1246,211
2021,Redcar and Cleveland 011,E02002525,3349,1099,299,800,2250,1931,319
2021,Redcar and Cleveland 012,E02002526,3310,1094,338,756,2216,1877,339
2021,Redcar and Cleveland 013,E02002527,1860,652,177,475,1208,1055,153
2021,Redcar and Cleveland 015,E02002529,2396,748,208,540,1648,1384,264
2021,Redcar and Cleveland 016,E02002530,2426,811,257,554,1615,1325,290
2021,Redcar and Cleveland 018,E02002532,2756,883,300,583,1873,1572,301
2021,Redcar and Cleveland 019,E02002533,2804,896,296,600,1908,1585,323
2021,Redcar and Cleveland 020,E02002534,2293,684,215,469,1609,1347,262
2021,Stockton-on-Tees 001,E02002535,4530,1217,358,859,3313,2843,470
2021,Stockton-on-Tees 002,E02002536,4001,1272,351,921,2729,2398,331
2021,Stockton-on-Tees 003,E02002537,3340,1141,310,831,2199,1928,271
2021,Stockton-on-Tees 004,E02002538,2453,766,220,546,1687,1467,220
2021,Stockton-on-Tees 005,E02002539,4940,1328,500,828,3612,2890,722
2021,Stockton-on-Tees 006,E02002540,2722,778,227,551,1944,1647,297
2021,Stockton-on-Tees 007,E02002541,2726,842,217,625,1884,1663,221
2021,Stockton-on-Tees 008,E02002542,3092,1070,261,809,2022,1777,245
2021,Stockton-on-Tees 009,E02002543,3712,1174,299,875,2538,2223,315
2021,Stockton-on-Tees 010,E02002544,3542,1149,331,818,2393,2099,294
2021,Stockton-on-Tees 011,E02002545,2332,715,219,496,1617,1406,211
2021,Stockton-on-Tees 012,E02002546,2939,1012,303,709,1927,1661,266
2021,Stockton-on-Tees 013,E02002547,2537,769,258,511,1768,1558,210
2021,Stockton-on-Tees 015,E02002549,3302,1005,286,719,2297,1989,308
2021,Stockton-on-Tees 016,E02002550,2657,804,250,554,1853,1598,255
2021,Stockton-on-Tees 017,E02002551,2071,677,203,474,1394,1244,150
2021,Stockton-on-Tees 018,E02002552,3150,971,249,722,2179,1924,255
2021,Stockton-on-Tees 019,E02002553,2459,735,201,534,1724,1502,222
2021,Stockton-on-Tees 020,E02002554,1831,609,174,435,1222,1076,146
2021,Stockton-on-Tees 021,E02002555,4573,1310,410,900,3263,2677,586
2021,Stockton-on-Tees 022,E02002556,3560,967,307,660,2593,2150,443
2021,Stockton-on-Tees 024,E02002558,5106,1357,467,890,3749,3074,675
2021,Darlington 001,E02002559,4943,1286,426,860,3657,2966,691
2021,Darlington 002,E02002560,3112,901,247,654,2211,1930,281
2021,Darlington 003,E02002561,2438,699,199,500,1739,1527,212
2021,Darlington 004,E02002562,2489,758,229,529,1731,1548,183
2021,Darlington 005,E02002563,2396,731,217,514,1665,1441,224
2021,Darlington 006,E02002564,4382,1321,343,978,3061,2706,355
2021,Darlington 009,E02002567,4220,1246,340,906,2974,2653,321
2021,Darlington 010,E02002568,2712,717,222,495,1995,1664,331
2021,Darlington 011,E02002569,3881,1117,364,753,2764,2339,425
2021,Darlington 012,E02002570,3247,897,244,653,2350,2068,282
2021,Darlington 013,E02002571,2839,834,240,594,2005,1743,262
2021,Darlington 014,E02002572,2739,779,229,550,1960,1713,247
2021,Darlington 015,E02002573,4409,1238,409,829,3171,2627,544
2021,Halton 001,E02002574,4497,1067,303,764,3430,2988,442
2021,Halton 002,E02002575,4958,1259,419,840,3699,3201,498
2021,Halton 003,E02002576,3470,919,266,653,2551,2273,278
2021,Halton 004,E02002577,2907,870,258,612,2037,1815,222
2021,Halton 005,E02002578,4013,1111,309,802,2902,2542,360
2021,Halton 006,E02002579,3345,1023,275,748,2322,2059,263
2021,Halton 007,E02002580,3446,1013,273,740,2433,2163,270
2021,Halton 008,E02002581,3259,938,280,658,2321,2024,297
2021,Halton 009,E02002582,5050,1155,377,778,3895,3288,607
2021,Halton 010,E02002583,2772,745,213,532,2027,1828,199
2021,Halton 011,E02002584,3385,852,255,597,2533,2240,293
2021,Halton 012,E02002585,5369,1274,368,906,4095,3607,488
2021,Halton 013,E02002586,3726,1091,317,774,2635,2356,279
2021,Halton 014,E02002587,2726,690,208,482,2036,1811,225
2021,Halton 015,E02002588,2845,891,245,646,1954,1740,214
2021,Halton 016,E02002589,2939,769,243,526,2170,1928,242
2021,Warrington 001,E02002590,3165,921,331,590,2244,1816,428
2021,Warrington 002,E02002591,3028,836,277,559,2192,1884,308
2021,Warrington 003,E02002592,2858,809,245,564,2049,1761,288
2021,Warrington 004,E02002593,2347,633,222,411,1714,1512,202
2021,Warrington 005,E02002594,2714,765,268,497,1949,1738,211
2021,Warrington 006,E02002595,3645,1083,302,781,2562,2261,301
2021,Warrington 007,E02002596,3753,1040,344,696,2713,2412,301
2021,Warrington 008,E02002597,3965,1189,382,807,2776,2509,267
2021,Warrington 009,E02002598,6355,1424,444,980,4931,4290,641
2021,Warrington 010,E02002599,5669,1519,483,1036,4150,3577,573
2021,Warrington 011,E02002600,4626,1292,386,906,3334,3002,332
2021,Warrington 012,E02002601,4599,1227,362,865,3372,2982,390
2021,Warrington 013,E02002602,3865,1122,325,797,2743,2470,273
2021,Warrington 014,E02002603,3332,962,303,659,2370,2074,296
2021,Warrington 015,E02002604,3865,1021,316,705,2844,2517,327
2021,Warrington 016,E02002605,4512,1186,364,822,3326,2933,393
2021,Warrington 017,E02002606,6028,1512,506,1006,4516,4073,443
2021,Warrington 018,E02002607,5891,1375,451,924,4516,4062,454
2021,Warrington 019,E02002608,3830,1057,346,711,2773,2431,342
2021,Warrington 020,E02002609,4870,1330,430,900,3540,3126,414
2021,Warrington 021,E02002610,5960,1767,601,1166,4193,3421,772
2021,Warrington 022,E02002611,3870,1063,342,721,2807,2396,411
2021,Warrington 023,E02002612,4508,1209,441,768,3299,2811,488
2021,Warrington 024,E02002613,3397,890,367,523,2507,2061,446
2021,Warrington 025,E02002614,2536,755,323,432,1781,1427,354
2021,Blackburn with Darwen 001,E02002615,4452,1553,421,1132,2899,2648,251
2021,Blackburn with Darwen 002,E02002616,3890,1460,440,1020,2430,2182,248
2021,Blackburn with Darwen 003,E02002617,3258,1503,445,1058,1755,1633,122
2021,Blackburn with Darwen 004,E02002618,2795,1188,378,810,1607,1500,107
2021,Blackburn with Darwen 005,E02002619,3316,1278,369,909,2038,1889,149
2021,Blackburn with Darwen 006,E02002620,2999,1143,320,823,1856,1715,141
2021,Blackburn with Darwen 007,E02002621,2836,1317,355,962,1519,1430,89
2021,Blackburn with Darwen 008,E02002622,3854,1389,391,998,2465,2276,189
2021,Blackburn with Darwen 009,E02002623,4342,1333,320,1013,3009,2756,253
2021,Blackburn with Darwen 010,E02002624,4150,1103,347,756,3047,2688,359
2021,Blackburn with Darwen 011,E02002625,4370,1243,352,891,3127,2820,307
2021,Blackburn with Darwen 012,E02002626,3032,855,211,644,2177,1960,217
2021,Blackburn with Darwen 013,E02002627,4082,935,261,674,3147,2823,324
2021,Blackburn with Darwen 014,E02002628,3089,827,223,604,2262,2008,254
2021,Blackburn with Darwen 015,E02002629,2514,720,194,526,1794,1618,176
2021,Blackburn with Darwen 016,E02002630,2845,746,208,538,2099,1884,215
2021,Blackburn with Darwen 017,E02002631,4512,1101,313,788,3411,3006,405
2021,Blackburn with Darwen 018,E02002632,3223,879,316,563,2344,1881,463
2021,Blackpool 001,E02002633,3172,1074,339,735,2098,1837,261
2021,Blackpool 002,E02002634,3265,1051,318,733,2214,1948,266
2021,Blackpool 003,E02002635,3321,1062,353,709,2259,1986,273
2021,Blackpool 004,E02002636,3678,1242,347,895,2436,2163,273
2021,Blackpool 005,E02002637,2927,857,251,606,2070,1840,230
2021,Blackpool 006,E02002638,2414,821,319,502,1593,1242,351
2021,Blackpool 007,E02002639,2125,772,207,565,1353,1231,122
2021,Blackpool 008,E02002640,2520,876,251,625,1644,1441,203
2021,Blackpool 009,E02002641,3856,1144,350,794,2712,2414,298
2021,Blackpool 010,E02002642,2545,935,383,552,1610,1271,339
2021,Blackpool 011,E02002643,3160,1110,356,754,2050,1820,230
2021,Blackpool 012,E02002644,3792,1178,354,824,2614,2321,293
2021,Blackpool 013,E02002645,2476,902,350,552,1574,1245,329
2021,Blackpool 014,E02002646,2903,935,288,647,1968,1738,230
2021,Blackpool 015,E02002647,3353,1154,332,822,2199,1966,233
2021,Blackpool 016,E02002648,2992,1019,300,719,1973,1750,223
2021,Blackpool 017,E02002649,3704,1226,396,830,2478,2142,336
2021,Blackpool 018,E02002650,3717,1167,392,775,2550,2230,320
2021,Blackpool 019,E02002651,3434,1116,334,782,2318,2050,268
2021,Kingston upon Hull 002,E02002653,2815,961,237,724,1854,1672,182
2021,Kingston upon Hull 003,E02002654,2622,867,188,679,1755,1563,192
2021,Kingston upon Hull 004,E02002655,3359,1037,243,794,2322,2029,293
2021,Kingston upon Hull 005,E02002656,2352,694,186,508,1658,1465,193
2021,Kingston upon Hull 006,E02002657,3458,1013,280,733,2445,2162,283
2021,Kingston upon Hull 007,E02002658,3161,891,226,665,2270,1972,298
2021,Kingston upon Hull 008,E02002659,4224,1448,386,1062,2776,2455,321
2021,Kingston upon Hull 009,E02002660,2772,904,193,711,1868,1632,236
2021,Kingston upon Hull 010,E02002661,3439,1126,283,843,2313,2020,293
2021,Kingston upon Hull 011,E02002662,3137,929,209,720,2208,1942,266
2021,Kingston upon Hull 012,E02002663,2830,1127,536,591,1703,1489,214
2021,Kingston upon Hull 013,E02002664,3669,1110,276,834,2559,2261,298
2021,Kingston upon Hull 014,E02002665,3871,1232,370,862,2639,2323,316
2021,Kingston upon Hull 015,E02002666,3969,1036,391,645,2933,2610,323
2021,Kingston upon Hull 016,E02002667,3681,1026,262,764,2655,2331,324
2021,Kingston upon Hull 017,E02002668,2801,1000,241,759,1801,1597,204
2021,Kingston upon Hull 018,E02002669,4086,1152,404,748,2934,2588,346
2021,Kingston upon Hull 019,E02002670,3487,1055,266,789,2432,2178,254
2021,Kingston upon Hull 020,E02002671,4077,1225,335,890,2852,2490,362
2021,Kingston upon Hull 021,E02002672,2597,823,217,606,1774,1576,198
2021,Kingston upon Hull 022,E02002673,3579,1003,234,769,2576,2284,292
2021,Kingston upon Hull 023,E02002674,3447,956,266,690,2491,2204,287
2021,Kingston upon Hull 024,E02002675,3327,911,257,654,2416,2149,267
2021,Kingston upon Hull 025,E02002676,3645,1056,324,732,2589,2329,260
2021,Kingston upon Hull 026,E02002677,3912,1029,266,763,2883,2478,405
2021,Kingston upon Hull 027,E02002678,4448,1210,340,870,3238,2849,389
2021,Kingston upon Hull 028,E02002679,3715,1137,304,833,2578,2246,332
2021,Kingston upon Hull 029,E02002680,4404,1059,359,700,3345,2911,434
2021,Kingston upon Hull 030,E02002681,3831,1116,286,830,2715,2435,280
2021,Kingston upon Hull 031,E02002682,4629,1250,302,948,3379,2977,402
2021,East Riding of Yorkshire 001,E02002684,3603,1271,421,850,2332,1929,403
2021,East Riding of Yorkshire 002,E02002685,2938,1094,349,745,1844,1529,315
2021,East Riding of Yorkshire 003,E02002686,2440,866,250,616,1574,1313,261
2021,East Riding of Yorkshire 004,E02002687,2247,852,280,572,1395,1161,234
2021,East Riding of Yorkshire 005,E02002688,2029,774,262,512,1255,1021,234
2021,East Riding of Yorkshire 006,E02002689,2560,863,304,559,1697,1258,439
2021,East Riding of Yorkshire 008,E02002691,3812,1211,414,797,2601,2058,543
2021,East Riding of Yorkshire 009,E02002692,4658,1482,516,966,3176,2585,591
2021,East Riding of Yorkshire 010,E02002693,3205,984,357,627,2221,1654,567
2021,East Riding of Yorkshire 011,E02002694,6280,1838,663,1175,4442,3580,862
2021,East Riding of Yorkshire 012,E02002695,2990,1120,362,758,1870,1522,348
2021,East Riding of Yorkshire 013,E02002696,3154,880,331,549,2274,1715,559
2021,East Riding of Yorkshire 014,E02002697,3469,1077,340,737,2392,1925,467
2021,East Riding of Yorkshire 015,E02002698,4193,1220,395,825,2973,2357,616
2021,East Riding of Yorkshire 016,E02002699,4599,1447,533,914,3152,2593,559
2021,East Riding of Yorkshire 017,E02002700,2662,917,266,651,1745,1487,258
2021,East Riding of Yorkshire 018,E02002701,4294,1289,490,799,3005,2204,801
2021,East Riding of Yorkshire 019,E02002702,4670,1423,493,930,3247,2702,545
2021,East Riding of Yorkshire 020,E02002703,4483,1422,531,891,3061,2536,525
2021,East Riding of Yorkshire 021,E02002704,3165,996,323,673,2169,1764,405
2021,East Riding of Yorkshire 022,E02002705,3072,910,276,634,2162,1821,341
2021,East Riding of Yorkshire 023,E02002706,3482,1079,324,755,2403,2053,350
2021,East Riding of Yorkshire 024,E02002707,3282,994,367,627,2288,1795,493
2021,East Riding of Yorkshire 025,E02002708,2354,769,258,511,1585,1320,265
2021,East Riding of Yorkshire 026,E02002709,3734,1036,341,695,2698,2139,559
2021,East Riding of Yorkshire 027,E02002710,3487,1070,341,729,2417,2027,390
2021,East Riding of Yorkshire 028,E02002711,3561,1145,410,735,2416,1962,454
2021,East Riding of Yorkshire 029,E02002712,3249,960,310,650,2289,1924,365
2021,East Riding of Yorkshire 031,E02002714,3557,1056,328,728,2501,1969,532
2021,East Riding of Yorkshire 032,E02002715,7104,1907,648,1259,5197,4314,883
2021,East Riding of Yorkshire 033,E02002716,3910,1167,322,845,2743,2216,527
2021,East Riding of Yorkshire 034,E02002717,4057,1203,371,832,2854,2441,413
2021,East Riding of Yorkshire 035,E02002718,3726,1170,433,737,2556,2016,540
2021,East Riding of Yorkshire 036,E02002719,3352,943,319,624,2409,1971,438
2021,East Riding of Yorkshire 037,E02002720,3845,1086,359,727,2759,2257,502
2021,East Riding of Yorkshire 038,E02002721,3251,938,293,645,2313,1831,482
2021,East Riding of Yorkshire 039,E02002722,3045,1106,356,750,1939,1569,370
2021,East Riding of Yorkshire 040,E02002723,4142,1073,330,743,3069,2589,480
2021,East Riding of Yorkshire 041,E02002724,4444,1285,357,928,3159,2672,487
2021,East Riding of Yorkshire 042,E02002725,3316,882,287,595,2434,1954,480
2021,North East Lincolnshire 001,E02002726,4537,1286,382,904,3251,2621,630
2021,North East Lincolnshire 002,E02002727,1533,451,122,329,1082,902,180
2021,North East Lincolnshire 003,E02002728,3242,985,283,702,2257,1890,367
2021,North East Lincolnshire 004,E02002729,2478,806,256,550,1672,1365,307
2021,North East Lincolnshire 005,E02002730,2864,985,285,700,1879,1580,299
2021,North East Lincolnshire 006,E02002731,2276,799,247,552,1477,1246,231
2021,North East Lincolnshire 007,E02002732,3880,1190,399,791,2690,2160,530
2021,North East Lincolnshire 008,E02002733,2745,858,269,589,1887,1593,294
2021,North East Lincolnshire 009,E02002734,2547,813,204,609,1734,1430,304
2021,North East Lincolnshire 011,E02002736,2369,767,234,533,1602,1356,246
2021,North East Lincolnshire 012,E02002737,3379,1115,320,795,2264,1897,367
2021,North East Lincolnshire 013,E02002738,3191,1013,303,710,2178,1799,379
2021,North East Lincolnshire 014,E02002739,2570,838,239,599,1732,1474,258
2021,North East Lincolnshire 015,E02002740,2241,732,179,553,1509,1311,198
2021,North East Lincolnshire 016,E02002741,4185,1284,392,892,2901,2408,493
2021,North East Lincolnshire 018,E02002743,1971,657,204,453,1314,1103,211
2021,North East Lincolnshire 019,E02002744,2362,863,219,644,1499,1280,219
2021,North East Lincolnshire 020,E02002745,3126,987,352,635,2139,1747,392
2021,North East Lincolnshire 021,E02002746,4719,1428,417,1011,3291,2706,585
2021,North East Lincolnshire 022,E02002747,4433,1323,450,873,3110,2525,585
2021,North East Lincolnshire 023,E02002748,3540,1122,358,764,2418,1929,489
2021,North Lincolnshire 001,E02002749,5493,1526,484,1042,3967,3305,662
2021,North Lincolnshire 002,E02002750,2936,827,255,572,2109,1670,439
2021,North Lincolnshire 003,E02002751,2728,819,254,565,1909,1595,314
2021,North Lincolnshire 004,E02002752,3198,910,309,601,2288,1789,499
2021,North Lincolnshire 005,E02002753,3652,1092,327,765,2560,2133,427
2021,North Lincolnshire 006,E02002754,3787,1102,375,727,2685,2145,540
2021,North Lincolnshire 007,E02002755,3484,894,272,622,2590,2304,286
2021,North Lincolnshire 008,E02002756,4081,1000,332,668,3081,2804,277
2021,North Lincolnshire 009,E02002757,2952,881,274,607,2071,1808,263
2021,North Lincolnshire 010,E02002758,3001,926,301,625,2075,1807,268
2021,North Lincolnshire 011,E02002759,4206,1327,458,869,2879,2344,535
2021,North Lincolnshire 012,E02002760,2451,727,208,519,1724,1473,251
2021,North Lincolnshire 013,E02002761,3026,873,261,612,2153,1794,359
2021,North Lincolnshire 014,E02002762,2801,849,264,585,1952,1674,278
2021,North Lincolnshire 015,E02002763,3961,1088,322,766,2873,2486,387
2021,North Lincolnshire 016,E02002764,2329,737,224,513,1592,1370,222
2021,North Lincolnshire 017,E02002765,2620,789,232,557,1831,1570,261
2021,North Lincolnshire 018,E02002766,4030,1223,373,850,2807,2419,388
2021,North Lincolnshire 019,E02002767,3141,940,279,661,2201,1854,347
2021,North Lincolnshire 020,E02002768,3399,1017,377,640,2382,1897,485
2021,North Lincolnshire 021,E02002769,2520,761,257,504,1759,1448,311
2021,North Lincolnshire 022,E02002770,3254,956,313,643,2298,1837,461
2021,North Lincolnshire 023,E02002771,3181,939,331,608,2242,1726,516
2021,York 001,E02002772,3531,1108,357,751,2423,1979,444
2021,York 002,E02002773,2406,789,245,544,1617,1401,216
2021,York 003,E02002774,2732,951,329,622,1781,1540,241
2021,York 004,E02002775,2354,836,261,575,1518,1313,205
2021,York 005,E02002776,3352,1053,300,753,2299,2033,266
2021,York 006,E02002777,4999,1489,435,1054,3510,3070,440
2021,York 007,E02002778,4028,1219,399,820,2809,2380,429
2021,York 008,E02002779,4438,1552,556,996,2886,2437,449
2021,York 009,E02002780,4148,1490,551,939,2658,2331,327
2021,York 010,E02002781,5118,1890,815,1075,3228,2824,404
2021,York 011,E02002782,2769,935,357,578,1834,1487,347
2021,York 012,E02002783,5224,1750,558,1192,3474,3062,412
2021,York 013,E02002784,5470,1864,812,1052,3606,3040,566
2021,York 014,E02002785,3731,1328,504,824,2403,2105,298
2021,York 015,E02002786,4391,1938,929,1009,2453,2180,273
2021,York 016,E02002787,4670,1441,463,978,3229,2851,378
2021,York 017,E02002788,4809,1418,502,916,3391,2948,443
2021,York 018,E02002789,4411,1519,474,1045,2892,2561,331
2021,York 019,E02002790,5353,1856,827,1029,3497,2988,509
2021,York 020,E02002791,3003,1008,350,658,1995,1634,361
2021,York 021,E02002792,4102,1235,432,803,2867,2428,439
2021,York 022,E02002793,4542,1437,446,991,3105,2754,351
2021,York 023,E02002794,2923,1302,744,558,1621,1336,285
2021,York 024,E02002795,3694,1262,390,872,2432,2022,410
2021,Derby 001,E02002796,2747,825,281,544,1922,1640,282
2021,Derby 002,E02002797,3105,903,293,610,2202,1908,294
2021,Derby 003,E02002798,5602,1508,462,1046,4094,3558,536
2021,Derby 004,E02002799,3073,908,237,671,2165,1925,240
2021,Derby 005,E02002800,3311,992,366,626,2319,1975,344
2021,Derby 006,E02002801,3520,970,244,726,2550,2253,297
2021,Derby 007,E02002802,3263,1027,310,717,2236,1974,262
2021,Derby 008,E02002803,3629,1266,523,743,2363,2135,228
2021,Derby 009,E02002804,4145,1207,338,869,2938,2610,328
2021,Derby 010,E02002805,2495,728,219,509,1767,1530,237
2021,Derby 011,E02002806,3175,1071,426,645,2104,1908,196
2021,Derby 012,E02002807,4173,1242,381,861,2931,2603,328
2021,Derby 013,E02002808,6256,1850,660,1190,4406,3954,452
2021,Derby 014,E02002809,3194,904,267,637,2290,2043,247
2021,Derby 015,E02002810,4283,1179,356,823,3104,2749,355
2021,Derby 016,E02002811,3887,1434,449,985,2453,2232,221
2021,Derby 017,E02002812,3577,1055,348,707,2522,2218,304
2021,Derby 018,E02002813,4194,1499,496,1003,2695,2492,203
2021,Derby 019,E02002814,3214,969,285,684,2245,1990,255
2021,Derby 020,E02002815,3194,1165,344,821,2029,1858,171
2021,Derby 021,E02002816,4508,1335,417,918,3173,2736,437
2021,Derby 022,E02002817,2754,877,274,603,1877,1694,183
2021,Derby 023,E02002818,3104,1047,315,732,2057,1876,181
2021,Derby 024,E02002819,3657,863,239,624,2794,2513,281
2021,Derby 025,E02002820,4578,1341,387,954,3237,2888,349
2021,Derby 026,E02002821,5113,1518,421,1097,3595,3230,365
2021,Derby 027,E02002822,3096,950,268,682,2146,1918,228
2021,Derby 028,E02002823,3249,995,289,706,2254,2023,231
2021,Derby 029,E02002824,4490,1303,363,940,3187,2840,347
2021,Derby 030,E02002825,4083,1108,318,790,2975,2597,378
2021,Derby 031,E02002826,3533,991,318,673,2542,2231,311
2021,Leicester 001,E02002827,3196,1040,290,750,2156,1943,213
2021,Leicester 002,E02002828,3830,1212,352,860,2618,2394,224
2021,Leicester 003,E02002829,4723,1498,447,1051,3225,2931,294
2021,Leicester 004,E02002830,4660,1475,463,1012,3185,2852,333
2021,Leicester 005,E02002831,3030,1100,351,749,1930,1790,140
2021,Leicester 006,E02002832,4246,1471,443,1028,2775,2612,163
2021,Leicester 007,E02002833,3901,1405,348,1057,2496,2332,164
2021,Leicester 008,E02002834,5871,1677,507,1170,4194,3768,426
2021,Leicester 010,E02002836,4903,1705,441,1264,3198,3044,154
2021,Leicester 011,E02002837,3971,1458,385,1073,2513,2316,197
2021,Leicester 012,E02002838,3122,1045,260,785,2077,1872,205
2021,Leicester 013,E02002839,3779,1295,346,949,2484,2264,220
2021,Leicester 016,E02002842,4267,1164,378,786,3103,2809,294
2021,Leicester 017,E02002843,6521,2664,664,2000,3857,3663,194
2021,Leicester 018,E02002844,4097,1914,531,1383,2183,2074,109
2021,Leicester 019,E02002845,4312,1670,442,1228,2642,2428,214
2021,Leicester 020,E02002846,3850,1050,331,719,2800,2448,352
2021,Leicester 021,E02002847,4396,1808,496,1312,2588,2420,168
2021,Leicester 022,E02002848,3857,1812,472,1340,2045,1919,126
2021,Leicester 023,E02002849,6222,1884,743,1141,4338,3913,425
2021,Leicester 025,E02002851,3771,1360,434,926,2411,2194,217
2021,Leicester 026,E02002852,2676,938,245,693,1738,1596,142
2021,Leicester 027,E02002853,5278,2288,749,1539,2990,2732,258
2021,Leicester 028,E02002854,3568,1167,337,830,2401,2155,246
2021,Leicester 029,E02002855,4033,1133,414,719,2900,2616,284
2021,Leicester 030,E02002856,5142,1633,709,924,3509,3032,477
2021,Leicester 031,E02002857,3603,1027,340,687,2576,2327,249
2021,Leicester 032,E02002858,3569,1059,387,672,2510,2061,449
2021,Leicester 034,E02002860,3911,1125,357,768,2786,2451,335
2021,Leicester 035,E02002861,2920,1017,308,709,1903,1686,217
2021,Leicester 036,E02002862,3465,1080,314,766,2385,2145,240
2021,Rutland 001,E02002863,4165,1117,437,680,3048,2191,857
2021,Rutland 002,E02002864,4045,1228,448,780,2817,2288,529
2021,Rutland 003,E02002865,3348,1086,435,651,2262,1811,451
2021,Rutland 004,E02002866,3503,1100,409,691,2403,1856,547
2021,Rutland 005,E02002867,3717,1190,444,746,2527,1915,612
2021,Nottingham 001,E02002868,2570,774,215,559,1796,1579,217
2021,Nottingham 002,E02002869,2983,962,235,727,2021,1811,210
2021,Nottingham 004,E02002871,3575,1147,365,782,2428,2160,268
2021,Nottingham 005,E02002872,3505,1125,293,832,2380,2137,243
2021,Nottingham 006,E02002873,4102,1270,318,952,2832,2563,269
2021,Nottingham 007,E02002874,3497,1121,344,777,2376,2074,302
2021,Nottingham 008,E02002875,3763,1130,272,858,2633,2371,262
2021,Nottingham 009,E02002876,3562,1099,332,767,2463,2200,263
2021,Nottingham 010,E02002877,4022,1148,358,790,2874,2533,341
2021,Nottingham 011,E02002878,3465,1255,338,917,2210,2012,198
2021,Nottingham 012,E02002879,4810,1462,467,995,3348,2975,373
2021,Nottingham 013,E02002880,3451,1200,318,882,2251,2010,241
2021,Nottingham 014,E02002881,2883,854,232,622,2029,1786,243
2021,Nottingham 015,E02002882,4430,1320,521,799,3110,2629,481
2021,Nottingham 016,E02002883,3575,990,287,703,2585,2282,303
2021,Nottingham 017,E02002884,3086,1014,368,646,2072,1861,211
2021,Nottingham 018,E02002885,3126,1275,438,837,1851,1664,187
2021,Nottingham 019,E02002886,4224,1488,474,1014,2736,2436,300
2021,Nottingham 020,E02002887,2453,837,276,561,1616,1424,192
2021,Nottingham 021,E02002888,3020,994,275,719,2026,1827,199
2021,Nottingham 022,E02002889,2606,1363,819,544,1243,1114,129
2021,Nottingham 023,E02002890,3653,1512,698,814,2141,1930,211
2021,Nottingham 024,E02002891,3699,1270,357,913,2429,2182,247
2021,Nottingham 025,E02002892,2518,779,208,571,1739,1524,215
2021,Nottingham 026,E02002893,3794,1720,831,889,2074,1859,215
2021,Nottingham 028,E02002895,3381,1233,674,559,2148,1775,373
2021,Nottingham 029,E02002896,4494,1405,453,952,3089,2749,340
2021,Nottingham 030,E02002897,3369,1056,362,694,2313,1963,350
2021,Nottingham 031,E02002898,2824,1332,833,499,1492,1337,155
2021,Nottingham 034,E02002901,3019,832,250,582,2187,1895,292
2021,Nottingham 035,E02002902,3682,1229,425,804,2453,2202,251
2021,Nottingham 036,E02002903,2477,790,230,560,1687,1492,195
2021,Nottingham 037,E02002904,2882,873,246,627,2009,1832,177
2021,Herefordshire 001,E02002905,2935,1041,388,653,1894,1372,522
2021,Herefordshire 002,E02002906,2479,850,259,591,1629,1375,254
2021,Herefordshire 003,E02002907,2844,951,316,635,1893,1548,345
2021,Herefordshire 004,E02002908,4087,1350,542,808,2737,2015,722
2021,Herefordshire 005,E02002909,4905,1566,549,1017,3339,2528,811
2021,Herefordshire 006,E02002910,3574,1201,458,743,2373,1663,710
2021,Herefordshire 007,E02002911,4410,1440,488,952,2970,2299,671
2021,Herefordshire 008,E02002912,3789,1216,415,801,2573,2051,522
2021,Herefordshire 009,E02002913,2522,874,353,521,1648,1252,396
2021,Herefordshire 010,E02002914,4469,1349,385,964,3120,2664,456
2021,Herefordshire 011,E02002915,3961,1190,400,790,2771,2317,454
2021,Herefordshire 012,E02002916,5035,1477,503,974,3558,3064,494
2021,Herefordshire 013,E02002917,3629,1037,305,732,2592,2217,375
2021,Herefordshire 014,E02002918,2693,904,301,603,1789,1500,289
2021,Herefordshire 015,E02002919,4373,1309,373,936,3064,2604,460
2021,Herefordshire 016,E02002920,3312,999,303,696,2313,1866,447
2021,Herefordshire 017,E02002921,3590,1155,310,845,2435,2115,320
2021,Herefordshire 018,E02002922,3129,1032,370,662,2097,1575,522
2021,Herefordshire 019,E02002923,4250,1371,456,915,2879,2377,502
2021,Herefordshire 020,E02002924,2824,1030,391,639,1794,1213,581
2021,Herefordshire 021,E02002925,5290,1765,634,1131,3525,2641,884
2021,Herefordshire 022,E02002926,4919,1654,569,1085,3265,2734,531
2021,Herefordshire 023,E02002927,5490,1858,771,1087,3632,2749,883
2021,Telford and Wrekin 001,E02002928,2635,823,284,539,1812,1530,282
2021,Telford and Wrekin 002,E02002929,2813,861,347,514,1952,1503,449
2021,Telford and Wrekin 003,E02002930,3157,935,294,641,2222,1882,340
2021,Telford and Wrekin 004,E02002931,3298,872,273,599,2426,2062,364
2021,Telford and Wrekin 005,E02002932,4016,1102,301,801,2914,2552,362
2021,Telford and Wrekin 006,E02002933,3842,1023,297,726,2819,2476,343
2021,Telford and Wrekin 007,E02002934,2918,766,237,529,2152,1865,287
2021,Telford and Wrekin 008,E02002935,3040,798,229,569,2242,1964,278
2021,Telford and Wrekin 009,E02002936,5484,1220,381,839,4264,3740,524
2021,Telford and Wrekin 010,E02002937,5406,1468,517,951,3938,3202,736
2021,Telford and Wrekin 011,E02002938,3044,892,302,590,2152,1902,250
2021,Telford and Wrekin 012,E02002939,3423,920,293,627,2503,2158,345
2021,Telford and Wrekin 013,E02002940,2858,682,236,446,2176,1903,273
2021,Telford and Wrekin 014,E02002941,4868,1264,397,867,3604,3115,489
2021,Telford and Wrekin 015,E02002942,4032,985,318,667,3047,2626,421
2021,Telford and Wrekin 017,E02002944,3572,956,282,674,2616,2305,311
2021,Telford and Wrekin 018,E02002945,4375,1104,330,774,3271,2882,389
2021,Telford and Wrekin 019,E02002946,3609,975,305,670,2634,2294,340
2021,Telford and Wrekin 020,E02002947,2792,816,232,584,1976,1740,236
2021,Telford and Wrekin 021,E02002948,2769,781,228,553,1988,1772,216
2021,Telford and Wrekin 022,E02002949,2411,656,196,460,1755,1498,257
2021,Telford and Wrekin 023,E02002950,2144,615,204,411,1529,1302,227
2021,Stoke-on-Trent 001,E02002951,3547,964,244,720,2583,2261,322
2021,Stoke-on-Trent 002,E02002952,3505,874,238,636,2631,2338,293
2021,Stoke-on-Trent 003,E02002953,2956,869,237,632,2087,1842,245
2021,Stoke-on-Trent 004,E02002954,3536,1031,282,749,2505,2169,336
2021,Stoke-on-Trent 005,E02002955,2884,947,254,693,1937,1693,244
2021,Stoke-on-Trent 006,E02002956,3919,1209,321,888,2710,2407,303
2021,Stoke-on-Trent 007,E02002957,4617,1294,336,958,3323,2858,465
2021,Stoke-on-Trent 008,E02002958,3926,1010,288,722,2916,2558,358
2021,Stoke-on-Trent 009,E02002959,3618,1030,277,753,2588,2313,275
2021,Stoke-on-Trent 010,E02002960,2775,833,249,584,1942,1695,247
2021,Stoke-on-Trent 011,E02002961,3032,915,244,671,2117,1875,242
2021,Stoke-on-Trent 012,E02002962,2997,874,245,629,2123,1872,251
2021,Stoke-on-Trent 013,E02002963,3227,919,256,663,2308,2067,241
2021,Stoke-on-Trent 014,E02002964,3714,1117,299,818,2597,2264,333
2021,Stoke-on-Trent 015,E02002965,3015,1064,380,684,1951,1754,197
2021,Stoke-on-Trent 016,E02002966,4295,1423,555,868,2872,2556,316
2021,Stoke-on-Trent 017,E02002967,3905,1108,268,840,2797,2482,315
2021,Stoke-on-Trent 018,E02002968,4825,1254,397,857,3571,3208,363
2021,Stoke-on-Trent 019,E02002969,4455,1252,371,881,3203,2858,345
2021,Stoke-on-Trent 020,E02002970,3570,953,289,664,2617,2330,287
2021,Stoke-on-Trent 023,E02002973,3769,1004,310,694,2765,2474,291
2021,Stoke-on-Trent 024,E02002974,2736,765,217,548,1971,1713,258
2021,Stoke-on-Trent 025,E02002975,3822,980,271,709,2842,2483,359
2021,Stoke-on-Trent 026,E02002976,2665,710,183,527,1955,1741,214
2021,Stoke-on-Trent 027,E02002977,2241,651,188,463,1590,1410,180
2021,Stoke-on-Trent 028,E02002978,2690,717,198,519,1973,1721,252
2021,Stoke-on-Trent 029,E02002979,2205,819,232,587,1386,1249,137
2021,Stoke-on-Trent 030,E02002980,2606,742,214,528,1864,1611,253
2021,Stoke-on-Trent 031,E02002981,3639,1120,334,786,2519,2184,335
2021,Stoke-on-Trent 032,E02002982,3814,1009,260,749,2805,2441,364
2021,Stoke-on-Trent 033,E02002983,2573,728,228,500,1845,1592,253
2021,Stoke-on-Trent 034,E02002984,2633,722,219,503,1911,1614,297
2021,Bath and North East Somerset 001,E02002985,3266,1069,354,715,2197,1902,295
2021,Bath and North East Somerset 002,E02002986,3542,1067,347,720,2475,2179,296
2021,Bath and North East Somerset 003,E02002987,2737,897,306,591,1840,1569,271
2021,Bath and North East Somerset 004,E02002988,2702,934,364,570,1768,1492,276
2021,Bath and North East Somerset 005,E02002989,2593,879,290,589,1714,1470,244
2021,Bath and North East Somerset 006,E02002990,3163,1066,389,677,2097,1773,324
2021,Bath and North East Somerset 007,E02002991,5273,1651,740,911,3622,2924,698
2021,Bath and North East Somerset 008,E02002992,2755,936,358,578,1819,1533,286
2021,Bath and North East Somerset 009,E02002993,2790,975,478,497,1815,1538,277
2021,Bath and North East Somerset 010,E02002994,4824,1753,687,1066,3071,2376,695
2021,Bath and North East Somerset 011,E02002995,2575,989,374,615,1586,1446,140
2021,Bath and North East Somerset 012,E02002996,3921,1587,864,723,2334,1883,451
2021,Bath and North East Somerset 013,E02002997,3352,1240,609,631,2112,1832,280
2021,Bath and North East Somerset 014,E02002998,2340,925,463,462,1415,1238,177
2021,Bath and North East Somerset 015,E02002999,2624,942,341,601,1682,1469,213
2021,Bath and North East Somerset 016,E02003000,4449,1575,619,956,2874,2329,545
2021,Bath and North East Somerset 017,E02003001,2661,887,353,534,1774,1444,330
2021,Bath and North East Somerset 018,E02003002,2702,971,372,599,1731,1435,296
2021,Bath and North East Somerset 019,E02003003,2835,1053,389,664,1782,1575,207
2021,Bath and North East Somerset 020,E02003004,3860,1312,494,818,2548,2083,465
2021,Bath and North East Somerset 021,E02003005,3237,1117,437,680,2120,1613,507
2021,Bath and North East Somerset 022,E02003006,4574,1630,625,1005,2944,2515,429
2021,Bath and North East Somerset 023,E02003007,4731,1529,528,1001,3202,2711,491
2021,Bath and North East Somerset 024,E02003008,3032,950,335,615,2082,1774,308
2021,Bath and North East Somerset 025,E02003009,3135,968,317,651,2167,1877,290
2021,Bath and North East Somerset 026,E02003010,3374,1074,336,738,2300,1998,302
2021,Bath and North East Somerset 027,E02003011,2770,912,300,612,1858,1605,253
2021,Bristol 001,E02003012,5714,1698,538,1160,4016,3503,513
2021,Bristol 002,E02003013,5888,1761,517,1244,4127,3705,422
2021,Bristol 003,E02003014,3637,1132,316,816,2505,2171,334
2021,Bristol 004,E02003015,3556,1013,335,678,2543,2270,273
2021,Bristol 005,E02003016,3975,1229,452,777,2746,2460,286
2021,Bristol 006,E02003017,2952,918,309,609,2034,1707,327
2021,Bristol 007,E02003018,2871,932,301,631,1939,1674,265
2021,Bristol 008,E02003019,5168,1366,373,993,3802,3315,487
2021,Bristol 009,E02003020,2764,916,318,598,1848,1501,347
2021,Bristol 010,E02003021,3950,1196,443,753,2754,2444,310
2021,Bristol 011,E02003022,2836,956,338,618,1880,1544,336
2021,Bristol 012,E02003023,2908,1012,362,650,1896,1690,206
2021,Bristol 013,E02003024,4746,1524,525,999,3222,2862,360
2021,Bristol 014,E02003025,3721,1277,427,850,2444,2182,262
2021,Bristol 015,E02003026,3719,1255,571,684,2464,1950,514
2021,Bristol 016,E02003027,7325,2308,840,1468,5017,4391,626
2021,Bristol 017,E02003028,4628,1309,521,788,3319,2817,502
2021,Bristol 018,E02003029,3046,1047,286,761,1999,1786,213
2021,Bristol 019,E02003030,4212,1401,480,921,2811,2482,329
2021,Bristol 020,E02003031,5905,1790,696,1094,4115,3546,569
2021,Bristol 021,E02003032,4290,1347,453,894,2943,2645,298
2021,Bristol 022,E02003033,4446,1295,687,608,3151,2660,491
2021,Bristol 025,E02003036,4619,1263,578,685,3356,2910,446
2021,Bristol 026,E02003037,5181,1389,700,689,3792,3223,569
2021,Bristol 027,E02003038,3734,1070,322,748,2664,2366,298
2021,Bristol 028,E02003039,4642,1371,403,968,3271,2938,333
2021,Bristol 029,E02003040,6170,1640,483,1157,4530,4038,492
2021,Bristol 030,E02003041,3404,813,392,421,2591,2095,496
2021,Bristol 033,E02003044,3425,985,274,711,2440,2158,282
2021,Bristol 034,E02003045,3463,1010,524,486,2453,2113,340
2021,Bristol 035,E02003046,5823,1458,419,1039,4365,3915,450
2021,Bristol 036,E02003047,6893,1754,572,1182,5139,4546,593
2021,Bristol 037,E02003048,4390,1079,346,733,3311,2963,348
2021,Bristol 038,E02003049,4110,1169,338,831,2941,2629,312
2021,Bristol 039,E02003050,6510,1419,500,919,5091,4574,517
2021,Bristol 040,E02003051,4277,1210,363,847,3067,2749,318
2021,Bristol 041,E02003052,4167,1105,313,792,3062,2735,327
2021,Bristol 042,E02003053,4604,1378,429,949,3226,2799,427
2021,Bristol 043,E02003054,3713,1095,340,755,2618,2325,293
2021,Bristol 044,E02003055,4135,1345,421,924,2790,2473,317
2021,Bristol 045,E02003056,3312,1080,330,750,2232,1981,251
2021,Bristol 046,E02003057,3238,930,278,652,2308,2038,270
2021,Bristol 047,E02003058,4762,1493,446,1047,3269,2906,363
2021,Bristol 048,E02003059,3355,971,296,675,2384,2083,301
2021,Bristol 049,E02003060,5296,1714,524,1190,3582,3128,454
2021,Bristol 050,E02003061,2699,845,227,618,1854,1642,212
2021,Bristol 051,E02003062,2514,815,247,568,1699,1522,177
2021,Bristol 052,E02003063,3486,1118,312,806,2368,2072,296
2021,Bristol 053,E02003064,2730,926,266,660,1804,1610,194
2021,North Somerset 001,E02003065,4859,1478,518,960,3381,2820,561
2021,North Somerset 002,E02003066,2764,974,335,639,1790,1486,304
2021,North Somerset 003,E02003067,3979,1212,410,802,2767,2342,425
2021,North Somerset 004,E02003068,3103,972,361,611,2131,1761,370
2021,North Somerset 005,E02003069,2539,874,349,525,1665,1368,297
2021,North Somerset 006,E02003070,6402,2049,731,1318,4353,3551,802
2021,North Somerset 007,E02003071,3776,1276,442,834,2500,2178,322
2021,North Somerset 008,E02003072,4163,1404,492,912,2759,2390,369
2021,North Somerset 009,E02003073,2903,1000,356,644,1903,1631,272
2021,North Somerset 010,E02003074,3911,1224,404,820,2687,2362,325
2021,North Somerset 011,E02003075,2879,1001,387,614,1878,1515,363
2021,North Somerset 012,E02003076,4830,1562,550,1012,3268,2706,562
2021,North Somerset 013,E02003077,3123,1016,363,653,2107,1648,459
2021,North Somerset 014,E02003078,3382,1205,432,773,2177,1787,390
2021,North Somerset 015,E02003079,4801,1565,476,1089,3236,2732,504
2021,North Somerset 016,E02003080,3697,1214,368,846,2483,2144,339
2021,North Somerset 017,E02003081,4352,1435,427,1008,2917,2514,403
2021,North Somerset 018,E02003082,4382,1263,431,832,3119,2645,474
2021,North Somerset 020,E02003084,4933,1502,509,993,3431,2991,440
2021,North Somerset 021,E02003085,3227,1081,321,760,2146,1861,285
2021,North Somerset 022,E02003086,2764,879,319,560,1885,1568,317
2021,North Somerset 023,E02003087,4982,1583,569,1014,3399,2773,626
2021,North Somerset 024,E02003088,3924,1343,522,821,2581,2050,531
2021,North Somerset 025,E02003089,2543,856,256,600,1687,1452,235
2021,South Gloucestershire 001,E02003090,4405,1250,386,864,3155,2701,454
2021,South Gloucestershire 002,E02003091,3179,958,335,623,2221,1934,287
2021,South Gloucestershire 003,E02003092,4542,1497,531,966,3045,2497,548
2021,South Gloucestershire 004,E02003093,3038,986,389,597,2052,1673,379
2021,South Gloucestershire 005,E02003094,4513,1286,462,824,3227,2669,558
2021,South Gloucestershire 006,E02003095,4597,1342,433,909,3255,2821,434
2021,South Gloucestershire 007,E02003096,3273,965,307,658,2308,2045,263
2021,South Gloucestershire 008,E02003097,3010,969,335,634,2041,1772,269
2021,South Gloucestershire 009,E02003098,6029,1455,460,995,4574,4084,490
2021,South Gloucestershire 010,E02003099,3743,1095,325,770,2648,2316,332
2021,South Gloucestershire 012,E02003101,6197,1546,501,1045,4651,4146,505
2021,South Gloucestershire 013,E02003102,3403,1098,358,740,2305,2016,289
2021,South Gloucestershire 014,E02003103,3906,1164,392,772,2742,2417,325
2021,South Gloucestershire 015,E02003104,3927,1107,359,748,2820,2549,271
2021,South Gloucestershire 016,E02003105,2978,955,290,665,2023,1777,246
2021,South Gloucestershire 018,E02003107,5652,1767,614,1153,3885,3509,376
2021,South Gloucestershire 019,E02003108,6518,1833,568,1265,4685,4031,654
2021,South Gloucestershire 020,E02003109,3054,1016,283,733,2038,1749,289
2021,South Gloucestershire 021,E02003110,6765,1858,593,1265,4907,4251,656
2021,South Gloucestershire 022,E02003111,3325,1016,341,675,2309,1981,328
2021,South Gloucestershire 023,E02003112,3126,1033,313,720,2093,1847,246
2021,South Gloucestershire 024,E02003113,5252,1746,636,1110,3506,2763,743
2021,South Gloucestershire 025,E02003114,3578,1132,357,775,2446,2142,304
2021,South Gloucestershire 026,E02003115,5031,1488,443,1045,3543,3184,359
2021,South Gloucestershire 027,E02003116,3769,1127,322,805,2642,2322,320
2021,South Gloucestershire 028,E02003117,4866,1450,410,1040,3416,3017,399
2021,South Gloucestershire 029,E02003118,5522,1650,481,1169,3872,3412,460
2021,South Gloucestershire 030,E02003119,5269,1675,497,1178,3594,3099,495
2021,South Gloucestershire 031,E02003120,4520,1425,460,965,3095,2709,386
2021,South Gloucestershire 032,E02003121,5051,1619,491,1128,3432,2958,474
2021,Plymouth 001,E02003122,3147,962,293,669,2185,1848,337
2021,Plymouth 002,E02003123,3779,1177,295,882,2602,2279,323
2021,Plymouth 003,E02003124,3709,1217,342,875,2492,2190,302
2021,Plymouth 004,E02003125,2565,791,228,563,1774,1581,193
2021,Plymouth 005,E02003126,3828,1284,398,886,2544,2247,297
2021,Plymouth 006,E02003127,3268,1063,290,773,2205,1930,275
2021,Plymouth 007,E02003128,4121,1288,362,926,2833,2485,348
2021,Plymouth 008,E02003129,2966,879,239,640,2087,1738,349
2021,Plymouth 009,E02003130,4506,1398,386,1012,3108,2721,387
2021,Plymouth 010,E02003131,3393,1076,280,796,2317,2068,249
2021,Plymouth 011,E02003132,4147,1244,352,892,2903,2559,344
2021,Plymouth 012,E02003133,3316,1063,298,765,2253,1971,282
2021,Plymouth 013,E02003134,3092,951,274,677,2141,1839,302
2021,Plymouth 014,E02003135,3234,997,307,690,2237,1934,303
2021,Plymouth 015,E02003136,3454,1131,345,786,2323,1994,329
2021,Plymouth 016,E02003137,3746,1174,390,784,2572,2140,432
2021,Plymouth 017,E02003138,4089,1213,410,803,2876,2448,428
2021,Plymouth 018,E02003139,3616,1087,303,784,2529,2204,325
2021,Plymouth 019,E02003140,3803,1132,300,832,2671,2276,395
2021,Plymouth 020,E02003141,3991,1111,356,755,2880,2500,380
2021,Plymouth 021,E02003142,4116,1278,367,911,2838,2480,358
2021,Plymouth 022,E02003143,3484,1050,297,753,2434,2105,329
2021,Plymouth 023,E02003144,3771,1404,675,729,2367,2049,318
2021,Plymouth 024,E02003145,3185,990,318,672,2195,1878,317
2021,Plymouth 025,E02003146,4338,1341,467,874,2997,2623,374
2021,Plymouth 026,E02003147,3872,1185,341,844,2687,2329,358
2021,Plymouth 027,E02003148,4137,1634,803,831,2503,2200,303
2021,Plymouth 028,E02003149,4367,1393,494,899,2974,2624,350
2021,Plymouth 030,E02003151,3455,1086,305,781,2369,1972,397
2021,Plymouth 031,E02003152,5496,1707,534,1173,3789,3181,608
2021,Plymouth 032,E02003153,3467,1102,319,783,2365,1967,398
2021,Torbay 001,E02003154,2874,1074,320,754,1800,1579,221
2021,Torbay 002,E02003155,2407,898,296,602,1509,1272,237
2021,Torbay 003,E02003156,5091,1713,518,1195,3378,2922,456
2021,Torbay 004,E02003157,2971,1083,337,746,1888,1618,270
2021,Torbay 005,E02003158,2361,843,263,580,1518,1290,228
2021,Torbay 006,E02003159,2843,997,295,702,1846,1603,243
2021,Torbay 008,E02003161,3337,1081,376,705,2256,1903,353
2021,Torbay 010,E02003163,3125,1121,476,645,2004,1648,356
2021,Torbay 011,E02003164,3918,1447,459,988,2471,2090,381
2021,Torbay 012,E02003165,3344,1215,429,786,2129,1869,260
2021,Torbay 013,E02003166,5591,1901,570,1331,3690,3144,546
2021,Torbay 014,E02003167,3970,1408,467,941,2562,2146,416
2021,Torbay 015,E02003168,3037,1128,370,758,1909,1657,252
2021,Torbay 016,E02003169,2493,963,332,631,1530,1281,249
2021,Torbay 017,E02003170,3585,1374,456,918,2211,1758,453
2021,Torbay 018,E02003171,2910,1056,376,680,1854,1537,317
2021,"Bournemouth, Christchurch and Poole 003",E02003172,2855,983,319,664,1872,1615,257
2021,"Bournemouth, Christchurch and Poole 005",E02003173,2995,988,334,654,2007,1762,245
2021,"Bournemouth, Christchurch and Poole 006",E02003174,3859,1352,461,891,2507,2167,340
2021,"Bournemouth, Christchurch and Poole 007",E02003175,4571,1544,498,1046,3027,2622,405
2021,"Bournemouth, Christchurch and Poole 010",E02003176,3106,1121,363,758,1985,1737,248
2021,"Bournemouth, Christchurch and Poole 009",E02003177,4235,1482,494,988,2753,2376,377
2021,"Bournemouth, Christchurch and Poole 011",E02003178,3906,1318,476,842,2588,2252,336
2021,"Bournemouth, Christchurch and Poole 012",E02003179,2698,891,268,623,1807,1577,230
2021,"Bournemouth, Christchurch and Poole 015",E02003180,4354,1717,691,1026,2637,2326,311
2021,"Bournemouth, Christchurch and Poole 017",E02003181,4260,1487,568,919,2773,2395,378
2021,"Bournemouth, Christchurch and Poole 020",E02003182,3258,1044,368,676,2214,1855,359
2021,"Bournemouth, Christchurch and Poole 028",E02003183,3239,1174,522,652,2065,1705,360
2021,"Bournemouth, Christchurch and Poole 027",E02003184,4096,1359,549,810,2737,2367,370
2021,"Bournemouth, Christchurch and Poole 026",E02003185,3847,1315,481,834,2532,2142,390
2021,"Bournemouth, Christchurch and Poole 025",E02003186,4801,1511,510,1001,3290,2868,422
2021,"Bournemouth, Christchurch and Poole 035",E02003187,4536,1524,585,939,3012,2577,435
2021,"Bournemouth, Christchurch and Poole 038",E02003188,6335,1844,806,1038,4491,3910,581
2021,"Bournemouth, Christchurch and Poole 036",E02003189,4086,1303,466,837,2783,2345,438
2021,"Bournemouth, Christchurch and Poole 037",E02003190,5412,1564,606,958,3848,3370,478
2021,"Bournemouth, Christchurch and Poole 039",E02003191,3604,1263,480,783,2341,1966,375
2021,"Bournemouth, Christchurch and Poole 041",E02003192,5723,1770,766,1004,3953,3476,477
2021,"Bournemouth, Christchurch and Poole 001",E02003194,2596,909,308,601,1687,1389,298
2021,"Bournemouth, Christchurch and Poole 008",E02003195,2922,869,323,546,2053,1756,297
2021,"Bournemouth, Christchurch and Poole 004",E02003196,4624,1681,600,1081,2943,2410,533
2021,"Bournemouth, Christchurch and Poole 013",E02003197,3196,1014,367,647,2182,1871,311
2021,"Bournemouth, Christchurch and Poole 016",E02003198,3862,1169,383,786,2693,2395,298
2021,"Bournemouth, Christchurch and Poole 021",E02003199,4550,1469,477,992,3081,2680,401
2021,"Bournemouth, Christchurch and Poole 022",E02003200,4736,1580,509,1071,3156,2736,420
2021,"Bournemouth, Christchurch and Poole 023",E02003201,5523,1671,540,1131,3852,3373,479
2021,"Bournemouth, Christchurch and Poole 029",E02003202,2927,958,366,592,1969,1713,256
2021,"Bournemouth, Christchurch and Poole 032",E02003203,4056,1197,382,815,2859,2530,329
2021,"Bournemouth, Christchurch and Poole 030",E02003204,4525,1299,444,855,3226,2765,461
2021,"Bournemouth, Christchurch and Poole 034",E02003205,4146,1321,440,881,2825,2451,374
2021,"Bournemouth, Christchurch and Poole 043",E02003206,5086,1640,634,1006,3446,2831,615
2021,"Bournemouth, Christchurch and Poole 042",E02003207,3535,1016,315,701,2519,2142,377
2021,"Bournemouth, Christchurch and Poole 044",E02003208,5303,1546,554,992,3757,3292,465
2021,"Bournemouth, Christchurch and Poole 046",E02003209,3179,985,343,642,2194,1888,306
2021,"Bournemouth, Christchurch and Poole 047",E02003210,4582,1440,550,890,3142,2526,616
2021,"Bournemouth, Christchurch and Poole 048",E02003211,3044,965,400,565,2079,1603,476
2021,Swindon 001,E02003212,3979,1098,371,727,2881,2477,404
2021,Swindon 003,E02003214,2591,818,253,565,1773,1581,192
2021,Swindon 004,E02003215,3223,856,245,611,2367,2092,275
2021,Swindon 005,E02003216,4877,1207,337,870,3670,3229,441
2021,Swindon 006,E02003217,3380,882,272,610,2498,2219,279
2021,Swindon 007,E02003218,2828,845,254,591,1983,1756,227
2021,Swindon 008,E02003219,6936,1771,624,1147,5165,4325,840
2021,Swindon 009,E02003220,5203,1380,431,949,3823,3412,411
2021,Swindon 010,E02003221,3726,971,294,677,2755,2461,294
2021,Swindon 011,E02003222,3319,860,279,581,2459,2193,266
2021,Swindon 012,E02003223,6082,1446,437,1009,4636,4166,470
2021,Swindon 013,E02003224,4251,1109,346,763,3142,2814,328
2021,Swindon 014,E02003225,3439,806,252,554,2633,2329,304
2021,Swindon 015,E02003226,5798,1381,484,897,4417,4161,256
2021,Swindon 016,E02003227,2813,880,299,581,1933,1729,204
2021,Swindon 017,E02003228,3994,1069,345,724,2925,2643,282
2021,Swindon 018,E02003229,3072,838,272,566,2234,1989,245
2021,Swindon 019,E02003230,5057,1030,341,689,4027,3658,369
2021,Swindon 020,E02003231,3537,1003,311,692,2534,2269,265
2021,Swindon 021,E02003232,4738,1138,407,731,3600,3145,455
2021,Swindon 022,E02003233,3897,1083,328,755,2814,2463,351
2021,Swindon 023,E02003234,3961,1109,356,753,2852,2573,279
2021,Swindon 024,E02003235,4739,1182,408,774,3557,3143,414
2021,Swindon 025,E02003236,6149,1617,521,1096,4532,3880,652
2021,Peterborough 001,E02003237,2877,815,292,523,2062,1700,362
2021,Peterborough 002,E02003238,2942,847,236,611,2095,1800,295
2021,Peterborough 003,E02003239,4121,1152,363,789,2969,2518,451
2021,Peterborough 004,E02003240,3563,913,315,598,2650,2166,484
2021,Peterborough 005,E02003241,3543,973,305,668,2570,2169,401
2021,Peterborough 006,E02003242,3856,1064,309,755,2792,2397,395
2021,Peterborough 007,E02003243,5261,1492,424,1068,3769,3272,497
2021,Peterborough 008,E02003244,4064,1322,405,917,2742,2414,328
2021,Peterborough 009,E02003245,3528,1078,325,753,2450,2199,251
2021,Peterborough 010,E02003246,4064,1351,397,954,2713,2397,316
2021,Peterborough 011,E02003247,3934,1102,342,760,2832,2503,329
2021,Peterborough 012,E02003248,4810,1705,528,1177,3105,2743,362
2021,Peterborough 013,E02003249,5711,1640,498,1142,4071,3586,485
2021,Peterborough 014,E02003250,5757,1589,518,1071,4168,3643,525
2021,Peterborough 015,E02003251,3390,1082,359,723,2308,1960,348
2021,Peterborough 016,E02003252,6172,1676,533,1143,4496,3883,613
2021,Peterborough 017,E02003253,5377,1273,381,892,4104,3627,477
2021,Peterborough 018,E02003254,4467,1287,472,815,3180,2688,492
2021,Peterborough 019,E02003255,6856,1669,442,1227,5187,4479,708
2021,Peterborough 021,E02003257,4164,1199,374,825,2965,2567,398
2021,Luton 001,E02003258,4357,1235,413,822,3122,2719,403
2021,Luton 002,E02003259,3079,889,299,590,2190,1922,268
2021,Luton 003,E02003260,3624,1207,360,847,2417,2123,294
2021,Luton 004,E02003261,2793,835,287,548,1958,1705,253
2021,Luton 005,E02003262,4609,1427,484,943,3182,2819,363
2021,Luton 006,E02003263,5580,1715,563,1152,3865,3401,464
2021,Luton 007,E02003264,4557,1387,486,901,3170,2712,458
2021,Luton 008,E02003265,4078,1067,332,735,3011,2620,391
2021,Luton 009,E02003266,4345,1349,438,911,2996,2620,376
2021,Luton 010,E02003267,5563,2229,769,1460,3334,2919,415
2021,Luton 011,E02003268,5090,1762,611,1151,3328,2936,392
2021,Luton 012,E02003269,5288,1490,463,1027,3798,3251,547
2021,Luton 013,E02003270,3984,1096,377,719,2888,2585,303
2021,Luton 014,E02003271,5437,1468,542,926,3969,3451,518
2021,Luton 015,E02003272,4110,1543,477,1066,2567,2275,292
2021,Luton 016,E02003273,5583,1552,529,1023,4031,3540,491
2021,Luton 017,E02003274,4100,1739,564,1175,2361,2087,274
2021,Luton 019,E02003276,3518,1217,399,818,2301,1996,305
2021,Luton 020,E02003277,4768,1595,534,1061,3173,2744,429
2021,Luton 021,E02003278,6607,1907,709,1198,4700,4002,698
2021,Southend-on-Sea 001,E02003279,4322,1401,525,876,2921,2481,440
2021,Southend-on-Sea 002,E02003280,4812,1567,561,1006,3245,2757,488
2021,Southend-on-Sea 003,E02003281,4054,1302,512,790,2752,2264,488
2021,Southend-on-Sea 004,E02003282,4859,1433,518,915,3426,2932,494
2021,Southend-on-Sea 005,E02003283,4932,1598,611,987,3334,2783,551
2021,Southend-on-Sea 006,E02003284,5402,1684,601,1083,3718,3254,464
2021,Southend-on-Sea 007,E02003285,5623,1733,579,1154,3890,3382,508
2021,Southend-on-Sea 008,E02003286,4496,1310,537,773,3186,2556,630
2021,Southend-on-Sea 009,E02003287,3985,1353,519,834,2632,2170,462
2021,Southend-on-Sea 010,E02003288,6068,1888,664,1224,4180,3603,577
2021,Southend-on-Sea 011,E02003289,5329,1434,553,881,3895,3166,729
2021,Southend-on-Sea 012,E02003290,4761,1419,587,832,3342,2693,649
2021,Southend-on-Sea 013,E02003291,5333,1658,571,1087,3675,3090,585
2021,Southend-on-Sea 014,E02003292,5432,1665,557,1108,3767,3286,481
2021,Southend-on-Sea 015,E02003293,5576,1591,600,991,3985,3420,565
2021,Southend-on-Sea 016,E02003294,3931,1311,540,771,2620,2144,476
2021,Southend-on-Sea 017,E02003295,4337,1403,483,920,2934,2466,468
2021,Thurrock 001,E02003296,3412,948,344,604,2464,2031,433
2021,Thurrock 002,E02003297,3239,963,377,586,2276,1905,371
2021,Thurrock 003,E02003298,3323,921,302,619,2402,2010,392
2021,Thurrock 004,E02003299,3237,904,371,533,2333,1851,482
2021,Thurrock 005,E02003300,4564,1230,427,803,3334,2841,493
2021,Thurrock 006,E02003301,5891,1568,544,1024,4323,3709,614
2021,Thurrock 007,E02003302,4850,1393,456,937,3457,3024,433
2021,Thurrock 008,E02003303,4679,1242,403,839,3437,2919,518
2021,Thurrock 009,E02003304,4387,1295,426,869,3092,2598,494
2021,Thurrock 010,E02003305,3310,931,302,629,2379,2027,352
2021,Thurrock 012,E02003307,4518,1338,434,904,3180,2716,464
2021,Thurrock 013,E02003308,3863,1043,368,675,2820,2376,444
2021,Thurrock 014,E02003309,3914,1026,370,656,2888,2391,497
2021,Thurrock 016,E02003311,4820,1188,384,804,3632,3024,608
2021,Thurrock 017,E02003312,4782,1210,434,776,3572,3034,538
2021,Thurrock 018,E02003313,6390,1745,552,1193,4645,3881,764
2021,Medway 001,E02003314,3038,814,300,514,2224,1778,446
2021,Medway 002,E02003315,2855,773,278,495,2082,1666,416
2021,Medway 003,E02003316,6060,1535,525,1010,4525,3676,849
2021,Medway 004,E02003317,3442,918,315,603,2524,2049,475
2021,Medway 005,E02003318,2962,835,282,553,2127,1750,377
2021,Medway 006,E02003319,3988,1116,352,764,2872,2386,486
2021,Medway 007,E02003320,4805,1118,425,693,3687,3047,640
2021,Medway 008,E02003321,2702,814,276,538,1888,1570,318
2021,Medway 009,E02003322,3739,1055,388,667,2684,2311,373
2021,Medway 010,E02003323,3379,924,268,656,2455,2079,376
2021,Medway 011,E02003324,4991,1342,442,900,3649,3046,603
2021,Medway 012,E02003325,3269,949,335,614,2320,2025,295
2021,Medway 013,E02003326,3646,986,354,632,2660,2259,401
2021,Medway 014,E02003327,3792,950,367,583,2842,2295,547
2021,Medway 015,E02003328,4416,1173,428,745,3243,2744,499
2021,Medway 016,E02003329,3428,937,339,598,2491,2158,333
2021,Medway 017,E02003330,3394,908,333,575,2486,2125,361
2021,Medway 018,E02003331,4016,1190,402,788,2826,2377,449
2021,Medway 019,E02003332,2900,854,271,583,2046,1759,287
2021,Medway 020,E02003333,2887,849,312,537,2038,1742,296
2021,Medway 021,E02003334,2901,862,319,543,2039,1725,314
2021,Medway 022,E02003335,3062,946,303,643,2116,1825,291
2021,Medway 023,E02003336,2980,833,295,538,2147,1802,345
2021,Medway 024,E02003337,3285,962,335,627,2323,1909,414
2021,Medway 025,E02003338,3454,954,317,637,2500,2109,391
2021,Medway 026,E02003339,3051,845,280,565,2206,1852,354
2021,Medway 027,E02003340,3568,1034,335,699,2534,2157,377
2021,Medway 028,E02003341,3365,920,355,565,2445,1996,449
2021,Medway 029,E02003342,2932,861,297,564,2071,1718,353
2021,Medway 030,E02003343,2781,873,346,527,1908,1526,382
2021,Medway 031,E02003344,3202,914,320,594,2288,1895,393
2021,Medway 032,E02003345,3198,880,299,581,2318,1949,369
2021,Medway 033,E02003346,3395,925,330,595,2470,2033,437
2021,Medway 034,E02003347,3411,853,274,579,2558,2168,390
2021,Medway 035,E02003348,3836,1193,424,769,2643,2131,512
2021,Medway 036,E02003349,3496,1003,304,699,2493,2104,389
2021,Medway 037,E02003350,3057,865,303,562,2192,1829,363
2021,Medway 038,E02003351,3919,1108,352,756,2811,2360,451
2021,Bracknell Forest 001,E02003352,2783,833,349,484,1950,1479,471
2021,Bracknell Forest 002,E02003353,6744,1542,578,964,5202,4347,855
2021,Bracknell Forest 003,E02003354,5765,1442,550,892,4323,3666,657
2021,Bracknell Forest 004,E02003355,3634,909,334,575,2725,2391,334
2021,Bracknell Forest 005,E02003356,3616,900,333,567,2716,2215,501
2021,Bracknell Forest 006,E02003357,5454,1327,465,862,4127,3538,589
2021,Bracknell Forest 007,E02003358,6557,1527,525,1002,5030,4333,697
2021,Bracknell Forest 008,E02003359,3780,901,295,606,2879,2488,391
2021,Bracknell Forest 009,E02003360,6058,1482,489,993,4576,3956,620
2021,Bracknell Forest 010,E02003361,4023,1038,346,692,2985,2587,398
2021,Bracknell Forest 011,E02003362,3432,885,279,606,2547,2176,371
2021,Bracknell Forest 012,E02003363,3193,732,295,437,2461,1988,473
2021,Bracknell Forest 013,E02003364,3800,1053,376,677,2747,2333,414
2021,Bracknell Forest 014,E02003365,3607,989,353,636,2618,2212,406
2021,Bracknell Forest 015,E02003366,3952,1016,352,664,2936,2318,618
2021,West Berkshire 001,E02003367,3260,974,392,582,2286,1772,514
2021,West Berkshire 002,E02003368,2902,797,326,471,2105,1650,455
2021,West Berkshire 003,E02003369,3067,858,376,482,2209,1655,554
2021,West Berkshire 004,E02003370,3312,962,385,577,2350,1937,413
2021,West Berkshire 005,E02003371,3039,878,323,555,2161,1895,266
2021,West Berkshire 006,E02003372,3882,1171,411,760,2711,2359,352
2021,West Berkshire 007,E02003373,4240,1149,468,681,3091,2354,737
2021,West Berkshire 008,E02003374,3173,894,323,571,2279,1983,296
2021,West Berkshire 009,E02003375,3325,865,309,556,2460,2105,355
2021,West Berkshire 010,E02003376,2855,861,357,504,1994,1623,371
2021,West Berkshire 011,E02003377,4913,1348,537,811,3565,2714,851
2021,West Berkshire 012,E02003378,3901,1039,396,643,2862,2470,392
2021,West Berkshire 013,E02003379,3759,914,334,580,2845,2488,357
2021,West Berkshire 014,E02003380,4544,1183,407,776,3361,2878,483
2021,West Berkshire 015,E02003381,3086,826,301,525,2260,1882,378
2021,West Berkshire 016,E02003382,3782,995,322,673,2787,2414,373
2021,West Berkshire 017,E02003383,3747,984,338,646,2763,2395,368
2021,West Berkshire 018,E02003384,3187,972,410,562,2215,1691,524
2021,West Berkshire 019,E02003385,6537,1413,514,899,5124,4429,695
2021,West Berkshire 020,E02003386,4249,1165,403,762,3084,2609,475
2021,West Berkshire 021,E02003387,4585,1301,538,763,3284,2728,556
2021,West Berkshire 022,E02003388,2966,802,342,460,2164,1736,428
2021,Reading 001,E02003389,3929,1155,449,706,2774,2352,422
2021,Reading 002,E02003390,3730,1062,441,621,2668,2135,533
2021,Reading 003,E02003391,4196,1111,370,741,3085,2590,495
2021,Reading 004,E02003392,4769,1026,363,663,3743,3236,507
2021,Reading 005,E02003393,4199,1141,410,731,3058,2621,437
2021,Reading 006,E02003394,4167,1170,396,774,2997,2644,353
2021,Reading 007,E02003395,6508,1495,505,990,5013,4435,578
2021,Reading 008,E02003396,5419,1272,467,805,4147,3671,476
2021,Reading 009,E02003397,3822,1155,395,760,2667,2368,299
2021,Reading 010,E02003398,5975,1633,683,950,4342,3852,490
2021,Reading 012,E02003400,4087,1313,731,582,2774,2377,397
2021,Reading 013,E02003401,4808,1113,420,693,3695,3235,460
2021,Reading 014,E02003402,6016,1390,530,860,4626,4102,524
2021,Reading 015,E02003403,4500,1204,381,823,3296,2953,343
2021,Reading 016,E02003404,3219,1101,547,554,2118,1828,290
2021,Reading 017,E02003405,6509,1699,578,1121,4810,4296,514
2021,Reading 018,E02003406,3973,1099,372,727,2874,2529,345
2021,Slough 001,E02003407,4933,1379,451,928,3554,3150,404
2021,Slough 002,E02003408,5108,1644,594,1050,3464,3013,451
2021,Slough 003,E02003409,5244,1362,458,904,3882,3419,463
2021,Slough 004,E02003410,5084,1745,668,1077,3339,2951,388
2021,Slough 005,E02003411,5384,1686,578,1108,3698,3290,408
2021,Slough 006,E02003412,5090,1322,455,867,3768,3257,511
2021,Slough 008,E02003414,6573,1844,626,1218,4729,4151,578
2021,Slough 009,E02003415,5941,1762,691,1071,4179,3683,496
2021,Slough 010,E02003416,4787,1214,407,807,3573,3156,417
2021,Slough 011,E02003417,6240,1654,595,1059,4586,4023,563
2021,Slough 012,E02003418,4829,1363,497,866,3466,3009,457
2021,Slough 013,E02003419,4201,1176,435,741,3025,2670,355
2021,Slough 014,E02003420,3335,840,298,542,2495,2187,308
2021,Windsor and Maidenhead 001,E02003421,2675,811,330,481,1864,1520,344
2021,Windsor and Maidenhead 002,E02003422,5747,1691,717,974,4056,3010,1046
2021,Windsor and Maidenhead 003,E02003423,3202,929,345,584,2273,1933,340
2021,Windsor and Maidenhead 004,E02003424,4831,1145,509,636,3686,2918,768
2021,Windsor and Maidenhead 005,E02003425,6931,1639,650,989,5292,4431,861
2021,Windsor and Maidenhead 006,E02003426,5021,1305,509,796,3716,3028,688
2021,Windsor and Maidenhead 007,E02003427,4205,1122,421,701,3083,2659,424
2021,Windsor and Maidenhead 008,E02003428,4448,1174,409,765,3274,2802,472
2021,Windsor and Maidenhead 009,E02003429,3758,1012,394,618,2746,2108,638
2021,Windsor and Maidenhead 010,E02003430,3651,817,354,463,2834,2083,751
2021,Windsor and Maidenhead 011,E02003431,3570,922,349,573,2648,2144,504
2021,Windsor and Maidenhead 012,E02003432,3920,890,357,533,3030,2327,703
2021,Windsor and Maidenhead 013,E02003433,3141,836,291,545,2305,1871,434
2021,Windsor and Maidenhead 014,E02003434,4435,1171,459,712,3264,2695,569
2021,Windsor and Maidenhead 015,E02003435,3707,910,380,530,2797,2136,661
2021,Windsor and Maidenhead 016,E02003436,4496,1231,500,731,3265,2575,690
2021,Windsor and Maidenhead 017,E02003437,3597,1056,456,600,2541,1890,651
2021,Windsor and Maidenhead 018,E02003438,4971,1412,622,790,3559,2573,986
2021,Wokingham 001,E02003439,2553,758,337,421,1795,1364,431
2021,Wokingham 002,E02003440,4627,1271,514,757,3356,2763,593
2021,Wokingham 003,E02003441,3689,1074,426,648,2615,2170,445
2021,Wokingham 004,E02003442,4581,1190,434,756,3391,2851,540
2021,Wokingham 005,E02003443,3086,876,344,532,2210,1907,303
2021,Wokingham 006,E02003444,4639,1351,555,796,3288,2829,459
2021,Wokingham 007,E02003445,4380,1190,411,779,3190,2821,369
2021,Wokingham 008,E02003446,4267,1278,598,680,2989,2559,430
2021,Wokingham 009,E02003447,5559,1312,492,820,4247,3654,593
2021,Wokingham 010,E02003448,4152,1073,438,635,3079,2511,568
2021,Wokingham 011,E02003449,4218,981,357,624,3237,2781,456
2021,Wokingham 012,E02003450,7029,1646,628,1018,5383,4639,744
2021,Wokingham 013,E02003451,4855,1218,466,752,3637,3074,563
2021,Wokingham 014,E02003452,5029,1184,438,746,3845,3185,660
2021,Wokingham 015,E02003453,3534,918,389,529,2616,2168,448
2021,Wokingham 016,E02003454,4369,1096,415,681,3273,2786,487
2021,Wokingham 017,E02003455,5774,1296,483,813,4478,3751,727
2021,Wokingham 018,E02003456,4291,1029,373,656,3262,2651,611
2021,Wokingham 019,E02003457,4807,1322,562,760,3485,2828,657
2021,Wokingham 020,E02003458,4031,1134,490,644,2897,2318,579
2021,Milton Keynes 001,E02003459,4356,1273,461,812,3083,2442,641
2021,Milton Keynes 002,E02003460,5899,1515,587,928,4384,3609,775
2021,Milton Keynes 003,E02003461,3470,921,331,590,2549,2244,305
2021,Milton Keynes 004,E02003462,4299,1128,404,724,3171,2741,430
2021,Milton Keynes 005,E02003463,3237,896,332,564,2341,2023,318
2021,Milton Keynes 006,E02003464,3224,924,296,628,2300,2044,256
2021,Milton Keynes 007,E02003465,3005,781,270,511,2224,1886,338
2021,Milton Keynes 008,E02003466,4104,1072,371,701,3032,2660,372
2021,Milton Keynes 009,E02003467,3058,807,264,543,2251,1996,255
2021,Milton Keynes 010,E02003468,4230,1120,384,736,3110,2677,433
2021,Milton Keynes 011,E02003469,2849,751,231,520,2098,1866,232
2021,Milton Keynes 012,E02003470,2437,826,250,576,1611,1438,173
2021,Milton Keynes 013,E02003471,3211,843,295,548,2368,2137,231
2021,Milton Keynes 014,E02003472,5660,1260,411,849,4400,3900,500
2021,Milton Keynes 015,E02003473,2885,705,229,476,2180,1921,259
2021,Milton Keynes 016,E02003474,4639,1156,378,778,3483,3025,458
2021,Milton Keynes 018,E02003476,3878,1175,369,806,2703,2409,294
2021,Milton Keynes 020,E02003478,3516,875,313,562,2641,2288,353
2021,Milton Keynes 021,E02003479,3683,1012,330,682,2671,2414,257
2021,Milton Keynes 022,E02003480,4519,1093,349,744,3426,2950,476
2021,Milton Keynes 023,E02003481,3605,1059,359,700,2546,2250,296
2021,Milton Keynes 024,E02003482,4650,1083,401,682,3567,2992,575
2021,Milton Keynes 025,E02003483,6142,1484,497,987,4658,4025,633
2021,Milton Keynes 026,E02003484,3639,936,314,622,2703,2371,332
2021,Milton Keynes 027,E02003485,3870,1070,330,740,2800,2459,341
2021,Milton Keynes 028,E02003486,5501,1313,438,875,4188,3660,528
2021,Milton Keynes 029,E02003487,3368,939,327,612,2429,2135,294
2021,Milton Keynes 030,E02003488,3990,1129,373,756,2861,2515,346
2021,Milton Keynes 031,E02003489,3737,969,334,635,2768,2395,373
2021,Milton Keynes 032,E02003490,5038,1349,419,930,3689,3247,442
2021,Brighton and Hove 001,E02003491,3794,1308,437,871,2486,2170,316
2021,Brighton and Hove 002,E02003492,2806,1403,704,699,1403,1250,153
2021,Brighton and Hove 003,E02003493,3817,1330,504,826,2487,2033,454
2021,Brighton and Hove 004,E02003494,3246,1185,440,745,2061,1750,311
2021,Brighton and Hove 005,E02003495,3565,1199,402,797,2366,2051,315
2021,Brighton and Hove 006,E02003496,3309,1300,452,848,2009,1760,249
2021,Brighton and Hove 007,E02003497,3623,1336,530,806,2287,1830,457
2021,Brighton and Hove 008,E02003498,3343,1385,544,841,1958,1747,211
2021,Brighton and Hove 009,E02003499,3225,1330,507,823,1895,1667,228
2021,Brighton and Hove 010,E02003500,4296,1589,596,993,2707,2297,410
2021,Brighton and Hove 011,E02003501,4560,1386,527,859,3174,2659,515
2021,Brighton and Hove 012,E02003502,3729,1248,403,845,2481,2203,278
2021,Brighton and Hove 013,E02003503,4301,1603,549,1054,2698,2340,358
2021,Brighton and Hove 014,E02003504,4893,1566,663,903,3327,2872,455
2021,Brighton and Hove 015,E02003505,4747,1860,881,979,2887,2524,363
2021,Brighton and Hove 016,E02003506,3966,1228,424,804,2738,2330,408
2021,Brighton and Hove 017,E02003507,4503,1579,556,1023,2924,2548,376
2021,Brighton and Hove 018,E02003508,4457,1740,742,998,2717,2402,315
2021,Brighton and Hove 019,E02003509,5255,1448,522,926,3807,3256,551
2021,Brighton and Hove 020,E02003510,4933,1503,595,908,3430,2940,490
2021,Brighton and Hove 021,E02003511,4436,1479,532,947,2957,2548,409
2021,Brighton and Hove 022,E02003512,4642,1672,719,953,2970,2598,372
2021,Brighton and Hove 023,E02003513,2994,1081,417,664,1913,1569,344
2021,Brighton and Hove 024,E02003514,5336,1505,634,871,3831,3354,477
2021,Brighton and Hove 025,E02003515,3575,1342,458,884,2233,1969,264
2021,Brighton and Hove 026,E02003516,5231,1411,573,838,3820,3267,553
2021,Brighton and Hove 027,E02003517,5831,1798,768,1030,4033,3463,570
2021,Brighton and Hove 028,E02003518,4217,1301,518,783,2916,2485,431
2021,Brighton and Hove 029,E02003519,5332,1528,569,959,3804,3265,539
2021,Brighton and Hove 030,E02003520,4588,1510,633,877,3078,2696,382
2021,Brighton and Hove 031,E02003521,4263,1268,515,753,2995,2577,418
2021,Brighton and Hove 032,E02003522,3907,1172,469,703,2735,2260,475
2021,Brighton and Hove 033,E02003523,4582,1666,640,1026,2916,2401,515
2021,Portsmouth 001,E02003524,3593,1149,357,792,2444,2119,325
2021,Portsmouth 002,E02003525,2910,911,288,623,1999,1788,211
2021,Portsmouth 003,E02003526,3133,973,362,611,2160,1758,402
2021,Portsmouth 004,E02003527,3146,888,302,586,2258,1890,368
2021,Portsmouth 006,E02003529,4319,1297,410,887,3022,2648,374
2021,Portsmouth 007,E02003530,3917,1145,360,785,2772,2361,411
2021,Portsmouth 008,E02003531,4134,1257,404,853,2877,2470,407
2021,Portsmouth 009,E02003532,4108,1188,391,797,2920,2527,393
2021,Portsmouth 010,E02003533,2799,793,253,540,2006,1766,240
2021,Portsmouth 011,E02003534,4718,1408,500,908,3310,2916,394
2021,Portsmouth 012,E02003535,4996,1478,414,1064,3518,3072,446
2021,Portsmouth 013,E02003536,2771,1041,323,718,1730,1534,196
2021,Portsmouth 014,E02003537,5249,1565,471,1094,3684,3189,495
2021,Portsmouth 015,E02003538,5039,1564,513,1051,3475,3052,423
2021,Portsmouth 017,E02003540,4523,1393,447,946,3130,2732,398
2021,Portsmouth 018,E02003541,3561,1523,661,862,2038,1734,304
2021,Portsmouth 019,E02003542,4527,1412,540,872,3115,2668,447
2021,Portsmouth 020,E02003543,4113,1467,640,827,2646,2285,361
2021,Portsmouth 021,E02003544,3490,995,321,674,2495,2164,331
2021,Portsmouth 022,E02003545,3554,958,403,555,2596,2190,406
2021,Portsmouth 023,E02003546,4080,1144,412,732,2936,2450,486
2021,Portsmouth 024,E02003547,3899,1038,456,582,2861,2351,510
2021,Portsmouth 025,E02003548,3298,963,388,575,2335,1940,395
2021,Southampton 001,E02003549,3284,1104,473,631,2180,1789,391
2021,Southampton 002,E02003550,3825,1102,339,763,2723,2380,343
2021,Southampton 003,E02003551,2427,852,347,505,1575,1329,246
2021,Southampton 004,E02003552,2863,865,227,638,1998,1750,248
2021,Southampton 005,E02003553,2787,1021,424,597,1766,1537,229
2021,Southampton 006,E02003554,2951,817,273,544,2134,1837,297
2021,Southampton 007,E02003555,4310,1191,363,828,3119,2701,418
2021,Southampton 008,E02003556,2904,908,291,617,1996,1695,301
2021,Southampton 009,E02003557,2870,943,468,475,1927,1622,305
2021,Southampton 010,E02003558,3563,969,299,670,2594,2284,310
2021,Southampton 011,E02003559,3957,1171,393,778,2786,2380,406
2021,Southampton 012,E02003560,3277,1049,319,730,2228,1921,307
2021,Southampton 013,E02003561,3389,1151,516,635,2238,1926,312
2021,Southampton 014,E02003562,4475,1320,427,893,3155,2688,467
2021,Southampton 015,E02003563,4058,1159,333,826,2899,2510,389
2021,Southampton 016,E02003564,3738,1182,409,773,2556,2183,373
2021,Southampton 017,E02003565,3229,996,462,534,2233,1916,317
2021,Southampton 018,E02003566,2959,923,309,614,2036,1742,294
2021,Southampton 019,E02003567,3865,1186,365,821,2679,2292,387
2021,Southampton 020,E02003568,4744,1123,407,716,3621,3109,512
2021,Southampton 021,E02003569,4419,1142,348,794,3277,2829,448
2021,Southampton 022,E02003570,4790,1703,636,1067,3087,2670,417
2021,Southampton 023,E02003571,3998,1309,620,689,2689,2361,328
2021,Southampton 024,E02003572,3090,918,303,615,2172,1851,321
2021,Southampton 025,E02003573,3361,1113,346,767,2248,1953,295
2021,Southampton 026,E02003574,3831,1095,320,775,2736,2374,362
2021,Southampton 027,E02003575,2746,932,315,617,1814,1538,276
2021,Southampton 028,E02003576,4150,1238,375,863,2912,2493,419
2021,Southampton 030,E02003578,3327,931,309,622,2396,2078,318
2021,Southampton 031,E02003579,5229,1283,411,872,3946,3408,538
2021,Southampton 032,E02003580,2528,827,254,573,1701,1447,254
2021,Isle of Wight 001,E02003581,3760,1229,403,826,2531,2145,386
2021,Isle of Wight 002,E02003582,3859,1370,399,971,2489,2129,360
2021,Isle of Wight 003,E02003583,3115,1095,336,759,2020,1766,254
2021,Isle of Wight 004,E02003584,2675,995,316,679,1680,1440,240
2021,Isle of Wight 005,E02003585,2586,950,292,658,1636,1370,266
2021,Isle of Wight 006,E02003586,3160,1185,368,817,1975,1699,276
2021,Isle of Wight 007,E02003587,3549,1326,371,955,2223,1933,290
2021,Isle of Wight 008,E02003588,3852,1298,388,910,2554,2268,286
2021,Isle of Wight 009,E02003589,3581,1261,382,879,2320,2062,258
2021,Isle of Wight 010,E02003590,2625,1098,427,671,1527,1222,305
2021,Isle of Wight 011,E02003591,4187,1488,453,1035,2699,2341,358
2021,Isle of Wight 012,E02003592,3424,1489,556,933,1935,1608,327
2021,Isle of Wight 013,E02003593,2200,849,308,541,1351,1079,272
2021,Isle of Wight 014,E02003594,3792,1532,528,1004,2260,1927,333
2021,Isle of Wight 015,E02003595,3101,1218,449,769,1883,1605,278
2021,Isle of Wight 016,E02003596,3361,1366,485,881,1995,1684,311
2021,Isle of Wight 017,E02003597,2344,932,366,566,1412,1141,271
2021,Isle of Wight 018,E02003598,2737,1149,424,725,1588,1336,252
2021,Central Bedfordshire 001,E02003599,2920,789,281,508,2131,1842,289
2021,Central Bedfordshire 002,E02003600,3207,892,340,552,2315,1948,367
2021,Central Bedfordshire 003,E02003601,4185,1112,437,675,3073,2527,546
2021,Central Bedfordshire 004,E02003602,3287,939,368,571,2348,1891,457
2021,Central Bedfordshire 005,E02003603,6045,1601,569,1032,4444,3829,615
2021,Central Bedfordshire 006,E02003604,6074,1538,531,1007,4536,3895,641
2021,Central Bedfordshire 007,E02003605,4916,1330,496,834,3586,2951,635
2021,Central Bedfordshire 008,E02003606,4671,1308,474,834,3363,2715,648
2021,Central Bedfordshire 009,E02003607,5912,1481,519,962,4431,3629,802
2021,Central Bedfordshire 010,E02003608,6496,1776,633,1143,4720,4025,695
2021,Central Bedfordshire 011,E02003609,6322,1626,581,1045,4696,3895,801
2021,Central Bedfordshire 012,E02003610,4674,1304,480,824,3370,2745,625
2021,Central Bedfordshire 013,E02003611,5099,1384,514,870,3715,3125,590
2021,Central Bedfordshire 014,E02003612,6510,1768,653,1115,4742,3951,791
2021,Central Bedfordshire 015,E02003613,2940,787,314,473,2153,1801,352
2021,Central Bedfordshire 016,E02003614,4518,1192,429,763,3326,2824,502
2021,Central Bedfordshire 017,E02003615,5239,1513,599,914,3726,3014,712
2021,Bedford 001,E02003616,2725,826,350,476,1899,1493,406
2021,Bedford 002,E02003617,4263,1305,509,796,2958,2275,683
2021,Bedford 003,E02003618,4259,1230,416,814,3029,2483,546
2021,Bedford 004,E02003619,5921,1640,617,1023,4281,3415,866
2021,Bedford 005,E02003620,3672,1088,380,708,2584,2194,390
2021,Bedford 006,E02003621,3694,1104,415,689,2590,2209,381
2021,Bedford 007,E02003622,4209,1268,404,864,2941,2598,343
2021,Bedford 008,E02003623,6655,1679,635,1044,4976,4170,806
2021,Bedford 009,E02003624,2773,771,328,443,2002,1658,344
2021,Bedford 010,E02003625,4323,1051,396,655,3272,2795,477
2021,Bedford 011,E02003626,2951,788,264,524,2163,1862,301
2021,Bedford 012,E02003627,5664,1456,556,900,4208,3595,613
2021,Bedford 013,E02003628,4090,1382,479,903,2708,2391,317
2021,Bedford 014,E02003629,5066,1409,465,944,3657,3196,461
2021,Bedford 015,E02003630,5627,1446,466,980,4181,3665,516
2021,Bedford 016,E02003631,2697,778,253,525,1919,1658,261
2021,Bedford 017,E02003632,3179,876,275,601,2303,2033,270
2021,Bedford 018,E02003633,5433,1420,454,966,4013,3493,520
2021,Bedford 020,E02003635,5313,1321,467,854,3992,3386,606
2021,Central Bedfordshire 018,E02003636,3727,1041,364,677,2686,2262,424
2021,Central Bedfordshire 019,E02003637,5594,1530,600,930,4064,3328,736
2021,Central Bedfordshire 020,E02003638,3692,972,336,636,2720,2248,472
2021,Central Bedfordshire 021,E02003639,4872,1286,443,843,3586,3068,518
2021,Central Bedfordshire 022,E02003640,3070,815,310,505,2255,1923,332
2021,Central Bedfordshire 023,E02003641,2765,761,280,481,2004,1717,287
2021,Central Bedfordshire 025,E02003642,4531,1146,387,759,3385,2910,475
2021,Central Bedfordshire 024,E02003643,7372,1735,582,1153,5637,4826,811
2021,Central Bedfordshire 026,E02003644,5151,1342,441,901,3809,3267,542
2021,Central Bedfordshire 027,E02003645,3566,996,381,615,2570,2226,344
2021,Central Bedfordshire 028,E02003646,5355,1432,472,960,3923,3350,573
2021,Central Bedfordshire 029,E02003647,5631,1369,487,882,4262,3666,596
2021,Central Bedfordshire 030,E02003648,2620,742,243,499,1878,1646,232
2021,Central Bedfordshire 031,E02003649,3391,926,341,585,2465,2097,368
2021,Central Bedfordshire 032,E02003650,3240,993,385,608,2247,1745,502
2021,Central Bedfordshire 033,E02003651,3482,997,366,631,2485,2046,439
2021,Buckinghamshire 001,E02003652,5020,1423,532,891,3597,2860,737
2021,Buckinghamshire 002,E02003653,3299,979,376,603,2320,1952,368
2021,Buckinghamshire 003,E02003654,2888,812,345,467,2076,1600,476
2021,Buckinghamshire 004,E02003655,5335,1510,586,924,3825,2986,839
2021,Buckinghamshire 005,E02003656,3292,947,374,573,2345,1930,415
2021,Buckinghamshire 006,E02003657,3730,1074,466,608,2656,2047,609
2021,Buckinghamshire 007,E02003658,5081,1343,503,840,3738,2993,745
2021,Buckinghamshire 009,E02003659,4959,1371,516,855,3588,2841,747
2021,Buckinghamshire 008,E02003660,5451,1620,639,981,3831,3046,785
2021,Buckinghamshire 010,E02003661,3008,859,342,517,2149,1624,525
2021,Buckinghamshire 012,E02003662,3298,886,307,579,2412,2061,351
2021,Buckinghamshire 011,E02003663,7350,1799,600,1199,5551,4819,732
2021,Buckinghamshire 013,E02003664,4011,1065,335,730,2946,2593,353
2021,Buckinghamshire 014,E02003665,3084,884,318,566,2200,1884,316
2021,Buckinghamshire 015,E02003666,4067,1007,364,643,3060,2640,420
2021,Buckinghamshire 016,E02003667,5395,1305,440,865,4090,3548,542
2021,Buckinghamshire 018,E02003668,4176,1234,469,765,2942,2450,492
2021,Buckinghamshire 017,E02003669,3488,1077,361,716,2411,2111,300
2021,Buckinghamshire 019,E02003670,4923,1273,434,839,3650,3157,493
2021,Buckinghamshire 020,E02003671,3082,873,289,584,2209,1933,276
2021,Buckinghamshire 021,E02003672,6166,1799,692,1107,4367,3505,862
2021,Buckinghamshire 022,E02003673,4622,1353,543,810,3269,2569,700
2021,Buckinghamshire 023,E02003674,2691,843,351,492,1848,1398,450
2021,Buckinghamshire 024,E02003675,5030,1274,464,810,3756,3013,743
2021,Buckinghamshire 029,E02003676,3837,1337,590,747,2500,1835,665
2021,Buckinghamshire 027,E02003677,4901,1560,606,954,3341,2779,562
2021,Buckinghamshire 028,E02003678,2909,856,339,517,2053,1692,361
2021,Buckinghamshire 030,E02003679,3511,983,393,590,2528,2101,427
2021,Buckinghamshire 031,E02003680,4688,1442,594,848,3246,2525,721
2021,Buckinghamshire 032,E02003681,4845,1455,646,809,3390,2574,816
2021,Buckinghamshire 034,E02003682,3745,1040,430,610,2705,2192,513
2021,Buckinghamshire 035,E02003683,3300,959,396,563,2341,1852,489
2021,Buckinghamshire 047,E02003685,3774,1216,544,672,2558,1880,678
2021,Buckinghamshire 050,E02003686,3592,1090,479,611,2502,1897,605
2021,Buckinghamshire 054,E02003687,2773,850,361,489,1923,1443,480
2021,Buckinghamshire 053,E02003688,5670,1581,676,905,4089,2961,1128
2021,Buckinghamshire 058,E02003689,4286,1192,558,634,3094,2172,922
2021,Buckinghamshire 059,E02003690,3679,983,377,606,2696,2149,547
2021,Buckinghamshire 063,E02003691,3416,1003,410,593,2413,1784,629
2021,Buckinghamshire 064,E02003692,4332,1256,474,782,3076,2443,633
2021,Buckinghamshire 065,E02003693,3598,967,395,572,2631,2044,587
2021,Buckinghamshire 066,E02003694,4226,1083,411,672,3143,2681,462
2021,Buckinghamshire 067,E02003695,5621,1438,595,843,4183,3425,758
2021,Buckinghamshire 026,E02003696,3949,1205,468,737,2744,2173,571
2021,Buckinghamshire 025,E02003697,3149,901,396,505,2248,1702,546
2021,Buckinghamshire 033,E02003698,4168,1239,502,737,2929,2303,626
2021,Buckinghamshire 037,E02003699,2951,859,326,533,2092,1731,361
2021,Buckinghamshire 038,E02003701,5724,1700,624,1076,4024,3457,567
2021,Buckinghamshire 040,E02003702,4452,1260,547,713,3192,2420,772
2021,Buckinghamshire 041,E02003703,4704,1258,475,783,3446,2865,581
2021,Buckinghamshire 045,E02003704,2905,897,406,491,2008,1598,410
2021,Buckinghamshire 042,E02003705,3480,1050,393,657,2430,2137,293
2021,Buckinghamshire 043,E02003706,3411,968,313,655,2443,2137,306
2021,Buckinghamshire 044,E02003707,3569,996,375,621,2573,2213,360
2021,Buckinghamshire 046,E02003708,4417,1576,601,975,2841,2465,376
2021,Buckinghamshire 048,E02003709,2754,794,253,541,1960,1690,270
2021,Buckinghamshire 049,E02003710,6371,1754,695,1059,4617,3914,703
2021,Buckinghamshire 051,E02003711,5364,1301,464,837,4063,3447,616
2021,Buckinghamshire 052,E02003712,3808,1041,402,639,2767,2329,438
2021,Buckinghamshire 055,E02003713,2718,844,318,526,1874,1506,368
2021,Buckinghamshire 056,E02003714,3532,977,381,596,2555,2091,464
2021,Buckinghamshire 057,E02003715,3147,953,424,529,2194,1627,567
2021,Buckinghamshire 060,E02003716,2881,812,344,468,2069,1648,421
2021,Buckinghamshire 062,E02003717,4202,1273,529,744,2929,2292,637
2021,Buckinghamshire 061,E02003718,2763,838,353,485,1925,1534,391
2021,Cambridge 001,E02003719,5641,1545,497,1048,4096,3663,433
2021,Cambridge 002,E02003720,4825,1324,516,808,3501,3032,469
2021,Cambridge 003,E02003721,5072,1305,460,845,3767,3296,471
2021,Cambridge 004,E02003722,4631,1260,528,732,3371,2772,599
2021,Cambridge 005,E02003723,4216,1147,667,480,3069,2496,573
2021,Cambridge 006,E02003724,5511,1617,606,1011,3894,3380,514
2021,Cambridge 007,E02003725,4766,1593,1010,583,3173,2388,785
2021,Cambridge 008,E02003726,4347,1121,494,627,3226,2569,657
2021,Cambridge 009,E02003727,6178,1546,579,967,4632,4003,629
2021,Cambridge 010,E02003728,6228,1562,611,951,4666,3989,677
2021,Cambridge 011,E02003729,4836,1278,446,832,3558,3185,373
2021,Cambridge 013,E02003731,5560,1346,553,793,4214,3470,744
2021,East Cambridgeshire 001,E02003732,5106,1292,416,876,3814,3178,636
2021,East Cambridgeshire 002,E02003733,4352,1294,482,812,3058,2512,546
2021,East Cambridgeshire 003,E02003734,6031,1607,543,1064,4424,3746,678
2021,East Cambridgeshire 004,E02003735,4479,1192,427,765,3287,2729,558
2021,East Cambridgeshire 005,E02003736,5135,1541,551,990,3594,2947,647
2021,East Cambridgeshire 006,E02003737,6927,1855,622,1233,5072,4198,874
2021,East Cambridgeshire 007,E02003738,3307,988,368,620,2319,1865,454
2021,East Cambridgeshire 008,E02003739,3200,963,320,643,2237,1847,390
2021,East Cambridgeshire 009,E02003740,3017,960,370,590,2057,1668,389
2021,Fenland 001,E02003742,2919,842,270,572,2077,1698,379
2021,Fenland 002,E02003743,5037,1160,350,810,3877,3267,610
2021,Fenland 003,E02003744,6451,1646,527,1119,4805,4071,734
2021,Fenland 004,E02003745,4628,1381,473,908,3247,2590,657
2021,Fenland 005,E02003746,3534,1025,397,628,2509,2075,434
2021,Fenland 006,E02003747,5904,1639,523,1116,4265,3568,697
2021,Fenland 007,E02003748,3279,950,294,656,2329,1890,439
2021,Fenland 008,E02003749,3026,835,266,569,2191,1741,450
2021,Fenland 009,E02003750,3261,923,313,610,2338,1920,418
2021,Fenland 010,E02003751,3534,996,356,640,2538,2014,524
2021,Fenland 011,E02003752,5532,1392,451,941,4140,3446,694
2021,Huntingdonshire 001,E02003753,5602,1558,507,1051,4044,3406,638
2021,Huntingdonshire 002,E02003754,2830,797,299,498,2033,1603,430
2021,Huntingdonshire 003,E02003755,4291,1185,404,781,3106,2520,586
2021,Huntingdonshire 004,E02003756,3654,962,352,610,2692,2245,447
2021,Huntingdonshire 005,E02003757,3428,943,310,633,2485,2022,463
2021,Huntingdonshire 006,E02003758,5044,1312,476,836,3732,3084,648
2021,Huntingdonshire 007,E02003759,2973,879,310,569,2094,1775,319
2021,Huntingdonshire 008,E02003760,4538,1191,417,774,3347,2967,380
2021,Huntingdonshire 009,E02003761,2933,740,226,514,2193,1869,324
2021,Huntingdonshire 010,E02003762,5810,1391,503,888,4419,3726,693
2021,Huntingdonshire 011,E02003763,5058,1345,456,889,3713,3266,447
2021,Huntingdonshire 012,E02003764,5892,1280,426,854,4612,4078,534
2021,Huntingdonshire 013,E02003765,3506,937,312,625,2569,2232,337
2021,Huntingdonshire 014,E02003766,4138,1032,337,695,3106,2630,476
2021,Huntingdonshire 015,E02003767,3229,958,406,552,2271,1717,554
2021,Huntingdonshire 016,E02003768,4822,1412,524,888,3410,2813,597
2021,Huntingdonshire 017,E02003769,3139,912,353,559,2227,1808,419
2021,Huntingdonshire 018,E02003770,5491,1440,481,959,4051,3351,700
2021,Huntingdonshire 019,E02003771,3186,831,300,531,2355,1979,376
2021,Huntingdonshire 020,E02003772,3345,912,328,584,2433,2024,409
2021,Huntingdonshire 021,E02003773,5659,1413,469,944,4246,3686,560
2021,Huntingdonshire 022,E02003774,2823,742,260,482,2081,1783,298
2021,South Cambridgeshire 001,E02003775,3674,1102,409,693,2572,2143,429
2021,South Cambridgeshire 002,E02003776,3415,1021,366,655,2394,2034,360
2021,South Cambridgeshire 003,E02003777,5251,1311,415,896,3940,3353,587
2021,South Cambridgeshire 004,E02003778,3517,894,334,560,2623,2283,340
2021,South Cambridgeshire 006,E02003780,5907,1581,534,1047,4326,3750,576
2021,South Cambridgeshire 007,E02003781,3380,853,321,532,2527,2201,326
2021,South Cambridgeshire 010,E02003784,4507,1311,466,845,3196,2633,563
2021,South Cambridgeshire 011,E02003785,4608,1147,398,749,3461,2989,472
2021,South Cambridgeshire 012,E02003786,3134,791,292,499,2343,1899,444
2021,South Cambridgeshire 013,E02003787,3668,1175,463,712,2493,2012,481
2021,South Cambridgeshire 014,E02003788,4105,1074,382,692,3031,2439,592
2021,South Cambridgeshire 015,E02003789,3457,940,305,635,2517,2201,316
2021,South Cambridgeshire 016,E02003790,4613,1384,494,890,3229,2645,584
2021,South Cambridgeshire 017,E02003791,4227,1193,457,736,3034,2434,600
2021,South Cambridgeshire 018,E02003792,4782,1431,554,877,3351,2776,575
2021,South Cambridgeshire 019,E02003793,3611,1096,434,662,2515,2048,467
2021,Cheshire West and Chester 022,E02003794,4130,1173,415,758,2957,2425,532
2021,Cheshire West and Chester 025,E02003795,3013,974,358,616,2039,1641,398
2021,Cheshire West and Chester 027,E02003796,3086,1006,331,675,2080,1803,277
2021,Cheshire West and Chester 028,E02003797,4980,1444,507,937,3536,3045,491
2021,Cheshire West and Chester 029,E02003798,2637,974,275,699,1663,1464,199
2021,Cheshire West and Chester 031,E02003799,3131,1072,349,723,2059,1836,223
2021,Cheshire West and Chester 030,E02003800,3272,992,393,599,2280,1785,495
2021,Cheshire West and Chester 032,E02003801,3389,1003,318,685,2386,2068,318
2021,Cheshire West and Chester 033,E02003802,4736,1257,490,767,3479,3058,421
2021,Cheshire West and Chester 034,E02003803,4912,1777,855,922,3135,2694,441
2021,Cheshire West and Chester 036,E02003804,3669,960,344,616,2709,2348,361
2021,Cheshire West and Chester 039,E02003805,2857,908,347,561,1949,1570,379
2021,Cheshire West and Chester 041,E02003806,4083,1092,343,749,2991,2539,452
2021,Cheshire West and Chester 043,E02003807,3831,1145,395,750,2686,2261,425
2021,Cheshire West and Chester 044,E02003808,3073,951,319,632,2122,1873,249
2021,Cheshire West and Chester 046,E02003809,3945,1208,479,729,2737,2049,688
2021,Cheshire West and Chester 047,E02003810,4702,1525,571,954,3177,2441,736
2021,Cheshire East 022,E02003811,3666,1119,453,666,2547,1933,614
2021,Cheshire East 023,E02003812,2952,864,338,526,2088,1730,358
2021,Cheshire East 024,E02003813,2919,804,307,497,2115,1804,311
2021,Cheshire East 025,E02003814,4421,1192,399,793,3229,2774,455
2021,Cheshire East 026,E02003815,3373,1002,342,660,2371,2000,371
2021,Cheshire East 027,E02003816,3759,1078,363,715,2681,2278,403
2021,Cheshire East 028,E02003817,3617,1049,359,690,2568,2178,390
2021,Cheshire East 029,E02003818,2755,827,297,530,1928,1590,338
2021,Cheshire East 030,E02003819,3009,849,295,554,2160,1842,318
2021,Cheshire East 031,E02003820,5307,1337,406,931,3970,3336,634
2021,Cheshire East 032,E02003821,2613,751,256,495,1862,1552,310
2021,Cheshire East 033,E02003822,5614,1628,575,1053,3986,3214,772
2021,Cheshire East 040,E02003823,2916,885,305,580,2031,1707,324
2021,Cheshire East 042,E02003824,3109,829,286,543,2280,1920,360
2021,Cheshire East 034,E02003825,3621,988,296,692,2633,2292,341
2021,Cheshire East 035,E02003826,4077,1158,332,826,2919,2579,340
2021,Cheshire East 036,E02003827,4389,1173,353,820,3216,2883,333
2021,Cheshire East 037,E02003828,2975,850,244,606,2125,1880,245
2021,Cheshire East 038,E02003829,2650,638,185,453,2012,1804,208
2021,Cheshire East 039,E02003830,3881,1008,301,707,2873,2524,349
2021,Cheshire East 041,E02003831,5067,1397,513,884,3670,3028,642
2021,Cheshire East 043,E02003832,3573,810,229,581,2763,2381,382
2021,Cheshire East 044,E02003833,3109,846,239,607,2263,1977,286
2021,Cheshire East 045,E02003834,3753,970,276,694,2783,2412,371
2021,Cheshire East 046,E02003835,3915,1134,385,749,2781,2359,422
2021,Cheshire East 047,E02003836,3117,949,328,621,2168,1857,311
2021,Cheshire East 048,E02003838,4095,1124,375,749,2971,2534,437
2021,Cheshire East 050,E02003839,3132,979,332,647,2153,1786,367
2021,Cheshire East 051,E02003840,4963,1594,690,904,3369,2463,906
2021,Cheshire West and Chester 001,E02003841,3265,1096,384,712,2169,1805,364
2021,Cheshire West and Chester 004,E02003842,2436,716,281,435,1720,1355,365
2021,Cheshire West and Chester 005,E02003843,2941,879,262,617,2062,1827,235
2021,Cheshire West and Chester 006,E02003844,2884,922,315,607,1962,1671,291
2021,Cheshire West and Chester 007,E02003845,5315,1509,438,1071,3806,3388,418
2021,Cheshire West and Chester 008,E02003846,3039,1027,313,714,2012,1775,237
2021,Cheshire West and Chester 009,E02003847,5079,1359,435,924,3720,3217,503
2021,Cheshire West and Chester 010,E02003848,2439,787,223,564,1652,1474,178
2021,Cheshire West and Chester 011,E02003849,3768,1231,376,855,2537,2233,304
2021,Cheshire West and Chester 013,E02003850,2368,721,212,509,1647,1452,195
2021,Cheshire West and Chester 014,E02003851,2855,773,255,518,2082,1789,293
2021,Cheshire West and Chester 016,E02003852,3154,914,272,642,2240,2007,233
2021,Cheshire East 001,E02003853,3020,888,325,563,2132,1766,366
2021,Cheshire East 002,E02003854,2955,965,343,622,1990,1690,300
2021,Cheshire East 003,E02003855,2800,917,349,568,1883,1577,306
2021,Cheshire East 004,E02003856,5599,1611,554,1057,3988,3392,596
2021,Cheshire East 005,E02003857,3416,1008,367,641,2408,2000,408
2021,Cheshire East 006,E02003858,3234,938,417,521,2296,1791,505
2021,Cheshire East 007,E02003859,5740,1769,715,1054,3971,2995,976
2021,Cheshire East 008,E02003860,3457,1074,411,663,2383,1852,531
2021,Cheshire East 009,E02003861,2930,868,363,505,2062,1718,344
2021,Cheshire East 011,E02003862,2216,720,338,382,1496,1073,423
2021,Cheshire East 010,E02003863,3110,923,414,509,2187,1722,465
2021,Cheshire East 012,E02003864,3908,1138,522,616,2770,2118,652
2021,Cheshire East 013,E02003865,4002,1203,446,757,2799,2350,449
2021,Cheshire East 014,E02003866,3034,949,381,568,2085,1762,323
2021,Cheshire East 015,E02003867,3691,1165,412,753,2526,2172,354
2021,Cheshire East 016,E02003868,4169,1216,411,805,2953,2671,282
2021,Cheshire East 017,E02003869,3607,1018,335,683,2589,2254,335
2021,Cheshire East 018,E02003870,5902,1568,535,1033,4334,3852,482
2021,Cheshire East 019,E02003871,3137,1034,315,719,2103,1866,237
2021,Cheshire East 020,E02003872,4883,1625,667,958,3258,2484,774
2021,Cheshire East 021,E02003873,2997,888,288,600,2109,1836,273
2021,Cheshire West and Chester 002,E02003874,4226,1177,433,744,3049,2569,480
2021,Cheshire West and Chester 003,E02003875,3038,933,360,573,2105,1597,508
2021,Cheshire West and Chester 012,E02003876,2707,811,256,555,1896,1626,270
2021,Cheshire West and Chester 015,E02003877,4535,1311,480,831,3224,2687,537
2021,Cheshire West and Chester 017,E02003878,4526,1306,433,873,3220,2691,529
2021,Cheshire West and Chester 018,E02003879,5068,1271,395,876,3797,3340,457
2021,Cheshire West and Chester 019,E02003880,2997,947,318,629,2050,1763,287
2021,Cheshire West and Chester 020,E02003881,2962,875,268,607,2087,1800,287
2021,Cheshire West and Chester 021,E02003882,4560,1333,406,927,3227,2824,403
2021,Cheshire West and Chester 023,E02003883,5545,1553,563,990,3992,3326,666
2021,Cheshire West and Chester 024,E02003884,4057,1122,423,699,2935,2381,554
2021,Cheshire West and Chester 026,E02003885,3132,883,331,552,2249,1850,399
2021,Cheshire West and Chester 035,E02003886,3156,816,247,569,2340,2054,286
2021,Cheshire West and Chester 037,E02003887,3548,882,286,596,2666,2326,340
2021,Cheshire West and Chester 038,E02003888,3041,841,268,573,2200,1931,269
2021,Cheshire West and Chester 040,E02003889,2656,743,218,525,1913,1687,226
2021,Cheshire West and Chester 042,E02003890,3420,907,260,647,2513,2187,326
2021,Cheshire West and Chester 045,E02003891,2929,931,364,567,1998,1526,472
2021,Cornwall 010,E02003892,2907,1037,355,682,1870,1503,367
2021,Cornwall 012,E02003893,2973,1057,397,660,1916,1441,475
2021,Cornwall 013,E02003894,3708,1238,374,864,2470,1989,481
2021,Cornwall 016,E02003895,4323,1414,454,960,2909,2348,561
2021,Cornwall 017,E02003896,2443,831,272,559,1612,1334,278
2021,Cornwall 022,E02003897,2590,877,295,582,1713,1368,345
2021,Cornwall 023,E02003898,3005,1048,426,622,1957,1503,454
2021,Cornwall 025,E02003899,2164,739,227,512,1425,1211,214
2021,Cornwall 026,E02003900,3229,1075,359,716,2154,1839,315
2021,Cornwall 028,E02003901,3391,1278,509,769,2113,1585,528
2021,Cornwall 029,E02003902,2387,714,208,506,1673,1417,256
2021,Cornwall 034,E02003903,2696,1035,340,695,1661,1359,302
2021,Cornwall 037,E02003904,2112,844,333,511,1268,1011,257
2021,Cornwall 032,E02003905,3494,1178,372,806,2316,1874,442
2021,Cornwall 033,E02003906,2900,1080,403,677,1820,1459,361
2021,Cornwall 040,E02003907,3947,1387,447,940,2560,2063,497
2021,Cornwall 042,E02003908,3802,1290,412,878,2512,2095,417
2021,Cornwall 043,E02003909,5055,1618,487,1131,3437,2943,494
2021,Cornwall 044,E02003910,3341,1068,396,672,2273,1880,393
2021,Cornwall 047,E02003911,4054,1411,504,907,2643,2126,517
2021,Cornwall 048,E02003912,3815,1311,516,795,2504,1961,543
2021,Cornwall 056,E02003913,2419,920,339,581,1499,1184,315
2021,Cornwall 060,E02003914,3809,1420,548,872,2389,2066,323
2021,Cornwall 062,E02003915,3390,1427,593,834,1963,1703,260
2021,Cornwall 063,E02003916,2887,1298,644,654,1589,1304,285
2021,Cornwall 064,E02003917,3991,1471,506,965,2520,2137,383
2021,Cornwall 045,E02003918,3285,1141,354,787,2144,1846,298
2021,Cornwall 046,E02003919,3390,1122,308,814,2268,1983,285
2021,Cornwall 049,E02003920,4037,1287,328,959,2750,2388,362
2021,Cornwall 050,E02003921,2942,1023,358,665,1919,1626,293
2021,Cornwall 051,E02003922,4168,1422,459,963,2746,2397,349
2021,Cornwall 052,E02003923,4343,1351,349,1002,2992,2619,373
2021,Cornwall 053,E02003924,3021,1075,334,741,1946,1658,288
2021,Cornwall 055,E02003925,3087,1074,308,766,2013,1726,287
2021,Cornwall 059,E02003926,4100,1479,524,955,2621,2098,523
2021,Cornwall 066,E02003927,4239,1646,679,967,2593,2101,492
2021,Cornwall 071,E02003928,5759,2020,625,1395,3739,3202,537
2021,Cornwall 072,E02003929,2982,1122,423,699,1860,1487,373
2021,Cornwall 073,E02003930,3740,1481,533,948,2259,1738,521
2021,Cornwall 001,E02003931,4250,1688,635,1053,2562,2132,430
2021,Cornwall 002,E02003932,3294,1248,509,739,2046,1460,586
2021,Cornwall 003,E02003933,3101,1246,479,767,1855,1438,417
2021,Cornwall 004,E02003934,3115,1196,454,742,1919,1429,490
2021,Cornwall 005,E02003935,4641,1467,444,1023,3174,2615,559
2021,Cornwall 006,E02003936,3737,1248,451,797,2489,1820,669
2021,Cornwall 007,E02003937,2383,965,391,574,1418,1036,382
2021,Cornwall 008,E02003938,3100,1104,435,669,1996,1560,436
2021,Cornwall 009,E02003939,3027,1016,337,679,2011,1649,362
2021,Cornwall 011,E02003940,2942,1113,414,699,1829,1377,452
2021,Cornwall 014,E02003941,4123,1292,409,883,2831,2393,438
2021,Cornwall 015,E02003942,3495,1126,321,805,2369,2045,324
2021,Cornwall 054,E02003943,2917,1221,509,712,1696,1343,353
2021,Cornwall 057,E02003944,4488,1649,471,1178,2839,2402,437
2021,Cornwall 058,E02003945,2496,1027,398,629,1469,1145,324
2021,Cornwall 061,E02003946,4195,1628,543,1085,2567,2059,508
2021,Cornwall 065,E02003947,2899,1220,431,789,1679,1321,358
2021,Cornwall 067,E02003948,3321,1302,415,887,2019,1694,325
2021,Cornwall 068,E02003949,2734,1076,350,726,1658,1360,298
2021,Cornwall 069,E02003950,2344,974,333,641,1370,1078,292
2021,Cornwall 070,E02003951,2387,991,362,629,1396,1098,298
2021,Cornwall 018,E02003952,4759,1508,473,1035,3251,2725,526
2021,Cornwall 019,E02003953,5092,1770,551,1219,3322,2768,554
2021,Cornwall 020,E02003954,3738,1273,477,796,2465,2045,420
2021,Cornwall 021,E02003955,4730,1713,595,1118,3017,2571,446
2021,Cornwall 024,E02003956,3660,1149,344,805,2511,2088,423
2021,Cornwall 027,E02003957,4955,1691,561,1130,3264,2697,567
2021,Cornwall 030,E02003958,3749,1238,395,843,2511,2074,437
2021,Cornwall 031,E02003959,3157,1158,393,765,1999,1691,308
2021,Cornwall 035,E02003960,2386,954,372,582,1432,1157,275
2021,Cornwall 036,E02003961,4346,1512,483,1029,2834,2374,460
2021,Cornwall 038,E02003962,3233,1064,321,743,2169,1866,303
2021,Cornwall 039,E02003963,4127,1430,429,1001,2697,2278,419
2021,Cornwall 041,E02003964,3407,1253,492,761,2154,1661,493
2021,Allerdale 001,E02003965,4967,1590,513,1077,3377,2702,675
2021,Allerdale 002,E02003966,3475,1167,427,740,2308,1642,666
2021,Allerdale 003,E02003967,3743,1210,378,832,2533,1918,615
2021,Allerdale 004,E02003968,4106,1197,337,860,2909,2533,376
2021,Allerdale 005,E02003969,2792,949,264,685,1843,1623,220
2021,Allerdale 006,E02003970,3957,1211,430,781,2746,2288,458
2021,Allerdale 007,E02003971,3527,1161,441,720,2366,1950,416
2021,Allerdale 008,E02003972,4218,1217,345,872,3001,2708,293
2021,Allerdale 009,E02003973,3641,1237,348,889,2404,2151,253
2021,Allerdale 010,E02003974,3354,1092,300,792,2262,2044,218
2021,Allerdale 011,E02003975,3491,968,249,719,2523,2234,289
2021,Allerdale 012,E02003976,2965,1059,451,608,1906,1516,390
2021,Barrow-in-Furness 001,E02003977,3201,954,307,647,2247,1990,257
2021,Barrow-in-Furness 002,E02003978,2789,807,229,578,1982,1762,220
2021,Barrow-in-Furness 003,E02003979,3468,909,252,657,2559,2300,259
2021,Barrow-in-Furness 004,E02003980,2807,961,275,686,1846,1677,169
2021,Barrow-in-Furness 005,E02003981,3405,932,260,672,2473,2258,215
2021,Barrow-in-Furness 006,E02003982,3839,1068,314,754,2771,2526,245
2021,Barrow-in-Furness 007,E02003983,3247,1032,290,742,2215,2022,193
2021,Barrow-in-Furness 008,E02003984,2603,908,249,659,1695,1544,151
2021,Barrow-in-Furness 009,E02003985,3078,887,250,637,2191,2021,170
2021,Barrow-in-Furness 010,E02003986,2749,800,239,561,1949,1770,179
2021,Carlisle 001,E02003987,2975,936,301,635,2039,1354,685
2021,Carlisle 002,E02003988,2976,978,349,629,1998,1547,451
2021,Carlisle 003,E02003989,3550,1138,301,837,2412,2031,381
2021,Carlisle 004,E02003990,5374,1705,516,1189,3669,3079,590
2021,Carlisle 005,E02003991,3715,1240,364,876,2475,2029,446
2021,Carlisle 006,E02003992,4063,1284,453,831,2779,2408,371
2021,Carlisle 007,E02003993,4206,1384,502,882,2822,2146,676
2021,Carlisle 008,E02003994,3502,1087,321,766,2415,2125,290
2021,Carlisle 009,E02003995,4576,1523,432,1091,3053,2702,351
2021,Carlisle 010,E02003996,5114,1596,472,1124,3518,3045,473
2021,Carlisle 011,E02003997,4174,1352,366,986,2822,2503,319
2021,Carlisle 012,E02003998,2829,991,295,696,1838,1591,247
2021,Carlisle 013,E02003999,5896,1748,539,1209,4148,3429,719
2021,Copeland 001,E02004000,2328,698,196,502,1630,1445,185
2021,Copeland 002,E02004001,2361,617,177,440,1744,1589,155
2021,Copeland 003,E02004002,4598,1124,313,811,3474,3188,286
2021,Copeland 004,E02004003,5383,1471,426,1045,3912,3478,434
2021,Copeland 005,E02004004,4312,1209,345,864,3103,2772,331
2021,Copeland 006,E02004005,3443,938,280,658,2505,2263,242
2021,Copeland 007,E02004006,3851,988,355,633,2863,2390,473
2021,Copeland 008,E02004007,4290,1355,435,920,2935,2585,350
2021,Eden 001,E02004008,3235,1178,465,713,2057,1440,617
2021,Eden 002,E02004009,3220,1017,404,613,2203,1518,685
2021,Eden 003,E02004010,3898,1226,397,829,2672,2214,458
2021,Eden 004,E02004011,5382,1751,646,1105,3631,2886,745
2021,Eden 005,E02004012,2793,930,395,535,1863,1271,592
2021,Eden 006,E02004013,5033,1665,603,1062,3368,2408,960
2021,Eden 007,E02004014,3772,1316,511,805,2456,1705,751
2021,South Lakeland 001,E02004015,2991,1081,504,577,1910,1468,442
2021,South Lakeland 002,E02004016,4056,1417,636,781,2639,2153,486
2021,South Lakeland 003,E02004017,4597,1648,626,1022,2949,2513,436
2021,South Lakeland 004,E02004018,4190,1494,514,980,2696,2358,338
2021,South Lakeland 005,E02004019,3822,1322,477,845,2500,2038,462
2021,South Lakeland 006,E02004020,4500,1549,551,998,2951,2575,376
2021,South Lakeland 007,E02004021,2634,937,389,548,1697,1252,445
2021,South Lakeland 008,E02004022,2708,851,345,506,1857,1418,439
2021,South Lakeland 009,E02004023,2705,991,407,584,1714,1213,501
2021,South Lakeland 010,E02004024,3516,1246,447,799,2270,1695,575
2021,South Lakeland 011,E02004025,3476,1249,457,792,2227,1795,432
2021,South Lakeland 012,E02004026,3981,1265,398,867,2716,2380,336
2021,South Lakeland 013,E02004027,3350,1224,489,735,2126,1737,389
2021,South Lakeland 014,E02004028,3612,1165,396,769,2447,2078,369
2021,Amber Valley 001,E02004029,3480,936,302,634,2544,2206,338
2021,Amber Valley 002,E02004030,2737,940,370,570,1797,1441,356
2021,Amber Valley 003,E02004031,3140,873,265,608,2267,1953,314
2021,Amber Valley 004,E02004032,4057,1180,357,823,2877,2454,423
2021,Amber Valley 005,E02004033,4446,1270,425,845,3176,2692,484
2021,Amber Valley 006,E02004034,3228,992,345,647,2236,1916,320
2021,Amber Valley 007,E02004035,2972,911,319,592,2061,1649,412
2021,Amber Valley 008,E02004036,4725,1357,415,942,3368,2909,459
2021,Amber Valley 009,E02004037,3992,1214,414,800,2778,2390,388
2021,Amber Valley 010,E02004038,3713,1141,364,777,2572,2179,393
2021,Amber Valley 011,E02004039,3893,1207,409,798,2686,2311,375
2021,Amber Valley 012,E02004040,4817,1320,409,911,3497,2986,511
2021,Amber Valley 013,E02004041,3651,1027,337,690,2624,2277,347
2021,Amber Valley 015,E02004043,3508,1006,350,656,2502,2112,390
2021,Amber Valley 016,E02004044,4262,1323,517,806,2939,2332,607
2021,Bolsover 001,E02004045,4820,1335,425,910,3485,2895,590
2021,Bolsover 002,E02004046,2864,840,252,588,2024,1712,312
2021,Bolsover 003,E02004047,2632,742,189,553,1890,1615,275
2021,Bolsover 004,E02004048,3136,937,278,659,2199,1879,320
2021,Bolsover 005,E02004049,3633,1060,298,762,2573,2192,381
2021,Bolsover 006,E02004050,3616,973,230,743,2643,2326,317
2021,Bolsover 007,E02004051,4634,1281,389,892,3353,2879,474
2021,Bolsover 008,E02004052,4306,1249,370,879,3057,2567,490
2021,Bolsover 009,E02004053,3761,977,306,671,2784,2380,404
2021,Bolsover 010,E02004054,4700,1241,401,840,3459,2935,524
2021,Chesterfield 001,E02004055,3162,999,319,680,2163,1837,326
2021,Chesterfield 002,E02004056,3426,1159,372,787,2267,1921,346
2021,Chesterfield 003,E02004057,3893,1186,347,839,2707,2340,367
2021,Chesterfield 004,E02004058,3493,1129,343,786,2364,2065,299
2021,Chesterfield 005,E02004059,3416,1057,298,759,2359,2005,354
2021,Chesterfield 006,E02004060,3253,1044,311,733,2209,1936,273
2021,Chesterfield 007,E02004061,3484,1085,332,753,2399,2093,306
2021,Chesterfield 008,E02004062,3371,1081,366,715,2290,1972,318
2021,Chesterfield 009,E02004063,3586,1142,363,779,2444,2089,355
2021,Chesterfield 010,E02004064,4920,1408,420,988,3512,3080,432
2021,Chesterfield 011,E02004065,3538,1131,366,765,2407,2044,363
2021,Chesterfield 012,E02004066,5523,1658,479,1179,3865,3358,507
2021,Chesterfield 013,E02004067,2471,903,281,622,1568,1362,206
2021,Derbyshire Dales 001,E02004068,3424,1244,482,762,2180,1663,517
2021,Derbyshire Dales 002,E02004069,2847,1044,419,625,1803,1372,431
2021,Derbyshire Dales 005,E02004072,4261,1455,548,907,2806,2316,490
2021,Derbyshire Dales 006,E02004073,3931,1415,525,890,2516,1998,518
2021,Derbyshire Dales 007,E02004074,2681,992,358,634,1689,1322,367
2021,Derbyshire Dales 008,E02004075,3437,1182,459,723,2255,1571,684
2021,Derbyshire Dales 009,E02004076,3649,1191,384,807,2458,1980,478
2021,Derbyshire Dales 010,E02004077,3937,1175,484,691,2762,1983,779
2021,Erewash 001,E02004078,2838,817,233,584,2021,1767,254
2021,Erewash 003,E02004080,4854,1380,449,931,3474,3037,437
2021,Erewash 004,E02004081,2665,817,303,514,1848,1491,357
2021,Erewash 005,E02004082,2859,863,308,555,1996,1701,295
2021,Erewash 006,E02004083,4273,1195,362,833,3078,2700,378
2021,Erewash 007,E02004084,2685,818,242,576,1867,1628,239
2021,Erewash 008,E02004085,4233,1284,432,852,2949,2526,423
2021,Erewash 009,E02004086,3346,986,326,660,2360,2017,343
2021,Erewash 010,E02004087,3837,1057,301,756,2780,2453,327
2021,Erewash 011,E02004088,3792,1045,369,676,2747,2369,378
2021,Erewash 012,E02004089,3575,954,321,633,2621,2334,287
2021,Erewash 013,E02004090,2809,839,279,560,1970,1671,299
2021,Erewash 014,E02004091,4931,1367,415,952,3564,3117,447
2021,Erewash 015,E02004092,4515,1235,410,825,3280,2907,373
2021,High Peak 001,E02004093,3258,986,337,649,2272,1976,296
2021,High Peak 002,E02004094,3235,965,286,679,2270,1989,281
2021,High Peak 003,E02004095,5128,1459,458,1001,3669,3178,491
2021,High Peak 004,E02004096,4824,1393,492,901,3431,2856,575
2021,High Peak 005,E02004097,3925,1200,413,787,2725,2323,402
2021,High Peak 006,E02004098,3527,1126,388,738,2401,2065,336
2021,High Peak 008,E02004100,4036,1348,498,850,2688,2214,474
2021,High Peak 010,E02004102,3499,1162,413,749,2337,1936,401
2021,High Peak 011,E02004103,3182,1093,293,800,2089,1743,346
2021,High Peak 012,E02004104,3742,1255,424,831,2487,2053,434
2021,North East Derbyshire 001,E02004105,4466,1449,441,1008,3017,2601,416
2021,North East Derbyshire 002,E02004106,3081,1051,342,709,2030,1707,323
2021,North East Derbyshire 004,E02004108,3459,1128,376,752,2331,1976,355
2021,North East Derbyshire 005,E02004109,2883,1030,339,691,1853,1506,347
2021,North East Derbyshire 006,E02004110,3421,1095,349,746,2326,2019,307
2021,North East Derbyshire 007,E02004111,2522,744,236,508,1778,1478,300
2021,North East Derbyshire 008,E02004112,2707,854,313,541,1853,1462,391
2021,North East Derbyshire 009,E02004113,4477,1307,355,952,3170,2730,440
2021,North East Derbyshire 010,E02004114,4008,1170,390,780,2838,2259,579
2021,North East Derbyshire 011,E02004115,4302,1337,404,933,2965,2527,438
2021,North East Derbyshire 012,E02004116,3706,1187,351,836,2519,2183,336
2021,North East Derbyshire 013,E02004117,3612,1132,365,767,2480,2048,432
2021,South Derbyshire 001,E02004118,3965,1029,346,683,2936,2372,564
2021,South Derbyshire 002,E02004119,6331,1595,502,1093,4736,4041,695
2021,South Derbyshire 003,E02004120,5663,1409,439,970,4254,3674,580
2021,South Derbyshire 004,E02004121,4784,1285,434,851,3499,2925,574
2021,South Derbyshire 005,E02004122,3262,919,348,571,2343,1850,493
2021,South Derbyshire 006,E02004123,3275,987,384,603,2288,1871,417
2021,South Derbyshire 007,E02004124,3532,1001,290,711,2531,2151,380
2021,South Derbyshire 008,E02004125,4137,1098,318,780,3039,2587,452
2021,South Derbyshire 009,E02004126,3478,923,241,682,2555,2161,394
2021,South Derbyshire 011,E02004128,5637,1555,543,1012,4082,3317,765
2021,East Devon 001,E02004129,2846,1005,371,634,1841,1287,554
2021,East Devon 002,E02004130,2615,908,318,590,1707,1454,253
2021,East Devon 003,E02004131,2601,893,280,613,1708,1433,275
2021,East Devon 004,E02004132,4320,1482,545,937,2838,2194,644
2021,East Devon 005,E02004133,4303,1571,558,1013,2732,2209,523
2021,East Devon 007,E02004135,3391,1395,567,828,1996,1542,454
2021,East Devon 008,E02004136,4154,1480,553,927,2674,2159,515
2021,East Devon 009,E02004137,2256,879,377,502,1377,1003,374
2021,East Devon 010,E02004138,2793,1057,351,706,1736,1452,284
2021,East Devon 011,E02004139,2693,1062,380,682,1631,1369,262
2021,East Devon 012,E02004140,1701,668,262,406,1033,848,185
2021,East Devon 013,E02004141,2781,992,380,612,1789,1431,358
2021,East Devon 014,E02004142,3192,1119,493,626,2073,1605,468
2021,East Devon 015,E02004143,2817,998,320,678,1819,1537,282
2021,East Devon 016,E02004144,2990,1052,325,727,1938,1650,288
2021,East Devon 017,E02004145,2167,887,330,557,1280,1053,227
2021,East Devon 018,E02004146,3530,1259,405,854,2271,1931,340
2021,East Devon 019,E02004147,3553,1191,405,786,2362,1981,381
2021,East Devon 020,E02004148,2769,1043,351,692,1726,1416,310
2021,Exeter 001,E02004149,3263,1450,785,665,1813,1540,273
2021,Exeter 002,E02004150,3181,1129,451,678,2052,1803,249
2021,Exeter 003,E02004151,4918,1499,462,1037,3419,2981,438
2021,Exeter 004,E02004152,3073,1342,816,526,1731,1485,246
2021,Exeter 005,E02004153,3890,1275,381,894,2615,2288,327
2021,Exeter 006,E02004154,4096,1331,541,790,2765,2438,327
2021,Exeter 007,E02004155,3477,1131,288,843,2346,2045,301
2021,Exeter 008,E02004156,4532,1630,800,830,2902,2546,356
2021,Exeter 009,E02004157,3273,943,368,575,2330,1960,370
2021,Exeter 010,E02004158,4502,1347,431,916,3155,2749,406
2021,Exeter 011,E02004159,6824,2045,610,1435,4779,4155,624
2021,Exeter 012,E02004160,3414,1166,353,813,2248,1941,307
2021,Exeter 013,E02004161,3938,1228,364,864,2710,2403,307
2021,Exeter 014,E02004162,3620,1074,327,747,2546,2219,327
2021,Exeter 015,E02004163,3693,1208,412,796,2485,2081,404
2021,Mid Devon 001,E02004164,3271,1164,456,708,2107,1519,588
2021,Mid Devon 002,E02004165,4416,1368,463,905,3048,2526,522
2021,Mid Devon 003,E02004166,3314,1141,390,751,2173,1665,508
2021,Mid Devon 004,E02004167,3189,1006,290,716,2183,1834,349
2021,Mid Devon 005,E02004168,2877,942,328,614,1935,1647,288
2021,Mid Devon 006,E02004169,3826,1245,421,824,2581,2035,546
2021,Mid Devon 007,E02004170,4469,1287,384,903,3182,2663,519
2021,Mid Devon 008,E02004171,4206,1433,502,931,2773,2156,617
2021,Mid Devon 009,E02004172,3125,1104,405,699,2021,1546,475
2021,Mid Devon 010,E02004173,3698,1302,478,824,2396,1819,577
2021,Mid Devon 011,E02004174,3888,1374,471,903,2514,2157,357
2021,North Devon 001,E02004175,2253,888,318,570,1365,1168,197
2021,North Devon 002,E02004176,2489,972,390,582,1517,1133,384
2021,North Devon 003,E02004177,2622,1015,354,661,1607,1371,236
2021,North Devon 004,E02004178,2448,964,422,542,1484,1114,370
2021,North Devon 005,E02004179,4327,1533,555,978,2794,2323,471
2021,North Devon 006,E02004180,3177,1165,450,715,2012,1537,475
2021,North Devon 007,E02004181,2697,913,278,635,1784,1564,220
2021,North Devon 008,E02004182,2816,988,300,688,1828,1639,189
2021,North Devon 009,E02004183,2552,885,297,588,1667,1416,251
2021,North Devon 010,E02004184,4019,1468,410,1058,2551,2221,330
2021,North Devon 011,E02004185,2753,1008,359,649,1745,1459,286
2021,North Devon 012,E02004186,4934,1700,544,1156,3234,2695,539
2021,North Devon 013,E02004187,4927,1667,602,1065,3260,2529,731
2021,North Devon 014,E02004188,3149,1082,374,708,2067,1467,600
2021,South Hams 001,E02004189,3231,984,337,647,2247,1878,369
2021,South Hams 002,E02004190,4173,1558,561,997,2615,2000,615
2021,South Hams 003,E02004191,3955,1770,681,1089,2185,1852,333
2021,South Hams 004,E02004192,3435,1369,567,802,2066,1565,501
2021,South Hams 005,E02004193,5882,1935,615,1320,3947,3321,626
2021,South Hams 006,E02004194,3485,1469,604,865,2016,1522,494
2021,South Hams 007,E02004195,2309,899,371,528,1410,1118,292
2021,South Hams 008,E02004196,3628,1342,524,818,2286,1750,536
2021,South Hams 009,E02004197,3115,1055,379,676,2060,1635,425
2021,South Hams 010,E02004198,2865,1131,449,682,1734,1435,299
2021,South Hams 011,E02004199,2356,949,423,526,1407,1026,381
2021,South Hams 012,E02004200,2151,867,373,494,1284,975,309
2021,Teignbridge 001,E02004201,2530,901,342,559,1629,1224,405
2021,Teignbridge 002,E02004202,4275,1391,449,942,2884,2386,498
2021,Teignbridge 003,E02004203,2670,1050,384,666,1620,1235,385
2021,Teignbridge 004,E02004204,4674,1630,538,1092,3044,2537,507
2021,Teignbridge 005,E02004205,3720,1347,454,893,2373,2000,373
2021,Teignbridge 006,E02004206,2683,963,321,642,1720,1485,235
2021,Teignbridge 007,E02004207,3126,1043,358,685,2083,1636,447
2021,Teignbridge 008,E02004208,3551,1283,440,843,2268,1892,376
2021,Teignbridge 009,E02004209,4546,1545,515,1030,3001,2544,457
2021,Teignbridge 010,E02004210,2840,1016,312,704,1824,1535,289
2021,Teignbridge 011,E02004211,2712,980,377,603,1732,1391,341
2021,Teignbridge 012,E02004212,3073,981,279,702,2092,1793,299
2021,Teignbridge 013,E02004213,4535,1414,448,966,3121,2542,579
2021,Teignbridge 014,E02004214,3057,946,302,644,2111,1821,290
2021,Teignbridge 015,E02004215,2733,863,266,597,1870,1606,264
2021,Teignbridge 016,E02004216,2545,859,289,570,1686,1436,250
2021,Teignbridge 017,E02004217,3603,1410,533,877,2193,1830,363
2021,Teignbridge 018,E02004218,2754,987,357,630,1767,1484,283
2021,Teignbridge 019,E02004219,2510,959,331,628,1551,1213,338
2021,Torridge 001,E02004220,2410,958,335,623,1452,1209,243
2021,Torridge 002,E02004221,2432,942,348,594,1490,1196,294
2021,Torridge 003,E02004222,2580,975,298,677,1605,1368,237
2021,Torridge 004,E02004223,5889,2158,612,1546,3731,3155,576
2021,Torridge 005,E02004224,2963,1113,436,677,1850,1354,496
2021,Torridge 006,E02004225,2632,929,287,642,1703,1426,277
2021,Torridge 007,E02004226,3273,1172,421,751,2101,1519,582
2021,Torridge 008,E02004227,4577,1707,627,1080,2870,2089,781
2021,Torridge 009,E02004228,3297,1222,478,744,2075,1411,664
2021,West Devon 001,E02004229,4778,1678,639,1039,3100,2337,763
2021,West Devon 002,E02004230,3491,1132,401,731,2359,1954,405
2021,West Devon 003,E02004231,3141,1169,480,689,1972,1449,523
2021,West Devon 004,E02004232,3316,1181,475,706,2135,1500,635
2021,West Devon 005,E02004233,5262,1922,676,1246,3340,2721,619
2021,West Devon 006,E02004234,2629,991,366,625,1638,1277,361
2021,West Devon 007,E02004235,2767,1009,360,649,1758,1391,367
2021,"Bournemouth, Christchurch and Poole 002",E02004236,2777,972,343,629,1805,1517,288
2021,"Bournemouth, Christchurch and Poole 014",E02004237,3641,1340,487,853,2301,1949,352
2021,"Bournemouth, Christchurch and Poole 019",E02004238,2663,905,343,562,1758,1479,279
2021,"Bournemouth, Christchurch and Poole 018",E02004239,2589,914,309,605,1675,1430,245
2021,"Bournemouth, Christchurch and Poole 024",E02004240,2692,941,304,637,1751,1548,203
2021,"Bournemouth, Christchurch and Poole 031",E02004241,4188,1471,527,944,2717,2272,445
2021,"Bournemouth, Christchurch and Poole 033",E02004242,2432,879,334,545,1553,1283,270
2021,Dorset 007,E02004243,3139,1123,436,687,2016,1554,462
2021,Dorset 010,E02004244,3698,1167,434,733,2531,2087,444
2021,Dorset 012,E02004245,3360,1180,445,735,2180,1797,383
2021,Dorset 015,E02004246,3099,1074,456,618,2025,1546,479
2021,Dorset 013,E02004247,2911,1077,460,617,1834,1384,450
2021,Dorset 016,E02004248,2768,946,350,596,1822,1499,323
2021,Dorset 017,E02004249,2783,997,412,585,1786,1448,338
2021,Dorset 018,E02004250,2899,1003,351,652,1896,1566,330
2021,Dorset 020,E02004251,2902,1017,373,644,1885,1551,334
2021,Dorset 021,E02004252,3498,1154,419,735,2344,1938,406
2021,Dorset 024,E02004253,4024,1424,546,878,2600,2132,468
2021,Dorset 025,E02004254,5038,1724,617,1107,3314,2786,528
2021,Dorset 001,E02004255,3282,1062,385,677,2220,1845,375
2021,Dorset 002,E02004256,4427,1528,587,941,2899,2265,634
2021,Dorset 003,E02004257,4307,1329,432,897,2978,2539,439
2021,Dorset 005,E02004258,4597,1536,592,944,3061,2400,661
2021,Dorset 006,E02004259,2885,998,412,586,1887,1426,461
2021,Dorset 009,E02004260,4260,1248,459,789,3012,2223,789
2021,Dorset 011,E02004261,4943,1665,576,1089,3278,2762,516
2021,Dorset 014,E02004262,3678,1279,498,781,2399,1823,576
2021,Dorset 027,E02004263,2681,923,350,573,1758,1438,320
2021,Dorset 028,E02004264,4090,1358,458,900,2732,2331,401
2021,Dorset 033,E02004265,3696,1354,485,869,2342,1912,430
2021,Dorset 035,E02004266,4045,1177,385,792,2868,2301,567
2021,Dorset 039,E02004267,2209,861,352,509,1348,1025,323
2021,Dorset 042,E02004268,3753,1528,593,935,2225,1822,403
2021,Dorset 004,E02004269,3835,1252,447,805,2583,2060,523
2021,Dorset 008,E02004270,3489,1265,487,778,2224,1651,573
2021,Dorset 019,E02004271,4321,1581,596,985,2740,2041,699
2021,Dorset 022,E02004272,5734,1964,773,1191,3770,2945,825
2021,Dorset 023,E02004273,2820,1152,469,683,1668,1276,392
2021,Dorset 026,E02004274,2641,1068,394,674,1573,1326,247
2021,Dorset 029,E02004275,3307,1342,572,770,1965,1533,432
2021,Dorset 030,E02004276,2234,937,387,550,1297,1127,170
2021,Dorset 034,E02004278,4105,1419,484,935,2686,2270,416
2021,Dorset 036,E02004279,3655,1269,449,820,2386,1926,460
2021,Dorset 037,E02004280,3877,1281,410,871,2596,2177,419
2021,Dorset 038,E02004281,3551,1216,378,838,2335,2033,302
2021,Dorset 040,E02004282,3549,1302,474,828,2247,1946,301
2021,Dorset 041,E02004283,3860,1357,442,915,2503,2120,383
2021,Dorset 044,E02004284,4034,1415,517,898,2619,2150,469
2021,Dorset 043,E02004285,3651,1204,400,804,2447,2102,345
2021,Dorset 045,E02004286,2277,765,249,516,1512,1305,207
2021,Dorset 046,E02004287,2560,904,327,577,1656,1391,265
2021,Dorset 047,E02004288,2491,944,313,631,1547,1302,245
2021,Dorset 048,E02004289,3346,1166,355,811,2180,1879,301
2021,County Durham 002,E02004290,2790,782,239,543,2008,1734,274
2021,County Durham 005,E02004291,3339,892,254,638,2447,2156,291
2021,County Durham 007,E02004292,3616,950,314,636,2666,2329,337
2021,County Durham 011,E02004293,4212,1249,375,874,2963,2591,372
2021,County Durham 013,E02004294,3666,1001,310,691,2665,2271,394
2021,County Durham 015,E02004295,3117,930,259,671,2187,1857,330
2021,County Durham 019,E02004296,3791,1115,331,784,2676,2349,327
2021,County Durham 001,E02004297,3783,990,279,711,2793,2410,383
2021,County Durham 003,E02004298,4537,1295,409,886,3242,2760,482
2021,County Durham 004,E02004299,3567,970,292,678,2597,2290,307
2021,County Durham 006,E02004300,3059,862,231,631,2197,1910,287
2021,County Durham 008,E02004301,4033,1140,344,796,2893,2598,295
2021,County Durham 009,E02004302,3190,955,271,684,2235,1946,289
2021,County Durham 010,E02004303,5266,1437,436,1001,3829,3359,470
2021,County Durham 012,E02004304,4051,1141,331,810,2910,2568,342
2021,County Durham 014,E02004305,4729,1284,372,912,3445,2972,473
2021,County Durham 020,E02004306,2505,742,234,508,1763,1456,307
2021,County Durham 024,E02004307,3065,887,252,635,2178,1840,338
2021,County Durham 022,E02004308,3200,943,302,641,2257,1924,333
2021,County Durham 023,E02004309,2699,746,235,511,1953,1712,241
2021,County Durham 026,E02004310,3490,1042,294,748,2448,2108,340
2021,County Durham 027,E02004311,4180,1230,429,801,2950,2547,403
2021,County Durham 028,E02004312,3233,883,285,598,2350,2070,280
2021,County Durham 029,E02004313,2401,910,409,501,1491,1309,182
2021,County Durham 030,E02004314,2037,1249,984,265,788,604,184
2021,County Durham 033,E02004315,5376,1565,723,842,3811,3108,703
2021,County Durham 031,E02004316,2888,816,234,582,2072,1812,260
2021,County Durham 038,E02004317,3033,956,278,678,2077,1837,240
2021,County Durham 041,E02004318,3006,775,258,517,2231,1863,368
2021,County Durham 044,E02004319,3864,944,276,668,2920,2558,362
2021,County Durham 016,E02004320,4001,1051,283,768,2950,2594,356
2021,County Durham 017,E02004321,3423,983,267,716,2440,2144,296
2021,County Durham 018,E02004322,3098,962,235,727,2136,1907,229
2021,County Durham 021,E02004323,3401,896,231,665,2505,2205,300
2021,County Durham 025,E02004324,2378,659,186,473,1719,1504,215
2021,County Durham 032,E02004325,3276,972,271,701,2304,2064,240
2021,County Durham 034,E02004326,2876,789,230,559,2087,1832,255
2021,County Durham 036,E02004327,1947,632,178,454,1315,1179,136
2021,County Durham 035,E02004328,2970,822,241,581,2148,1931,217
2021,County Durham 037,E02004329,2680,714,210,504,1966,1752,214
2021,County Durham 039,E02004330,2266,619,163,456,1647,1441,206
2021,County Durham 040,E02004331,3026,792,249,543,2234,1962,272
2021,County Durham 043,E02004332,3298,936,283,653,2362,2048,314
2021,County Durham 047,E02004333,2923,795,249,546,2128,1869,259
2021,County Durham 048,E02004334,3022,905,265,640,2117,1834,283
2021,County Durham 049,E02004335,3448,900,261,639,2548,2251,297
2021,County Durham 050,E02004336,2650,722,206,516,1928,1703,225
2021,County Durham 052,E02004337,4853,1181,356,825,3672,3181,491
2021,County Durham 053,E02004338,3406,815,237,578,2591,2265,326
2021,County Durham 054,E02004339,3301,897,302,595,2404,1969,435
2021,County Durham 059,E02004340,4152,1210,347,863,2942,2610,332
2021,County Durham 060,E02004341,4253,1029,307,722,3224,2798,426
2021,County Durham 061,E02004342,2028,575,163,412,1453,1288,165
2021,County Durham 062,E02004343,2384,640,193,447,1744,1532,212
2021,County Durham 063,E02004344,2792,751,246,505,2041,1802,239
2021,County Durham 064,E02004345,5673,1656,534,1122,4017,3183,834
2021,County Durham 042,E02004348,3435,1065,348,717,2370,1766,604
2021,County Durham 045,E02004349,3816,1100,310,790,2716,2344,372
2021,County Durham 046,E02004350,4331,1188,333,855,3143,2675,468
2021,County Durham 051,E02004351,2758,847,240,607,1911,1640,271
2021,County Durham 055,E02004352,3486,1004,289,715,2482,2180,302
2021,County Durham 056,E02004353,3248,971,274,697,2277,1999,278
2021,County Durham 057,E02004354,4029,1158,322,836,2871,2459,412
2021,County Durham 058,E02004355,2650,887,262,625,1763,1570,193
2021,Eastbourne 001,E02004356,3232,1130,342,788,2102,1831,271
2021,Eastbourne 002,E02004357,3334,1182,388,794,2152,1908,244
2021,Eastbourne 003,E02004358,3237,1184,399,785,2053,1821,232
2021,Eastbourne 004,E02004359,3058,1077,383,694,1981,1688,293
2021,Eastbourne 006,E02004361,3486,1268,443,825,2218,1862,356
2021,Eastbourne 007,E02004362,4257,1471,502,969,2786,2366,420
2021,Eastbourne 008,E02004363,3121,921,321,600,2200,1876,324
2021,Eastbourne 009,E02004364,3680,1296,487,809,2384,2042,342
2021,Eastbourne 010,E02004365,4110,1323,471,852,2787,2443,344
2021,Eastbourne 011,E02004366,3347,979,373,606,2368,1996,372
2021,Eastbourne 012,E02004367,2190,813,361,452,1377,1108,269
2021,Hastings 001,E02004368,4078,1301,422,879,2777,2371,406
2021,Hastings 002,E02004369,4299,1452,500,952,2847,2449,398
2021,Hastings 003,E02004370,3125,1080,342,738,2045,1784,261
2021,Hastings 004,E02004371,3148,1099,372,727,2049,1747,302
2021,Hastings 005,E02004372,2670,975,293,682,1695,1480,215
2021,Hastings 006,E02004373,4021,1445,449,996,2576,2189,387
2021,Hastings 007,E02004374,3514,1300,443,857,2214,1884,330
2021,Hastings 008,E02004375,3967,1418,519,899,2549,2154,395
2021,Hastings 009,E02004376,3381,1162,386,776,2219,1875,344
2021,Hastings 010,E02004377,4857,1630,526,1104,3227,2686,541
2021,Hastings 011,E02004378,3842,1347,486,861,2495,2147,348
2021,Lewes 001,E02004379,3677,1321,518,803,2356,1857,499
2021,Lewes 002,E02004380,4464,1575,673,902,2889,2237,652
2021,Lewes 003,E02004381,4502,1703,692,1011,2799,2349,450
2021,Lewes 004,E02004382,2865,1086,409,677,1779,1457,322
2021,Lewes 005,E02004383,3338,1288,517,771,2050,1671,379
2021,Lewes 006,E02004384,3456,1208,443,765,2248,1902,346
2021,Lewes 007,E02004385,3454,1149,381,768,2305,1993,312
2021,Lewes 008,E02004386,2990,1073,369,704,1917,1654,263
2021,Lewes 009,E02004387,2678,903,282,621,1775,1514,261
2021,Lewes 010,E02004388,3447,1113,365,748,2334,2032,302
2021,Lewes 011,E02004389,3713,1340,472,868,2373,2003,370
2021,Lewes 012,E02004390,3131,1098,422,676,2033,1722,311
2021,Lewes 013,E02004391,2800,994,385,609,1806,1547,259
2021,Rother 001,E02004392,4159,1483,617,866,2676,2038,638
2021,Rother 002,E02004393,2577,968,409,559,1609,1274,335
2021,Rother 003,E02004394,3633,1297,561,736,2336,1794,542
2021,Rother 004,E02004395,3160,1196,485,711,1964,1538,426
2021,Rother 005,E02004396,3732,1374,509,865,2358,1825,533
2021,Rother 006,E02004397,3473,1283,522,761,2190,1726,464
2021,Rother 007,E02004398,3876,1328,410,918,2548,2166,382
2021,Rother 008,E02004399,3163,1098,359,739,2065,1801,264
2021,Rother 009,E02004400,3796,1406,560,846,2390,1953,437
2021,Rother 010,E02004401,2769,976,346,630,1793,1505,288
2021,Rother 011,E02004402,3600,1219,428,791,2381,2036,345
2021,Wealden 001,E02004403,3053,1211,518,693,1842,1426,416
2021,Wealden 002,E02004404,3100,1029,417,612,2071,1516,555
2021,Wealden 003,E02004405,2729,926,383,543,1803,1500,303
2021,Wealden 004,E02004406,3221,1115,518,597,2106,1667,439
2021,Wealden 005,E02004407,3688,1308,582,726,2380,1747,633
2021,Wealden 006,E02004408,4182,1334,491,843,2848,2342,506
2021,Wealden 007,E02004409,2528,894,402,492,1634,1202,432
2021,Wealden 008,E02004410,3746,1332,577,755,2414,1804,610
2021,Wealden 009,E02004411,4120,1316,502,814,2804,2374,430
2021,Wealden 010,E02004412,3939,1322,486,836,2617,2164,453
2021,Wealden 011,E02004413,3503,1266,491,775,2237,1774,463
2021,Wealden 012,E02004414,3383,1032,383,649,2351,1966,385
2021,Wealden 013,E02004415,3214,1186,505,681,2028,1543,485
2021,Wealden 014,E02004416,3022,1105,422,683,1917,1458,459
2021,Wealden 015,E02004417,3031,987,356,631,2044,1714,330
2021,Wealden 016,E02004418,2567,854,319,535,1713,1420,293
2021,Wealden 017,E02004419,2712,900,312,588,1812,1537,275
2021,Wealden 018,E02004420,6235,2083,788,1295,4152,3337,815
2021,Wealden 019,E02004421,4221,1394,463,931,2827,2443,384
2021,Wealden 020,E02004422,5155,1735,677,1058,3420,2800,620
2021,Wealden 021,E02004423,3192,1118,423,695,2074,1738,336
2021,Basildon 001,E02004424,3405,1026,408,618,2379,1888,491
2021,Basildon 002,E02004425,3631,985,362,623,2646,2123,523
2021,Basildon 003,E02004426,3903,1053,447,606,2850,2312,538
2021,Basildon 004,E02004427,3697,1113,450,663,2584,2067,517
2021,Basildon 005,E02004428,3310,910,331,579,2400,2015,385
2021,Basildon 006,E02004429,3449,1045,422,623,2404,1905,499
2021,Basildon 007,E02004430,4297,1195,415,780,3102,2617,485
2021,Basildon 008,E02004431,5131,1367,487,880,3764,3204,560
2021,Basildon 009,E02004432,3126,971,380,591,2155,1732,423
2021,Basildon 010,E02004433,4291,1150,429,721,3141,2651,490
2021,Basildon 011,E02004434,4222,1230,452,778,2992,2521,471
2021,Basildon 012,E02004435,4737,1402,475,927,3335,2858,477
2021,Basildon 013,E02004436,3094,994,311,683,2100,1806,294
2021,Basildon 014,E02004437,4797,1276,438,838,3521,2991,530
2021,Basildon 015,E02004438,4305,1238,420,818,3067,2632,435
2021,Basildon 016,E02004439,4294,1295,460,835,2999,2620,379
2021,Basildon 017,E02004440,4480,1107,383,724,3373,2954,419
2021,Basildon 018,E02004441,3407,1028,351,677,2379,2005,374
2021,Basildon 019,E02004442,3584,1087,384,703,2497,2156,341
2021,Basildon 020,E02004443,5364,1263,435,828,4101,3496,605
2021,Basildon 021,E02004444,4630,1225,471,754,3405,2838,567
2021,Basildon 022,E02004445,3855,1077,362,715,2778,2328,450
2021,Braintree 001,E02004446,3466,1110,445,665,2356,1866,490
2021,Braintree 002,E02004447,2900,993,418,575,1907,1465,442
2021,Braintree 003,E02004448,3869,1198,485,713,2671,2138,533
2021,Braintree 004,E02004449,4228,1312,491,821,2916,2451,465
2021,Braintree 005,E02004450,3111,1019,414,605,2092,1609,483
2021,Braintree 006,E02004451,4624,1491,568,923,3133,2461,672
2021,Braintree 007,E02004452,4486,1354,503,851,3132,2593,539
2021,Braintree 008,E02004453,3384,1061,357,704,2323,1965,358
2021,Braintree 009,E02004454,4960,1359,448,911,3601,3034,567
2021,Braintree 010,E02004455,4065,1308,513,795,2757,2242,515
2021,Braintree 011,E02004456,4855,1415,481,934,3440,2901,539
2021,Braintree 012,E02004457,5242,1563,553,1010,3679,3067,612
2021,Braintree 013,E02004458,4815,1463,548,915,3352,2726,626
2021,Braintree 014,E02004459,4885,1534,633,901,3351,2682,669
2021,Braintree 015,E02004460,4713,1281,471,810,3432,2838,594
2021,Braintree 016,E02004461,2786,834,305,529,1952,1648,304
2021,Braintree 017,E02004462,5953,1493,523,970,4460,3750,710
2021,Braintree 018,E02004463,3938,1175,438,737,2763,2259,504
2021,Brentwood 001,E02004464,4613,1578,678,900,3035,2368,667
2021,Brentwood 002,E02004465,3008,850,357,493,2158,1682,476
2021,Brentwood 003,E02004466,3942,1155,468,687,2787,2285,502
2021,Brentwood 004,E02004467,4029,1142,435,707,2887,2386,501
2021,Brentwood 005,E02004468,4788,1274,604,670,3514,2501,1013
2021,Brentwood 006,E02004469,3613,1015,399,616,2598,2029,569
2021,Brentwood 007,E02004470,6567,1363,517,846,5204,4294,910
2021,Brentwood 008,E02004471,4175,1111,420,691,3064,2444,620
2021,Brentwood 009,E02004472,3163,898,343,555,2265,1755,510
2021,Castle Point 001,E02004473,3754,1179,412,767,2575,2180,395
2021,Castle Point 002,E02004474,3764,1182,455,727,2582,2132,450
2021,Castle Point 003,E02004475,3127,924,363,561,2203,1828,375
2021,Castle Point 004,E02004476,3955,1188,472,716,2767,2266,501
2021,Castle Point 005,E02004477,2686,843,313,530,1843,1518,325
2021,Castle Point 006,E02004478,3085,992,378,614,2093,1751,342
2021,Castle Point 007,E02004479,3913,1186,429,757,2727,2284,443
2021,Castle Point 008,E02004480,3371,1091,339,752,2280,1921,359
2021,Castle Point 009,E02004481,2640,770,251,519,1870,1550,320
2021,Castle Point 010,E02004482,3659,1207,400,807,2452,2044,408
2021,Castle Point 011,E02004483,3401,1038,379,659,2363,1950,413
2021,Castle Point 012,E02004484,3650,1071,384,687,2579,2140,439
2021,Chelmsford 001,E02004485,4795,1373,503,870,3422,2720,702
2021,Chelmsford 002,E02004486,4213,1154,407,747,3059,2585,474
2021,Chelmsford 003,E02004487,3462,1093,414,679,2369,1927,442
2021,Chelmsford 004,E02004488,5117,1337,499,838,3780,3224,556
2021,Chelmsford 005,E02004489,4665,1357,494,863,3308,2607,701
2021,Chelmsford 006,E02004490,3584,1173,407,766,2411,2074,337
2021,Chelmsford 007,E02004491,3837,1110,400,710,2727,2287,440
2021,Chelmsford 008,E02004492,5181,1366,513,853,3815,3221,594
2021,Chelmsford 009,E02004493,5504,1367,497,870,4137,3493,644
2021,Chelmsford 011,E02004495,3759,1214,497,717,2545,2078,467
2021,Chelmsford 012,E02004496,4186,1139,422,717,3047,2526,521
2021,Chelmsford 013,E02004497,3700,1162,487,675,2538,2029,509
2021,Chelmsford 014,E02004498,4694,1421,467,954,3273,2724,549
2021,Chelmsford 015,E02004499,3534,1068,387,681,2466,2110,356
2021,Chelmsford 016,E02004500,4165,1372,577,795,2793,2175,618
2021,Chelmsford 017,E02004501,3249,1038,383,655,2211,1806,405
2021,Chelmsford 018,E02004502,3116,1036,434,602,2080,1530,550
2021,Chelmsford 019,E02004503,4012,1245,455,790,2767,2314,453
2021,Chelmsford 020,E02004504,4131,1273,476,797,2858,2332,526
2021,Chelmsford 021,E02004505,3014,892,352,540,2122,1709,413
2021,Colchester 001,E02004506,3410,1081,457,624,2329,1773,556
2021,Colchester 002,E02004507,4965,1435,497,938,3530,2955,575
2021,Colchester 003,E02004508,3087,1022,353,669,2065,1620,445
2021,Colchester 007,E02004512,5941,1643,592,1051,4298,3637,661
2021,Colchester 008,E02004513,4073,1705,696,1009,2368,2064,304
2021,Colchester 009,E02004514,2694,882,349,533,1812,1482,330
2021,Colchester 010,E02004515,4918,1457,568,889,3461,2751,710
2021,Colchester 011,E02004516,6538,1980,685,1295,4558,3902,656
2021,Colchester 012,E02004517,4725,1496,541,955,3229,2654,575
2021,Colchester 013,E02004518,4247,1220,474,746,3027,2454,573
2021,Colchester 014,E02004519,3322,1089,394,695,2233,1869,364
2021,Colchester 015,E02004520,4727,1414,416,998,3313,2717,596
2021,Colchester 016,E02004521,4588,1513,490,1023,3075,2599,476
2021,Colchester 017,E02004522,3702,1325,548,777,2377,1940,437
2021,Colchester 018,E02004523,5034,1507,499,1008,3527,2972,555
2021,Colchester 019,E02004524,3961,1288,504,784,2673,2074,599
2021,Colchester 020,E02004525,3732,1163,441,722,2569,2091,478
2021,Colchester 021,E02004526,2944,1086,443,643,1858,1474,384
2021,Epping Forest 001,E02004527,4708,1373,513,860,3335,2661,674
2021,Epping Forest 002,E02004528,4398,1340,562,778,3058,2403,655
2021,Epping Forest 003,E02004529,3586,1219,557,662,2367,1740,627
2021,Epping Forest 004,E02004530,3205,1088,407,681,2117,1756,361
2021,Epping Forest 005,E02004531,3378,968,395,573,2410,1910,500
2021,Epping Forest 006,E02004532,3215,843,332,511,2372,1940,432
2021,Epping Forest 007,E02004533,3531,1110,393,717,2421,2096,325
2021,Epping Forest 008,E02004534,4518,1359,440,919,3159,2653,506
2021,Epping Forest 009,E02004535,2885,891,368,523,1994,1623,371
2021,Epping Forest 010,E02004536,2818,855,364,491,1963,1501,462
2021,Epping Forest 011,E02004537,4581,1335,504,831,3246,2779,467
2021,Epping Forest 012,E02004538,4947,1428,611,817,3519,2716,803
2021,Epping Forest 013,E02004539,3917,1091,438,653,2826,2403,423
2021,Epping Forest 014,E02004540,3024,843,346,497,2181,1658,523
2021,Epping Forest 015,E02004541,6084,1676,662,1014,4408,3462,946
2021,Epping Forest 016,E02004542,3386,1035,440,595,2351,1798,553
2021,Epping Forest 017,E02004543,3615,1181,485,696,2434,1940,494
2021,Harlow 001,E02004544,6045,1553,564,989,4492,3769,723
2021,Harlow 002,E02004545,3714,1196,401,795,2518,2209,309
2021,Harlow 003,E02004546,4138,1129,402,727,3009,2641,368
2021,Harlow 004,E02004547,4954,1336,450,886,3618,3182,436
2021,Harlow 005,E02004548,4956,1348,473,875,3608,3062,546
2021,Harlow 006,E02004549,3918,1183,372,811,2735,2370,365
2021,Harlow 007,E02004550,4065,1196,414,782,2869,2504,365
2021,Harlow 008,E02004551,3544,992,343,649,2552,2204,348
2021,Harlow 009,E02004552,3221,926,312,614,2295,1977,318
2021,Harlow 010,E02004553,3744,1021,316,705,2723,2385,338
2021,Harlow 011,E02004554,3681,1002,343,659,2679,2317,362
2021,Maldon 001,E02004555,3179,1053,451,602,2126,1661,465
2021,Maldon 002,E02004556,3370,1106,492,614,2264,1731,533
2021,Maldon 003,E02004557,4371,1363,493,870,3008,2480,528
2021,Maldon 004,E02004558,3087,1084,428,656,2003,1660,343
2021,Maldon 005,E02004559,3856,1228,484,744,2628,2138,490
2021,Maldon 006,E02004560,4261,1310,505,805,2951,2345,606
2021,Maldon 007,E02004561,5060,1688,705,983,3372,2634,738
2021,Maldon 008,E02004562,4076,1271,501,770,2805,2272,533
2021,Rochford 001,E02004563,2876,921,352,569,1955,1629,326
2021,Rochford 002,E02004564,3811,1226,443,783,2585,2119,466
2021,Rochford 004,E02004566,2590,797,297,500,1793,1473,320
2021,Rochford 005,E02004567,3908,1209,495,714,2699,2214,485
2021,Rochford 006,E02004568,4549,1267,487,780,3282,2681,601
2021,Rochford 007,E02004569,4349,1290,475,815,3059,2549,510
2021,Rochford 008,E02004570,3884,1199,479,720,2685,2227,458
2021,Rochford 009,E02004571,3581,1184,457,727,2397,1972,425
2021,Rochford 010,E02004572,3763,1154,437,717,2609,2176,433
2021,Tendring 001,E02004573,2620,836,269,567,1784,1493,291
2021,Tendring 002,E02004574,3218,1111,319,792,2107,1759,348
2021,Tendring 003,E02004575,5790,1845,711,1134,3945,3187,758
2021,Tendring 004,E02004576,3948,1336,451,885,2612,2110,502
2021,Tendring 005,E02004577,3023,938,367,571,2085,1614,471
2021,Tendring 006,E02004578,2431,860,331,529,1571,1277,294
2021,Tendring 007,E02004579,3386,1179,393,786,2207,1796,411
2021,Tendring 008,E02004580,4285,1547,554,993,2738,2239,499
2021,Tendring 009,E02004581,3917,1298,490,808,2619,2069,550
2021,Tendring 010,E02004582,2505,868,292,576,1637,1359,278
2021,Tendring 011,E02004583,3855,1277,449,828,2578,2073,505
2021,Tendring 012,E02004584,2138,792,245,547,1346,1116,230
2021,Tendring 013,E02004585,3662,1286,415,871,2376,1984,392
2021,Tendring 014,E02004586,2963,1066,356,710,1897,1573,324
2021,Tendring 015,E02004587,2723,962,301,661,1761,1455,306
2021,Tendring 016,E02004588,2475,939,297,642,1536,1294,242
2021,Tendring 017,E02004589,2822,1053,347,706,1769,1478,291
2021,Tendring 018,E02004590,2516,963,356,607,1553,1254,299
2021,Uttlesford 001,E02004591,3833,1225,514,711,2608,2067,541
2021,Uttlesford 002,E02004592,6494,1945,718,1227,4549,3790,759
2021,Uttlesford 003,E02004593,4362,1379,583,796,2983,2253,730
2021,Uttlesford 004,E02004594,4117,1313,572,741,2804,2208,596
2021,Uttlesford 005,E02004595,7613,2202,865,1337,5411,4300,1111
2021,Uttlesford 006,E02004596,5385,1659,662,997,3726,2934,792
2021,Uttlesford 007,E02004597,4593,1365,509,856,3228,2633,595
2021,Uttlesford 008,E02004598,5437,1764,705,1059,3673,2840,833
2021,Uttlesford 009,E02004599,3905,1247,567,680,2658,2036,622
2021,Cheltenham 001,E02004600,2819,905,284,621,1914,1729,185
2021,Cheltenham 002,E02004601,2668,862,308,554,1806,1513,293
2021,Cheltenham 003,E02004602,3265,959,289,670,2306,2089,217
2021,Cheltenham 004,E02004603,3869,1414,642,772,2455,2187,268
2021,Cheltenham 005,E02004604,3770,1255,381,874,2515,2283,232
2021,Cheltenham 006,E02004605,2649,931,287,644,1718,1546,172
2021,Cheltenham 007,E02004606,5925,1587,509,1078,4338,3879,459
2021,Cheltenham 008,E02004607,5604,1441,559,882,4163,3578,585
2021,Cheltenham 009,E02004608,5271,1249,468,781,4022,3300,722
2021,Cheltenham 010,E02004609,3662,1066,365,701,2596,2303,293
2021,Cheltenham 011,E02004610,3524,1052,413,639,2472,2035,437
2021,Cheltenham 012,E02004611,6116,2018,736,1282,4098,3496,602
2021,Cheltenham 013,E02004612,4513,1509,489,1020,3004,2657,347
2021,Cheltenham 014,E02004613,2978,1048,398,650,1930,1586,344
2021,Cheltenham 015,E02004614,2522,860,331,529,1662,1398,264
2021,Cotswold 001,E02004615,3882,1355,586,769,2527,1901,626
2021,Cotswold 002,E02004616,4783,1499,574,925,3284,2494,790
2021,Cotswold 003,E02004617,4708,1523,655,868,3185,2417,768
2021,Cotswold 004,E02004618,3662,1219,519,700,2443,1781,662
2021,Cotswold 005,E02004619,3569,1231,557,674,2338,1742,596
2021,Cotswold 006,E02004620,4274,1419,545,874,2855,2454,401
2021,Cotswold 007,E02004621,2754,847,366,481,1907,1596,311
2021,Cotswold 008,E02004622,3709,1072,413,659,2637,2243,394
2021,Cotswold 009,E02004623,4359,1385,519,866,2974,2393,581
2021,Cotswold 010,E02004624,3243,1040,454,586,2203,1741,462
2021,Cotswold 011,E02004625,5139,1602,639,963,3537,2836,701
2021,Forest of Dean 001,E02004626,4385,1510,643,867,2875,2140,735
2021,Forest of Dean 002,E02004627,3002,952,327,625,2050,1690,360
2021,Forest of Dean 003,E02004628,3675,1188,433,755,2487,2102,385
2021,Forest of Dean 004,E02004629,5933,1809,573,1236,4124,3537,587
2021,Forest of Dean 005,E02004630,3090,1028,403,625,2062,1640,422
2021,Forest of Dean 006,E02004631,2341,859,344,515,1482,1191,291
2021,Forest of Dean 007,E02004632,4861,1573,536,1037,3288,2793,495
2021,Forest of Dean 008,E02004633,3897,1297,493,804,2600,2172,428
2021,Forest of Dean 009,E02004634,5251,1664,545,1119,3587,3065,522
2021,Forest of Dean 010,E02004635,3552,1062,397,665,2490,1986,504
2021,Gloucester 001,E02004636,4035,1202,356,846,2833,2496,337
2021,Gloucester 002,E02004637,4513,1271,439,832,3242,2855,387
2021,Gloucester 003,E02004638,3000,901,250,651,2099,1860,239
2021,Gloucester 004,E02004639,5848,1619,614,1005,4229,3686,543
2021,Gloucester 005,E02004640,3779,1312,418,894,2467,2220,247
2021,Gloucester 006,E02004641,3354,1005,301,704,2349,2087,262
2021,Gloucester 007,E02004642,6137,1844,581,1263,4293,3770,523
2021,Gloucester 008,E02004643,3752,1170,346,824,2582,2295,287
2021,Gloucester 009,E02004644,4604,1421,432,989,3183,2830,353
2021,Gloucester 010,E02004645,4798,1363,383,980,3435,3029,406
2021,Gloucester 011,E02004646,4146,1350,368,982,2796,2459,337
2021,Gloucester 012,E02004647,2820,884,271,613,1936,1661,275
2021,Gloucester 013,E02004648,2643,819,263,556,1824,1597,227
2021,Gloucester 014,E02004649,4260,1144,327,817,3116,2705,411
2021,Gloucester 015,E02004650,7931,2210,608,1602,5721,5011,710
2021,Stroud 001,E02004651,6067,1729,558,1171,4338,3687,651
2021,Stroud 002,E02004652,2956,1122,489,633,1834,1398,436
2021,Stroud 003,E02004653,3910,1229,425,804,2681,2166,515
2021,Stroud 004,E02004654,5716,1914,655,1259,3802,3276,526
2021,Stroud 005,E02004655,4019,1172,396,776,2847,2461,386
2021,Stroud 006,E02004656,5822,2190,797,1393,3632,3182,450
2021,Stroud 007,E02004657,3521,1299,479,820,2222,1898,324
2021,Stroud 008,E02004658,3244,1144,431,713,2100,1752,348
2021,Stroud 009,E02004659,3427,1169,431,738,2258,1843,415
2021,Stroud 010,E02004660,2781,990,396,594,1791,1444,347
2021,Stroud 011,E02004661,4079,1250,438,812,2829,2453,376
2021,Stroud 012,E02004662,3336,960,352,608,2376,1908,468
2021,Stroud 013,E02004663,3169,1189,461,728,1980,1634,346
2021,Stroud 014,E02004664,3662,1107,385,722,2555,2216,339
2021,Stroud 015,E02004665,4209,1361,545,816,2848,2390,458
2021,Tewkesbury 001,E02004666,6474,1706,481,1225,4768,4121,647
2021,Tewkesbury 002,E02004667,4922,1436,458,978,3486,3017,469
2021,Tewkesbury 003,E02004668,4100,1463,571,892,2637,2101,536
2021,Tewkesbury 004,E02004669,3511,1144,486,658,2367,1864,503
2021,Tewkesbury 006,E02004671,3460,1053,378,675,2407,2017,390
2021,Tewkesbury 007,E02004672,6073,1868,585,1283,4205,3636,569
2021,Tewkesbury 008,E02004673,3724,1115,380,735,2609,2187,422
2021,Tewkesbury 009,E02004674,6326,1675,494,1181,4651,4055,596
2021,Basingstoke and Deane 001,E02004675,3863,953,335,618,2910,2530,380
2021,Basingstoke and Deane 002,E02004676,4082,1102,413,689,2980,2472,508
2021,Basingstoke and Deane 003,E02004677,3747,1128,469,659,2619,2035,584
2021,Basingstoke and Deane 004,E02004678,3867,1013,387,626,2854,2277,577
2021,Basingstoke and Deane 005,E02004679,5848,1391,506,885,4457,3670,787
2021,Basingstoke and Deane 006,E02004680,4596,958,329,629,3638,3080,558
2021,Basingstoke and Deane 007,E02004681,7835,1713,568,1145,6122,5417,705
2021,Basingstoke and Deane 008,E02004682,4479,1072,375,697,3407,2911,496
2021,Basingstoke and Deane 009,E02004683,4439,976,347,629,3463,3112,351
2021,Basingstoke and Deane 010,E02004684,6263,1386,479,907,4877,4350,527
2021,Basingstoke and Deane 011,E02004685,4584,948,340,608,3636,3246,390
2021,Basingstoke and Deane 012,E02004686,4967,1129,440,689,3838,3380,458
2021,Basingstoke and Deane 013,E02004687,3748,1006,350,656,2742,2390,352
2021,Basingstoke and Deane 014,E02004688,3806,1062,362,700,2744,2399,345
2021,Basingstoke and Deane 015,E02004689,2595,756,304,452,1839,1532,307
2021,Basingstoke and Deane 016,E02004690,4432,1111,363,748,3321,2923,398
2021,Basingstoke and Deane 017,E02004691,3870,1181,497,684,2689,2059,630
2021,Basingstoke and Deane 018,E02004692,3297,937,348,589,2360,2001,359
2021,Basingstoke and Deane 019,E02004693,3896,954,294,660,2942,2564,378
2021,Basingstoke and Deane 020,E02004694,3812,1084,391,693,2728,2228,500
2021,Basingstoke and Deane 021,E02004695,5131,1270,450,820,3861,3285,576
2021,Basingstoke and Deane 022,E02004696,3820,1006,398,608,2814,2310,504
2021,East Hampshire 001,E02004697,3225,981,395,586,2244,1708,536
2021,East Hampshire 002,E02004698,3154,853,299,554,2301,1986,315
2021,East Hampshire 003,E02004699,5373,1566,576,990,3807,3210,597
2021,East Hampshire 004,E02004700,3870,1010,352,658,2860,2420,440
2021,East Hampshire 006,E02004702,4359,1328,462,866,3031,2606,425
2021,East Hampshire 007,E02004703,6138,1980,851,1129,4158,3174,984
2021,East Hampshire 008,E02004704,3256,947,385,562,2309,1884,425
2021,East Hampshire 009,E02004705,4690,1413,557,856,3277,2599,678
2021,East Hampshire 010,E02004706,3593,1140,449,691,2453,1926,527
2021,East Hampshire 011,E02004707,5237,1733,715,1018,3504,2660,844
2021,East Hampshire 012,E02004708,4643,1447,535,912,3196,2656,540
2021,East Hampshire 013,E02004709,4343,1397,493,904,2946,2422,524
2021,East Hampshire 014,E02004710,3201,989,382,607,2212,1829,383
2021,Eastleigh 001,E02004712,3864,1190,450,740,2674,2182,492
2021,Eastleigh 002,E02004713,3824,1138,388,750,2686,2299,387
2021,Eastleigh 003,E02004714,3734,1109,409,700,2625,2230,395
2021,Eastleigh 004,E02004715,4622,1324,427,897,3298,2827,471
2021,Eastleigh 005,E02004716,4450,1426,464,962,3024,2598,426
2021,Eastleigh 006,E02004717,6599,1811,586,1225,4788,4155,633
2021,Eastleigh 007,E02004718,4808,1305,403,902,3503,3053,450
2021,Eastleigh 008,E02004719,6102,1796,645,1151,4306,3641,665
2021,Eastleigh 009,E02004720,5819,1768,617,1151,4051,3387,664
2021,Eastleigh 010,E02004721,6661,1895,603,1292,4766,4007,759
2021,Eastleigh 011,E02004722,3342,1019,336,683,2323,1978,345
2021,Eastleigh 012,E02004723,4937,1567,512,1055,3370,2854,516
2021,Eastleigh 013,E02004724,5136,1419,463,956,3717,3098,619
2021,Eastleigh 014,E02004725,2567,809,247,562,1758,1473,285
2021,Eastleigh 015,E02004726,3050,910,338,572,2140,1780,360
2021,Fareham 001,E02004727,5405,1486,553,933,3919,3251,668
2021,Fareham 002,E02004728,4568,1336,476,860,3232,2712,520
2021,Fareham 003,E02004729,3498,1073,339,734,2425,2125,300
2021,Fareham 004,E02004730,4100,1172,384,788,2928,2491,437
2021,Fareham 005,E02004731,3773,1179,428,751,2594,2184,410
2021,Fareham 006,E02004732,4320,1344,498,846,2976,2428,548
2021,Fareham 007,E02004733,4010,1157,410,747,2853,2379,474
2021,Fareham 008,E02004734,5103,1407,448,959,3696,3154,542
2021,Fareham 009,E02004735,3496,1016,341,675,2480,2077,403
2021,Fareham 010,E02004736,3879,1216,422,794,2663,2257,406
2021,Fareham 011,E02004737,3722,1029,340,689,2693,2340,353
2021,Fareham 012,E02004738,3475,1036,354,682,2439,2131,308
2021,Fareham 013,E02004739,3204,872,292,580,2332,1937,395
2021,Fareham 014,E02004740,3077,1016,402,614,2061,1739,322
2021,Gosport 001,E02004741,3421,1035,326,709,2386,2053,333
2021,Gosport 002,E02004742,3223,946,280,666,2277,1964,313
2021,Gosport 003,E02004743,3753,1055,328,727,2698,2309,389
2021,Gosport 004,E02004744,4657,1347,423,924,3310,2804,506
2021,Gosport 005,E02004745,4239,1194,363,831,3045,2661,384
2021,Gosport 006,E02004746,4918,1465,504,961,3453,2881,572
2021,Gosport 007,E02004747,3043,902,301,601,2141,1853,288
2021,Gosport 008,E02004748,4266,1266,412,854,3000,2536,464
2021,Gosport 009,E02004749,3103,978,315,663,2125,1738,387
2021,Gosport 010,E02004750,3859,1030,332,698,2829,2336,493
2021,Hart 001,E02004751,4102,1186,422,764,2916,2417,499
2021,Hart 002,E02004752,3973,1137,404,733,2836,2330,506
2021,Hart 003,E02004753,6179,1588,584,1004,4591,3824,767
2021,Hart 004,E02004754,3395,993,408,585,2402,1881,521
2021,Hart 005,E02004755,6684,1570,627,943,5114,4210,904
2021,Hart 006,E02004756,5077,1377,536,841,3700,2936,764
2021,Hart 007,E02004757,3676,1132,444,688,2544,2061,483
2021,Hart 008,E02004758,4435,1236,509,727,3199,2556,643
2021,Hart 009,E02004759,4073,1170,450,720,2903,2430,473
2021,Hart 010,E02004760,5441,1472,553,919,3969,3160,809
2021,Hart 011,E02004761,3406,867,355,512,2539,1954,585
2021,Havant 003,E02004764,3698,1129,380,749,2569,2166,403
2021,Havant 004,E02004765,3103,911,290,621,2192,1872,320
2021,Havant 005,E02004766,3293,1022,321,701,2271,1947,324
2021,Havant 006,E02004767,2560,813,240,573,1747,1512,235
2021,Havant 007,E02004768,2624,784,252,532,1840,1563,277
2021,Havant 008,E02004769,2725,894,248,646,1831,1609,222
2021,Havant 009,E02004770,3047,996,316,680,2051,1792,259
2021,Havant 010,E02004771,3932,1261,372,889,2671,2340,331
2021,Havant 011,E02004772,4663,1416,445,971,3247,2771,476
2021,Havant 013,E02004774,4402,1484,535,949,2918,2424,494
2021,Havant 014,E02004775,4971,1520,525,995,3451,2906,545
2021,Havant 015,E02004776,2441,888,342,546,1553,1236,317
2021,Havant 016,E02004777,2026,688,262,426,1338,1093,245
2021,Havant 017,E02004778,2422,870,308,562,1552,1293,259
2021,New Forest 001,E02004779,5087,1794,694,1100,3293,2583,710
2021,New Forest 002,E02004780,2833,914,274,640,1919,1616,303
2021,New Forest 003,E02004781,4192,1268,416,852,2924,2523,401
2021,New Forest 004,E02004782,3653,1126,350,776,2527,2130,397
2021,New Forest 005,E02004783,3704,1127,382,745,2577,2157,420
2021,New Forest 006,E02004784,2529,884,358,526,1645,1305,340
2021,New Forest 007,E02004785,2505,850,363,487,1655,1269,386
2021,New Forest 008,E02004786,4273,1320,477,843,2953,2472,481
2021,New Forest 009,E02004787,3116,1058,412,646,2058,1711,347
2021,New Forest 010,E02004788,3313,1159,416,743,2154,1727,427
2021,New Forest 011,E02004789,4675,1503,544,959,3172,2670,502
2021,New Forest 012,E02004790,3879,1294,496,798,2585,2158,427
2021,New Forest 013,E02004791,2433,783,253,530,1650,1411,239
2021,New Forest 014,E02004792,3738,1169,428,741,2569,2109,460
2021,New Forest 015,E02004793,3080,1160,529,631,1920,1468,452
2021,New Forest 016,E02004794,2969,1068,458,610,1901,1488,413
2021,New Forest 017,E02004795,3635,1303,571,732,2332,1809,523
2021,New Forest 018,E02004796,4037,1502,597,905,2535,2055,480
2021,New Forest 019,E02004797,3834,1313,445,868,2521,2103,418
2021,New Forest 020,E02004798,2670,977,371,606,1693,1447,246
2021,New Forest 021,E02004799,3295,1145,425,720,2150,1801,349
2021,New Forest 022,E02004800,2534,970,423,547,1564,1271,293
2021,New Forest 023,E02004801,2719,1063,469,594,1656,1338,318
2021,Rushmoor 001,E02004802,3445,948,333,615,2497,2187,310
2021,Rushmoor 002,E02004803,3674,975,308,667,2699,2408,291
2021,Rushmoor 003,E02004804,3885,981,328,653,2904,2526,378
2021,Rushmoor 004,E02004805,4613,1157,444,713,3456,2904,552
2021,Rushmoor 005,E02004806,4320,1084,350,734,3236,2785,451
2021,Rushmoor 006,E02004807,4907,1281,430,851,3626,3143,483
2021,Rushmoor 007,E02004808,6946,1581,568,1013,5365,4437,928
2021,Rushmoor 008,E02004809,5663,1186,387,799,4477,3777,700
2021,Rushmoor 009,E02004810,4580,1167,402,765,3413,2987,426
2021,Rushmoor 010,E02004811,4151,1068,383,685,3083,2663,420
2021,Rushmoor 011,E02004812,3682,920,330,590,2762,2354,408
2021,Rushmoor 012,E02004813,3149,901,297,604,2248,1955,293
2021,Test Valley 001,E02004814,3817,1104,404,700,2713,2234,479
2021,Test Valley 002,E02004815,3565,997,292,705,2568,2262,306
2021,Test Valley 004,E02004817,3963,1022,341,681,2941,2557,384
2021,Test Valley 005,E02004818,5305,1417,506,911,3888,3166,722
2021,Test Valley 006,E02004819,4136,1040,344,696,3096,2662,434
2021,Test Valley 007,E02004820,3744,1057,422,635,2687,2091,596
2021,Test Valley 008,E02004821,2425,769,303,466,1656,1255,401
2021,Test Valley 009,E02004822,3910,1271,496,775,2639,2011,628
2021,Test Valley 010,E02004823,4083,1332,442,890,2751,2326,425
2021,Test Valley 011,E02004824,2489,761,301,460,1728,1420,308
2021,Test Valley 012,E02004825,5110,1579,561,1018,3531,2910,621
2021,Test Valley 013,E02004826,4800,1443,551,892,3357,2669,688
2021,Test Valley 014,E02004827,3962,1192,413,779,2770,2341,429
2021,Test Valley 015,E02004828,3588,1133,419,714,2455,2005,450
2021,Winchester 001,E02004829,2983,849,307,542,2134,1656,478
2021,Winchester 002,E02004830,3496,1097,478,619,2399,1843,556
2021,Winchester 003,E02004831,4887,1466,604,862,3421,2635,786
2021,Winchester 004,E02004832,3940,1347,520,827,2593,1986,607
2021,Winchester 005,E02004833,4370,1384,556,828,2986,2417,569
2021,Winchester 006,E02004834,3568,1133,439,694,2435,2006,429
2021,Winchester 007,E02004835,5048,1415,641,774,3633,2815,818
2021,Winchester 008,E02004836,2580,1110,534,576,1470,1250,220
2021,Winchester 009,E02004837,3952,1261,481,780,2691,2116,575
2021,Winchester 010,E02004838,4701,1517,590,927,3184,2427,757
2021,Winchester 011,E02004839,4226,1437,600,837,2789,2141,648
2021,Winchester 012,E02004840,4920,1579,614,965,3341,2777,564
2021,Winchester 013,E02004841,6189,1675,625,1050,4514,3604,910
2021,Winchester 014,E02004842,5715,1662,608,1054,4053,3280,773
2021,Broxbourne 001,E02004843,3464,1056,372,684,2408,2043,365
2021,Broxbourne 002,E02004844,3823,1130,394,736,2693,2326,367
2021,Broxbourne 003,E02004845,3921,1051,395,656,2870,2406,464
2021,Broxbourne 004,E02004846,3076,905,366,539,2171,1711,460
2021,Broxbourne 005,E02004847,4993,1491,527,964,3502,2979,523
2021,Broxbourne 006,E02004848,3779,1109,398,711,2670,2261,409
2021,Broxbourne 007,E02004849,3504,1119,429,690,2385,1887,498
2021,Broxbourne 008,E02004850,3676,1076,379,697,2600,2232,368
2021,Broxbourne 009,E02004851,2803,873,316,557,1930,1638,292
2021,Broxbourne 010,E02004852,3937,1124,376,748,2813,2416,397
2021,Broxbourne 011,E02004853,3265,1021,364,657,2244,1909,335
2021,Broxbourne 012,E02004854,3966,1092,399,693,2874,2470,404
2021,Broxbourne 013,E02004855,4097,1200,389,811,2897,2499,398
2021,Dacorum 001,E02004856,2999,886,344,542,2113,1669,444
2021,Dacorum 002,E02004857,2984,875,366,509,2109,1662,447
2021,Dacorum 003,E02004858,2529,793,291,502,1736,1439,297
2021,Dacorum 004,E02004859,2618,833,374,459,1785,1380,405
2021,Dacorum 005,E02004860,3023,804,261,543,2219,1904,315
2021,Dacorum 006,E02004861,2483,794,376,418,1689,1274,415
2021,Dacorum 007,E02004862,3641,1054,358,696,2587,2223,364
2021,Dacorum 008,E02004863,3624,1033,342,691,2591,2241,350
2021,Dacorum 009,E02004864,3199,874,358,516,2325,1766,559
2021,Dacorum 010,E02004865,2911,838,309,529,2073,1768,305
2021,Dacorum 011,E02004866,3407,968,336,632,2439,2081,358
2021,Dacorum 012,E02004867,3073,940,392,548,2133,1633,500
2021,Dacorum 013,E02004868,3791,1094,371,723,2697,2308,389
2021,Dacorum 014,E02004869,2998,908,363,545,2090,1594,496
2021,Dacorum 015,E02004870,6008,1621,582,1039,4387,3725,662
2021,Dacorum 016,E02004871,2552,748,261,487,1804,1548,256
2021,Dacorum 017,E02004872,3522,1036,368,668,2486,2140,346
2021,Dacorum 018,E02004873,6494,1603,574,1029,4891,3997,894
2021,Dacorum 019,E02004874,3110,962,320,642,2148,1828,320
2021,Dacorum 020,E02004875,5324,1496,545,951,3828,3256,572
2021,Dacorum 021,E02004876,4262,1384,558,826,2878,2186,692
2021,Dacorum 022,E02004877,2651,851,336,515,1800,1425,375
2021,East Hertfordshire 001,E02004878,4536,1391,541,850,3145,2541,604
2021,East Hertfordshire 003,E02004880,5528,1602,635,967,3926,3046,880
2021,East Hertfordshire 004,E02004881,3534,1067,450,617,2467,1988,479
2021,East Hertfordshire 005,E02004882,4319,1286,539,747,3033,2451,582
2021,East Hertfordshire 006,E02004883,3185,969,362,607,2216,1759,457
2021,East Hertfordshire 007,E02004884,5621,1684,659,1025,3937,3282,655
2021,East Hertfordshire 008,E02004885,4485,1320,467,853,3165,2596,569
2021,East Hertfordshire 009,E02004886,3242,958,404,554,2284,1739,545
2021,East Hertfordshire 010,E02004887,3749,1187,477,710,2562,1993,569
2021,East Hertfordshire 011,E02004888,4176,1286,481,805,2890,2356,534
2021,East Hertfordshire 012,E02004889,5650,1484,575,909,4166,3535,631
2021,East Hertfordshire 013,E02004890,4620,1200,459,741,3420,2907,513
2021,East Hertfordshire 014,E02004891,3885,1049,430,619,2836,2356,480
2021,East Hertfordshire 015,E02004892,2945,812,318,494,2133,1790,343
2021,East Hertfordshire 016,E02004893,3329,903,335,568,2426,2053,373
2021,East Hertfordshire 017,E02004894,5250,1261,482,779,3989,3280,709
2021,East Hertfordshire 018,E02004895,4489,1309,526,783,3180,2517,663
2021,Hertsmere 001,E02004896,3666,1172,516,656,2494,1992,502
2021,Hertsmere 002,E02004897,3213,993,404,589,2220,1834,386
2021,Hertsmere 003,E02004898,3510,1113,448,665,2397,2035,362
2021,Hertsmere 004,E02004899,2663,860,361,499,1803,1375,428
2021,Hertsmere 005,E02004900,3942,1264,557,707,2678,1880,798
2021,Hertsmere 006,E02004901,5005,1473,471,1002,3532,3005,527
2021,Hertsmere 007,E02004902,4032,1202,437,765,2830,2362,468
2021,Hertsmere 008,E02004903,3799,1145,469,676,2654,2204,450
2021,Hertsmere 009,E02004904,3545,1034,407,627,2511,2124,387
2021,Hertsmere 010,E02004905,3268,978,425,553,2290,1721,569
2021,Hertsmere 011,E02004906,5707,1625,597,1028,4082,3402,680
2021,Hertsmere 012,E02004907,5399,1596,640,956,3803,3078,725
2021,Hertsmere 013,E02004908,5018,1606,736,870,3412,2683,729
2021,North Hertfordshire 001,E02004909,3179,840,302,538,2339,2036,303
2021,North Hertfordshire 002,E02004910,5962,1552,577,975,4410,3792,618
2021,North Hertfordshire 003,E02004911,3213,956,345,611,2257,1924,333
2021,North Hertfordshire 004,E02004912,5649,1654,556,1098,3995,3414,581
2021,North Hertfordshire 006,E02004914,3971,1115,401,714,2856,2482,374
2021,North Hertfordshire 007,E02004915,2724,794,297,497,1930,1678,252
2021,North Hertfordshire 008,E02004916,3419,972,361,611,2447,2024,423
2021,North Hertfordshire 009,E02004917,2883,845,276,569,2038,1705,333
2021,North Hertfordshire 010,E02004918,4722,1156,434,722,3566,3052,514
2021,North Hertfordshire 011,E02004919,4040,1112,364,748,2928,2539,389
2021,North Hertfordshire 012,E02004920,5487,1512,544,968,3975,3329,646
2021,North Hertfordshire 013,E02004921,3986,1115,382,733,2871,2399,472
2021,North Hertfordshire 014,E02004922,4925,1498,573,925,3427,2736,691
2021,North Hertfordshire 015,E02004923,5125,1574,634,940,3551,2778,773
2021,St Albans 001,E02004924,3677,1043,428,615,2634,1948,686
2021,St Albans 002,E02004925,3672,1081,417,664,2591,1976,615
2021,St Albans 003,E02004926,3706,1035,446,589,2671,1876,795
2021,St Albans 004,E02004927,3055,970,381,589,2085,1653,432
2021,St Albans 005,E02004928,3134,915,388,527,2219,1651,568
2021,St Albans 006,E02004929,2933,890,368,522,2043,1528,515
2021,St Albans 007,E02004930,3479,1028,376,652,2451,1957,494
2021,St Albans 008,E02004931,3360,1011,397,614,2349,1883,466
2021,St Albans 009,E02004932,3687,1048,392,656,2639,2118,521
2021,St Albans 010,E02004933,3356,977,388,589,2379,1786,593
2021,St Albans 011,E02004934,4341,1037,414,623,3304,2654,650
2021,St Albans 012,E02004935,5523,1035,375,660,4488,3526,962
2021,St Albans 013,E02004936,3454,956,329,627,2498,2047,451
2021,St Albans 014,E02004937,3424,958,406,552,2466,1822,644
2021,St Albans 016,E02004939,3204,992,400,592,2212,1822,390
2021,St Albans 017,E02004940,3818,1069,382,687,2749,2284,465
2021,St Albans 018,E02004941,5028,1466,535,931,3562,2959,603
2021,St Albans 019,E02004942,3053,946,363,583,2107,1661,446
2021,St Albans 020,E02004943,3951,1207,487,720,2744,2158,586
2021,Stevenage 001,E02004944,4191,1055,338,717,3136,2776,360
2021,Stevenage 002,E02004945,6345,1613,565,1048,4732,4067,665
2021,Stevenage 003,E02004946,3245,906,301,605,2339,2076,263
2021,Stevenage 005,E02004948,3011,833,275,558,2178,1904,274
2021,Stevenage 006,E02004949,4296,1177,403,774,3119,2734,385
2021,Stevenage 007,E02004950,3449,957,290,667,2492,2186,306
2021,Stevenage 008,E02004951,4022,1075,337,738,2947,2617,330
2021,Stevenage 009,E02004952,3537,968,321,647,2569,2239,330
2021,Stevenage 010,E02004953,3215,901,279,622,2314,2019,295
2021,Stevenage 011,E02004954,3611,1006,356,650,2605,2260,345
2021,Stevenage 012,E02004955,3010,867,287,580,2143,1866,277
2021,Three Rivers 001,E02004956,4659,1277,477,800,3382,2722,660
2021,Three Rivers 002,E02004957,5440,1532,535,997,3908,3275,633
2021,Three Rivers 003,E02004958,3899,1177,450,727,2722,2171,551
2021,Three Rivers 004,E02004959,3029,838,413,425,2191,1580,611
2021,Three Rivers 005,E02004960,2757,860,390,470,1897,1413,484
2021,Three Rivers 006,E02004961,4951,1419,523,896,3532,2928,604
2021,Three Rivers 007,E02004962,4680,1263,492,771,3417,2771,646
2021,Three Rivers 008,E02004963,3776,1162,427,735,2614,2202,412
2021,Three Rivers 009,E02004964,2858,785,281,504,2073,1714,359
2021,Three Rivers 010,E02004965,3248,970,334,636,2278,1917,361
2021,Three Rivers 011,E02004966,3740,996,441,555,2744,1971,773
2021,Three Rivers 012,E02004967,3911,1204,412,792,2707,2378,329
2021,Watford 001,E02004968,3766,1049,345,704,2717,2292,425
2021,Watford 002,E02004969,3705,1056,366,690,2649,2271,378
2021,Watford 003,E02004970,4053,1189,383,806,2864,2487,377
2021,Watford 004,E02004971,4325,1255,436,819,3070,2607,463
2021,Watford 005,E02004972,3207,822,269,553,2385,2043,342
2021,Watford 006,E02004973,4901,1298,437,861,3603,3048,555
2021,Watford 007,E02004974,4651,1139,446,693,3512,2919,593
2021,Watford 008,E02004975,3953,1107,434,673,2846,2296,550
2021,Watford 009,E02004976,6544,1546,536,1010,4998,4307,691
2021,Watford 010,E02004977,4937,1346,517,829,3591,3195,396
2021,Watford 011,E02004978,5083,1436,483,953,3647,3224,423
2021,Watford 012,E02004979,3734,1065,410,655,2669,2168,501
2021,Welwyn Hatfield 001,E02004980,3046,872,365,507,2174,1728,446
2021,Welwyn Hatfield 002,E02004981,4094,1104,421,683,2990,2427,563
2021,Welwyn Hatfield 003,E02004982,2761,849,318,531,1912,1600,312
2021,Welwyn Hatfield 004,E02004983,3009,824,292,532,2185,1904,281
2021,Welwyn Hatfield 005,E02004984,3237,863,281,582,2374,2074,300
2021,Welwyn Hatfield 006,E02004985,3235,880,352,528,2355,1964,391
2021,Welwyn Hatfield 007,E02004986,4630,1143,381,762,3487,3069,418
2021,Welwyn Hatfield 008,E02004987,4005,1058,339,719,2947,2549,398
2021,Welwyn Hatfield 009,E02004988,3916,1033,332,701,2883,2495,388
2021,Welwyn Hatfield 010,E02004989,5654,1938,832,1106,3716,3245,471
2021,Welwyn Hatfield 011,E02004990,3807,982,387,595,2825,2356,469
2021,Welwyn Hatfield 012,E02004991,4169,1319,549,770,2850,2455,395
2021,Welwyn Hatfield 013,E02004992,4401,1794,831,963,2607,2282,325
2021,Welwyn Hatfield 015,E02004994,2927,949,420,529,1978,1450,528
2021,Welwyn Hatfield 016,E02004995,2688,891,387,504,1797,1336,461
2021,Ashford 001,E02004996,3959,1194,482,712,2765,2143,622
2021,Ashford 002,E02004997,3720,1201,495,706,2519,1911,608
2021,Ashford 003,E02004998,3252,976,366,610,2276,1890,386
2021,Ashford 005,E02005000,6091,1574,533,1041,4517,3886,631
2021,Ashford 006,E02005001,4743,1321,448,873,3422,2896,526
2021,Ashford 007,E02005002,4729,1333,405,928,3396,2895,501
2021,Ashford 008,E02005003,4238,1202,362,840,3036,2576,460
2021,Ashford 009,E02005004,6256,1684,544,1140,4572,3801,771
2021,Ashford 010,E02005005,5196,1547,602,945,3649,2840,809
2021,Ashford 011,E02005006,2759,901,389,512,1858,1372,486
2021,Ashford 012,E02005007,4426,1276,493,783,3150,2462,688
2021,Ashford 013,E02005008,3673,1294,543,751,2379,1859,520
2021,Ashford 014,E02005009,2685,943,391,552,1742,1334,408
2021,Canterbury 001,E02005010,3335,1113,411,702,2222,1834,388
2021,Canterbury 002,E02005011,2982,1039,366,673,1943,1602,341
2021,Canterbury 003,E02005012,3762,1285,439,846,2477,2078,399
2021,Canterbury 004,E02005013,3388,1240,425,815,2148,1795,353
2021,Canterbury 005,E02005014,3418,1211,481,730,2207,1797,410
2021,Canterbury 006,E02005015,4486,1463,486,977,3023,2527,496
2021,Canterbury 007,E02005016,3414,1202,423,779,2212,1819,393
2021,Canterbury 008,E02005017,3254,1124,435,689,2130,1765,365
2021,Canterbury 009,E02005018,3754,1249,499,750,2505,2048,457
2021,Canterbury 010,E02005019,2947,912,369,543,2035,1630,405
2021,Canterbury 011,E02005020,3353,1087,368,719,2266,1829,437
2021,Canterbury 012,E02005021,3313,1326,714,612,1987,1528,459
2021,Canterbury 013,E02005022,2915,1307,671,636,1608,1334,274
2021,Canterbury 014,E02005023,3560,1417,602,815,2143,1849,294
2021,Canterbury 016,E02005025,3977,1455,664,791,2522,2035,487
2021,Canterbury 017,E02005026,3868,1231,445,786,2637,2086,551
2021,Canterbury 018,E02005027,2453,805,330,475,1648,1249,399
2021,Dartford 001,E02005028,7004,1637,552,1085,5367,4698,669
2021,Dartford 002,E02005029,8463,1737,591,1146,6726,5626,1100
2021,Dartford 003,E02005030,6482,1644,527,1117,4838,4145,693
2021,Dartford 004,E02005031,4058,1030,316,714,3028,2552,476
2021,Dartford 005,E02005032,5159,1300,465,835,3859,3355,504
2021,Dartford 006,E02005033,3941,984,334,650,2957,2552,405
2021,Dartford 007,E02005034,3909,1113,391,722,2796,2392,404
2021,Dartford 008,E02005035,4207,1112,394,718,3095,2646,449
2021,Dartford 009,E02005036,3102,915,310,605,2187,1867,320
2021,Dartford 010,E02005037,3265,946,347,599,2319,1898,421
2021,Dartford 011,E02005038,2844,818,311,507,2026,1662,364
2021,Dartford 012,E02005039,3271,924,290,634,2347,2029,318
2021,Dartford 013,E02005040,3118,966,382,584,2152,1717,435
2021,Dover 001,E02005041,3331,1076,400,676,2255,1733,522
2021,Dover 002,E02005042,3767,1242,526,716,2525,2017,508
2021,Dover 003,E02005043,2999,1015,362,653,1984,1674,310
2021,Dover 004,E02005044,2593,862,334,528,1731,1397,334
2021,Dover 005,E02005045,4163,1325,434,891,2838,2319,519
2021,Dover 006,E02005046,4207,1109,335,774,3098,2531,567
2021,Dover 007,E02005047,3148,1090,364,726,2058,1734,324
2021,Dover 008,E02005048,2954,972,365,607,1982,1590,392
2021,Dover 009,E02005049,2709,946,392,554,1763,1381,382
2021,Dover 010,E02005050,4562,1413,463,950,3149,2637,512
2021,Dover 011,E02005051,5913,1821,575,1246,4092,3500,592
2021,Dover 012,E02005052,3479,1044,354,690,2435,1972,463
2021,Dover 013,E02005053,4014,1260,412,848,2754,2293,461
2021,Dover 014,E02005054,3090,990,316,674,2100,1735,365
2021,Gravesham 001,E02005055,3746,1036,332,704,2710,2293,417
2021,Gravesham 002,E02005056,4856,1296,453,843,3560,2911,649
2021,Gravesham 003,E02005057,5525,1594,533,1061,3931,3301,630
2021,Gravesham 004,E02005058,3674,1083,341,742,2591,2159,432
2021,Gravesham 005,E02005059,4878,1397,476,921,3481,2889,592
2021,Gravesham 006,E02005060,4091,1045,336,709,3046,2569,477
2021,Gravesham 007,E02005061,3191,948,301,647,2243,1843,400
2021,Gravesham 008,E02005062,3298,999,340,659,2299,1895,404
2021,Gravesham 009,E02005063,3420,937,300,637,2483,2035,448
2021,Gravesham 010,E02005064,2963,919,335,584,2044,1628,416
2021,Gravesham 011,E02005065,3680,1078,350,728,2602,2189,413
2021,Gravesham 012,E02005066,3535,1088,411,677,2447,1958,489
2021,Gravesham 013,E02005067,2899,885,361,524,2014,1592,422
2021,Maidstone 001,E02005068,3905,1089,403,686,2816,2207,609
2021,Maidstone 002,E02005069,4598,1349,463,886,3249,2685,564
2021,Maidstone 003,E02005070,4527,1292,492,800,3235,2698,537
2021,Maidstone 004,E02005071,6514,1567,566,1001,4947,4160,787
2021,Maidstone 005,E02005072,3796,1161,430,731,2635,2144,491
2021,Maidstone 006,E02005073,6838,1617,579,1038,5221,4422,799
2021,Maidstone 007,E02005074,3751,1162,451,711,2589,2123,466
2021,Maidstone 008,E02005075,5598,1463,485,978,4135,3467,668
2021,Maidstone 009,E02005076,5176,1362,439,923,3814,3219,595
2021,Maidstone 010,E02005077,3770,1156,366,790,2614,2189,425
2021,Maidstone 011,E02005078,4692,1421,543,878,3271,2529,742
2021,Maidstone 012,E02005079,4261,1260,439,821,3001,2439,562
2021,Maidstone 013,E02005080,5109,1489,410,1079,3620,3044,576
2021,Maidstone 014,E02005081,3216,983,378,605,2233,1781,452
2021,Maidstone 015,E02005082,6057,1645,614,1031,4412,3441,971
2021,Maidstone 016,E02005083,3834,1084,411,673,2750,2234,516
2021,Maidstone 017,E02005084,3513,1068,438,630,2445,1843,602
2021,Maidstone 018,E02005085,3898,1096,446,650,2802,2176,626
2021,Maidstone 019,E02005086,3354,1001,387,614,2353,1905,448
2021,Sevenoaks 001,E02005087,3379,970,348,622,2409,2007,402
2021,Sevenoaks 002,E02005088,4272,1304,445,859,2968,2548,420
2021,Sevenoaks 003,E02005089,3437,971,338,633,2466,2090,376
2021,Sevenoaks 004,E02005090,2504,824,332,492,1680,1300,380
2021,Sevenoaks 005,E02005091,3285,981,393,588,2304,1871,433
2021,Sevenoaks 007,E02005093,2707,865,352,513,1842,1461,381
2021,Sevenoaks 008,E02005094,4966,1406,528,878,3560,2853,707
2021,Sevenoaks 009,E02005095,3452,1099,449,650,2353,1808,545
2021,Sevenoaks 010,E02005096,4719,1373,522,851,3346,2656,690
2021,Sevenoaks 011,E02005097,4246,1229,559,670,3017,2122,895
2021,Sevenoaks 012,E02005098,4476,1169,505,664,3307,2257,1050
2021,Sevenoaks 013,E02005099,3868,1244,523,721,2624,1929,695
2021,Sevenoaks 014,E02005100,4761,1388,537,851,3373,2806,567
2021,Sevenoaks 015,E02005101,3381,1070,445,625,2311,1696,615
2021,Folkestone and Hythe 001,E02005102,2679,937,389,548,1742,1343,399
2021,Folkestone and Hythe 002,E02005103,4883,1401,473,928,3482,2930,552
2021,Folkestone and Hythe 003,E02005104,3395,1140,365,775,2255,1920,335
2021,Folkestone and Hythe 004,E02005105,3381,1103,345,758,2278,1972,306
2021,Folkestone and Hythe 005,E02005106,4733,1466,482,984,3267,2778,489
2021,Folkestone and Hythe 006,E02005107,6023,1905,715,1190,4118,3394,724
2021,Folkestone and Hythe 008,E02005109,2660,919,396,523,1741,1392,349
2021,Folkestone and Hythe 009,E02005110,3163,961,345,616,2202,1786,416
2021,Folkestone and Hythe 010,E02005111,2732,937,355,582,1795,1497,298
2021,Folkestone and Hythe 011,E02005112,2799,920,318,602,1879,1486,393
2021,Folkestone and Hythe 012,E02005113,2790,909,321,588,1881,1564,317
2021,Folkestone and Hythe 013,E02005114,2572,799,295,504,1773,1456,317
2021,Swale 001,E02005115,2591,764,276,488,1827,1552,275
2021,Swale 002,E02005116,2337,682,226,456,1655,1369,286
2021,Swale 003,E02005117,2913,805,252,553,2108,1717,391
2021,Swale 004,E02005118,5211,1416,432,984,3795,3114,681
2021,Swale 005,E02005119,2855,786,261,525,2069,1699,370
2021,Swale 006,E02005120,3358,994,375,619,2364,1799,565
2021,Swale 007,E02005121,7258,1849,607,1242,5409,4434,975
2021,Swale 008,E02005122,3744,1067,357,710,2677,2127,550
2021,Swale 009,E02005123,6256,1656,568,1088,4600,3738,862
2021,Swale 010,E02005124,3969,1068,368,700,2901,2438,463
2021,Swale 011,E02005125,4041,1058,363,695,2983,2526,457
2021,Swale 012,E02005126,3674,1055,360,695,2619,2199,420
2021,Swale 013,E02005127,4259,1252,446,806,3007,2398,609
2021,Swale 014,E02005128,4094,1274,445,829,2820,2351,469
2021,Swale 015,E02005129,5298,1649,540,1109,3649,3009,640
2021,Swale 016,E02005130,4598,1270,451,819,3328,2640,688
2021,Swale 017,E02005131,2747,875,332,543,1872,1457,415
2021,Thanet 001,E02005132,4144,1530,559,971,2614,2183,431
2021,Thanet 002,E02005133,3497,1222,459,763,2275,1852,423
2021,Thanet 003,E02005134,3657,1205,359,846,2452,2081,371
2021,Thanet 004,E02005135,3473,1148,338,810,2325,1976,349
2021,Thanet 005,E02005136,3603,1205,431,774,2398,1985,413
2021,Thanet 006,E02005137,2977,1080,329,751,1897,1620,277
2021,Thanet 007,E02005138,3814,1276,436,840,2538,2135,403
2021,Thanet 008,E02005139,3163,1132,407,725,2031,1691,340
2021,Thanet 009,E02005140,3096,1101,447,654,1995,1659,336
2021,Thanet 010,E02005141,2950,1066,394,672,1884,1528,356
2021,Thanet 011,E02005142,2982,1027,354,673,1955,1640,315
2021,Thanet 012,E02005143,3661,1247,407,840,2414,2041,373
2021,Thanet 013,E02005144,3503,1213,345,868,2290,1984,306
2021,Thanet 014,E02005145,3751,1198,394,804,2553,2081,472
2021,Thanet 015,E02005146,3873,1195,397,798,2678,2258,420
2021,Thanet 016,E02005147,3695,1236,428,808,2459,2031,428
2021,Thanet 017,E02005148,3351,1074,377,697,2277,1878,399
2021,Tonbridge and Malling 001,E02005149,6476,1662,540,1122,4814,3924,890
2021,Tonbridge and Malling 002,E02005150,5964,1541,533,1008,4423,3692,731
2021,Tonbridge and Malling 003,E02005151,6332,1877,660,1217,4455,3706,749
2021,Tonbridge and Malling 005,E02005153,4318,1265,424,841,3053,2509,544
2021,Tonbridge and Malling 006,E02005154,5444,1634,699,935,3810,2914,896
2021,Tonbridge and Malling 007,E02005155,6242,1757,699,1058,4485,3537,948
2021,Tonbridge and Malling 008,E02005156,3256,1008,408,600,2248,1767,481
2021,Tonbridge and Malling 009,E02005157,2799,954,319,635,1845,1577,268
2021,Tonbridge and Malling 010,E02005158,3050,1007,401,606,2043,1599,444
2021,Tonbridge and Malling 011,E02005159,3399,1154,461,693,2245,1807,438
2021,Tonbridge and Malling 012,E02005160,6349,1604,541,1063,4745,3874,871
2021,Tonbridge and Malling 013,E02005161,4668,1272,458,814,3396,2842,554
2021,Tunbridge Wells 001,E02005162,5195,1583,561,1022,3612,2949,663
2021,Tunbridge Wells 002,E02005163,4056,1327,513,814,2729,2229,500
2021,Tunbridge Wells 003,E02005164,4532,1243,431,812,3289,2759,530
2021,Tunbridge Wells 004,E02005165,3533,1089,423,666,2444,1939,505
2021,Tunbridge Wells 005,E02005166,3242,1025,360,665,2217,1869,348
2021,Tunbridge Wells 006,E02005167,3433,1176,507,669,2257,1674,583
2021,Tunbridge Wells 007,E02005168,3793,1027,392,635,2766,2152,614
2021,Tunbridge Wells 008,E02005169,5249,1172,449,723,4077,3349,728
2021,Tunbridge Wells 009,E02005170,4917,1346,496,850,3571,2902,669
2021,Tunbridge Wells 010,E02005171,2894,922,307,615,1972,1623,349
2021,Tunbridge Wells 011,E02005172,3921,1259,543,716,2662,1962,700
2021,Tunbridge Wells 012,E02005173,4039,1129,493,636,2910,2219,691
2021,Tunbridge Wells 013,E02005174,3269,1108,451,657,2161,1628,533
2021,Tunbridge Wells 014,E02005175,3827,1245,488,757,2582,1912,670
2021,Burnley 001,E02005176,4096,1184,304,880,2912,2647,265
2021,Burnley 002,E02005177,2578,796,215,581,1782,1658,124
2021,Burnley 003,E02005178,3959,1596,417,1179,2363,2216,147
2021,Burnley 004,E02005179,3936,1169,330,839,2767,2469,298
2021,Burnley 005,E02005180,3358,873,258,615,2485,2202,283
2021,Burnley 006,E02005181,3034,827,236,591,2207,2015,192
2021,Burnley 007,E02005182,2440,760,231,529,1680,1537,143
2021,Burnley 008,E02005183,2563,760,212,548,1803,1637,166
2021,Burnley 009,E02005184,2380,647,209,438,1733,1447,286
2021,Burnley 010,E02005185,3875,1108,337,771,2767,2534,233
2021,Burnley 011,E02005186,3150,818,224,594,2332,2027,305
2021,Chorley 001,E02005189,2399,645,204,441,1754,1545,209
2021,Chorley 002,E02005190,3084,941,338,603,2143,1717,426
2021,Chorley 003,E02005191,4862,1262,385,877,3600,3055,545
2021,Chorley 004,E02005192,4708,1195,421,774,3513,2923,590
2021,Chorley 005,E02005193,4234,1190,354,836,3044,2582,462
2021,Chorley 006,E02005194,3832,1106,328,778,2726,2399,327
2021,Chorley 007,E02005195,3269,1063,390,673,2206,1740,466
2021,Chorley 008,E02005196,5493,1352,445,907,4141,3568,573
2021,Chorley 009,E02005197,3378,1022,333,689,2356,2073,283
2021,Chorley 010,E02005198,4743,1303,430,873,3440,3009,431
2021,Chorley 011,E02005199,3692,1064,351,713,2628,2173,455
2021,Chorley 012,E02005200,4572,1188,358,830,3384,2939,445
2021,Chorley 013,E02005201,4057,1073,333,740,2984,2566,418
2021,Chorley 014,E02005202,4923,1339,454,885,3584,3031,553
2021,Fylde 001,E02005203,4155,1287,498,789,2868,2319,549
2021,Fylde 002,E02005204,6104,1672,561,1111,4432,3796,636
2021,Fylde 003,E02005205,3002,901,360,541,2101,1728,373
2021,Fylde 004,E02005206,3258,1092,361,731,2166,1889,277
2021,Fylde 005,E02005207,3418,1136,400,736,2282,1960,322
2021,Fylde 006,E02005208,4068,1312,526,786,2756,2347,409
2021,Fylde 007,E02005209,4040,1135,391,744,2905,2523,382
2021,Fylde 008,E02005210,4058,1368,492,876,2690,2290,400
2021,Fylde 009,E02005211,3612,1170,443,727,2442,1974,468
2021,Hyndburn 001,E02005212,4866,1397,417,980,3469,3052,417
2021,Hyndburn 002,E02005213,5423,1408,410,998,4015,3498,517
2021,Hyndburn 003,E02005214,3052,782,220,562,2270,2022,248
2021,Hyndburn 004,E02005215,5379,1477,399,1078,3902,3502,400
2021,Hyndburn 005,E02005216,2322,667,194,473,1655,1490,165
2021,Hyndburn 006,E02005217,4375,1602,441,1161,2773,2525,248
2021,Hyndburn 007,E02005218,3354,850,245,605,2504,2218,286
2021,Hyndburn 008,E02005219,4077,1072,338,734,3005,2675,330
2021,Hyndburn 009,E02005220,2780,742,229,513,2038,1810,228
2021,Lancaster 001,E02005221,4562,1553,532,1021,3009,2521,488
2021,Lancaster 002,E02005222,2813,995,387,608,1818,1236,582
2021,Lancaster 003,E02005223,3278,1106,380,726,2172,1760,412
2021,Lancaster 004,E02005224,1929,697,221,476,1232,1045,187
2021,Lancaster 005,E02005225,2949,926,301,625,2023,1646,377
2021,Lancaster 006,E02005226,2983,1087,316,771,1896,1635,261
2021,Lancaster 008,E02005228,2741,919,289,630,1822,1580,242
2021,Lancaster 009,E02005229,2460,809,251,558,1651,1413,238
2021,Lancaster 010,E02005230,2574,908,266,642,1666,1411,255
2021,Lancaster 011,E02005231,3760,1265,385,880,2495,2132,363
2021,Lancaster 013,E02005233,3824,1196,384,812,2628,2244,384
2021,Lancaster 014,E02005234,3414,1237,689,548,2177,1865,312
2021,Lancaster 015,E02005235,2232,831,385,446,1401,1245,156
2021,Lancaster 016,E02005236,6225,1948,615,1333,4277,3627,650
2021,Lancaster 017,E02005237,4801,1656,598,1058,3145,2702,443
2021,Lancaster 018,E02005238,2579,837,283,554,1742,1502,240
2021,Lancaster 019,E02005239,3712,1477,748,729,2235,1723,512
2021,Pendle 001,E02005240,2657,735,218,517,1922,1702,220
2021,Pendle 002,E02005241,2642,719,189,530,1923,1668,255
2021,Pendle 003,E02005242,2958,883,274,609,2075,1734,341
2021,Pendle 006,E02005245,3544,1029,352,677,2515,2144,371
2021,Pendle 007,E02005246,2352,717,236,481,1635,1449,186
2021,Pendle 008,E02005247,4722,1333,456,877,3389,2828,561
2021,Pendle 009,E02005248,2517,964,306,658,1553,1431,122
2021,Pendle 010,E02005249,3713,1323,388,935,2390,2206,184
2021,Pendle 011,E02005250,3093,1252,372,880,1841,1702,139
2021,Pendle 012,E02005251,2880,975,282,693,1905,1704,201
2021,Pendle 013,E02005252,3801,1435,444,991,2366,2130,236
2021,Preston 001,E02005253,3577,993,366,627,2584,2036,548
2021,Preston 002,E02005254,5017,1300,425,875,3717,3081,636
2021,Preston 003,E02005255,4484,1300,409,891,3184,2836,348
2021,Preston 004,E02005256,3504,923,266,657,2581,2257,324
2021,Preston 005,E02005257,2339,710,192,518,1629,1457,172
2021,Preston 006,E02005258,3604,1161,404,757,2443,2159,284
2021,Preston 007,E02005259,4541,1473,410,1063,3068,2738,330
2021,Preston 008,E02005260,3216,966,273,693,2250,1982,268
2021,Preston 009,E02005261,4200,1362,398,964,2838,2543,295
2021,Preston 010,E02005262,4026,1004,310,694,3022,2641,381
2021,Preston 011,E02005263,3105,1207,420,787,1898,1732,166
2021,Preston 012,E02005264,5670,2097,833,1264,3573,3248,325
2021,Preston 013,E02005265,5091,1452,443,1009,3639,3234,405
2021,Preston 014,E02005266,3538,1220,340,880,2318,2071,247
2021,Preston 015,E02005267,2144,1017,385,632,1127,1013,114
2021,Preston 016,E02005268,3790,1398,411,987,2392,2159,233
2021,Preston 017,E02005269,4785,1607,645,962,3178,2840,338
2021,Ribble Valley 001,E02005270,3613,1090,449,641,2523,1765,758
2021,Ribble Valley 002,E02005271,4030,1157,378,779,2873,2415,458
2021,Ribble Valley 003,E02005272,4431,1222,408,814,3209,2746,463
2021,Ribble Valley 004,E02005273,3010,816,283,533,2194,1692,502
2021,Ribble Valley 005,E02005274,4011,1198,443,755,2813,2325,488
2021,Ribble Valley 006,E02005275,2845,764,259,505,2081,1706,375
2021,Ribble Valley 007,E02005276,4418,1282,465,817,3136,2591,545
2021,Ribble Valley 008,E02005277,4028,1151,447,704,2877,2348,529
2021,Rossendale 001,E02005278,4062,1121,344,777,2941,2450,491
2021,Rossendale 002,E02005279,4531,1389,466,923,3142,2729,413
2021,Rossendale 003,E02005280,5117,1425,422,1003,3692,3159,533
2021,Rossendale 004,E02005281,4096,1207,375,832,2889,2479,410
2021,Rossendale 007,E02005284,2892,804,267,537,2088,1764,324
2021,Rossendale 008,E02005285,3139,852,288,564,2287,1941,346
2021,Rossendale 009,E02005286,3671,987,298,689,2684,2310,374
2021,South Ribble 001,E02005287,2598,729,249,480,1869,1625,244
2021,South Ribble 002,E02005288,2906,828,300,528,2078,1747,331
2021,South Ribble 003,E02005289,2700,741,238,503,1959,1725,234
2021,South Ribble 004,E02005290,3882,1019,334,685,2863,2514,349
2021,South Ribble 005,E02005291,2838,822,257,565,2016,1811,205
2021,South Ribble 006,E02005292,2580,709,227,482,1871,1643,228
2021,South Ribble 007,E02005293,2503,656,188,468,1847,1633,214
2021,South Ribble 008,E02005294,3657,910,239,671,2747,2374,373
2021,South Ribble 009,E02005295,3932,983,287,696,2949,2544,405
2021,South Ribble 010,E02005296,2816,843,282,561,1973,1648,325
2021,South Ribble 011,E02005297,3982,1178,442,736,2804,2311,493
2021,South Ribble 012,E02005298,4430,1079,327,752,3351,2864,487
2021,South Ribble 013,E02005299,3999,974,277,697,3025,2676,349
2021,South Ribble 014,E02005300,2427,686,196,490,1741,1448,293
2021,South Ribble 015,E02005301,2846,781,261,520,2065,1805,260
2021,South Ribble 016,E02005302,3857,981,259,722,2876,2508,368
2021,South Ribble 017,E02005303,2766,775,243,532,1991,1751,240
2021,West Lancashire 001,E02005304,4446,1291,453,838,3155,2531,624
2021,West Lancashire 002,E02005305,3709,1178,431,747,2531,2016,515
2021,West Lancashire 003,E02005306,3568,1187,436,751,2381,1861,520
2021,West Lancashire 004,E02005307,4701,1354,399,955,3347,2846,501
2021,West Lancashire 005,E02005308,3063,914,352,562,2149,1716,433
2021,West Lancashire 006,E02005309,4156,1267,440,827,2889,2510,379
2021,West Lancashire 007,E02005310,3768,1626,812,814,2142,1829,313
2021,West Lancashire 008,E02005311,2848,983,462,521,1865,1463,402
2021,West Lancashire 009,E02005312,3297,915,288,627,2382,2068,314
2021,West Lancashire 010,E02005313,3825,1143,355,788,2682,2379,303
2021,West Lancashire 011,E02005314,3038,833,237,596,2205,1946,259
2021,West Lancashire 012,E02005315,3510,1090,383,707,2420,1963,457
2021,West Lancashire 013,E02005316,2948,753,216,537,2195,1947,248
2021,West Lancashire 014,E02005317,3083,824,252,572,2259,2005,254
2021,West Lancashire 015,E02005318,3586,971,296,675,2615,2202,413
2021,Wyre 001,E02005319,3191,1107,343,764,2084,1782,302
2021,Wyre 002,E02005320,2413,804,236,568,1609,1369,240
2021,Wyre 003,E02005321,2003,692,202,490,1311,1114,197
2021,Wyre 004,E02005322,4098,1380,473,907,2718,2171,547
2021,Wyre 005,E02005323,3088,1013,278,735,2075,1812,263
2021,Wyre 006,E02005324,3432,1049,398,651,2383,1817,566
2021,Wyre 007,E02005325,4098,1334,490,844,2764,2239,525
2021,Wyre 008,E02005326,3237,1119,364,755,2118,1805,313
2021,Wyre 009,E02005327,3227,958,364,594,2269,1706,563
2021,Wyre 010,E02005328,3217,1037,319,718,2180,1886,294
2021,Wyre 011,E02005329,4351,1358,407,951,2993,2580,413
2021,Wyre 012,E02005330,3901,1219,402,817,2682,2281,401
2021,Wyre 013,E02005331,3739,1145,397,748,2594,2225,369
2021,Wyre 014,E02005332,3837,1190,421,769,2647,2261,386
2021,Blaby 002,E02005334,3191,901,289,612,2290,1975,315
2021,Blaby 003,E02005335,3566,1072,368,704,2494,2048,446
2021,Blaby 004,E02005336,3848,998,277,721,2850,2492,358
2021,Blaby 005,E02005337,4862,1443,446,997,3419,3057,362
2021,Blaby 006,E02005338,5830,1556,507,1049,4274,3705,569
2021,Blaby 007,E02005339,4520,1243,376,867,3277,2842,435
2021,Blaby 008,E02005340,4315,1281,391,890,3034,2577,457
2021,Blaby 009,E02005341,4080,1135,357,778,2945,2505,440
2021,Blaby 010,E02005342,3597,1074,343,731,2523,2124,399
2021,Blaby 011,E02005343,3876,1151,373,778,2725,2301,424
2021,Blaby 012,E02005344,4638,1262,445,817,3376,2848,528
2021,Charnwood 001,E02005345,3144,901,293,608,2243,1953,290
2021,Charnwood 002,E02005346,5848,1868,678,1190,3980,3489,491
2021,Charnwood 003,E02005347,3431,1425,753,672,2006,1761,245
2021,Charnwood 004,E02005348,2545,727,219,508,1818,1598,220
2021,Charnwood 005,E02005349,3929,1054,321,733,2875,2454,421
2021,Charnwood 006,E02005350,3416,931,298,633,2485,2155,330
2021,Charnwood 007,E02005351,2816,1179,609,570,1637,1397,240
2021,Charnwood 008,E02005352,3109,973,387,586,2136,1654,482
2021,Charnwood 009,E02005353,4820,1453,473,980,3367,2881,486
2021,Charnwood 010,E02005354,4746,1444,513,931,3302,2791,511
2021,Charnwood 011,E02005355,3651,1053,366,687,2598,2175,423
2021,Charnwood 012,E02005356,3524,1052,378,674,2472,2030,442
2021,Charnwood 013,E02005357,4335,1169,336,833,3166,2721,445
2021,Charnwood 014,E02005358,6337,1767,578,1189,4570,3914,656
2021,Charnwood 015,E02005359,3853,1108,370,738,2745,2343,402
2021,Charnwood 016,E02005360,2972,940,383,557,2032,1558,474
2021,Charnwood 017,E02005361,3225,917,285,632,2308,1978,330
2021,Charnwood 018,E02005362,3528,1032,321,711,2496,2184,312
2021,Charnwood 019,E02005363,4374,1285,399,886,3089,2734,355
2021,Charnwood 020,E02005364,2750,823,234,589,1927,1708,219
2021,Charnwood 021,E02005365,4573,1402,409,993,3171,2844,327
2021,Charnwood 022,E02005366,3872,1080,339,741,2792,2394,398
2021,Harborough 002,E02005368,3256,1006,422,584,2250,1605,645
2021,Harborough 003,E02005369,6130,1785,646,1139,4345,3532,813
2021,Harborough 004,E02005370,5191,1476,482,994,3715,3130,585
2021,Harborough 005,E02005371,5528,1614,634,980,3914,3098,816
2021,Harborough 006,E02005372,5287,1618,645,973,3669,2785,884
2021,Harborough 007,E02005373,5916,1744,652,1092,4172,3390,782
2021,Harborough 008,E02005374,3115,964,338,626,2151,1812,339
2021,Harborough 009,E02005375,4688,1358,474,884,3330,2764,566
2021,Harborough 010,E02005376,5326,1497,496,1001,3829,3170,659
2021,Hinckley and Bosworth 001,E02005377,4288,1211,396,815,3077,2575,502
2021,Hinckley and Bosworth 002,E02005378,2662,802,261,541,1860,1624,236
2021,Hinckley and Bosworth 003,E02005379,2912,858,251,607,2054,1767,287
2021,Hinckley and Bosworth 004,E02005380,4154,1278,469,809,2876,2305,571
2021,Hinckley and Bosworth 005,E02005381,4119,1182,383,799,2937,2402,535
2021,Hinckley and Bosworth 006,E02005382,5132,1406,458,948,3726,3179,547
2021,Hinckley and Bosworth 007,E02005383,4483,1236,397,839,3247,2770,477
2021,Hinckley and Bosworth 008,E02005384,3734,1078,366,712,2656,2170,486
2021,Hinckley and Bosworth 009,E02005385,3251,913,336,577,2338,1986,352
2021,Hinckley and Bosworth 010,E02005386,4730,1174,342,832,3556,3116,440
2021,Hinckley and Bosworth 011,E02005387,5221,1336,381,955,3885,3353,532
2021,Hinckley and Bosworth 012,E02005388,3133,836,250,586,2297,1990,307
2021,Hinckley and Bosworth 013,E02005389,2718,791,269,522,1927,1651,276
2021,Hinckley and Bosworth 014,E02005390,5349,1477,471,1006,3872,3262,610
2021,Melton 001,E02005391,4696,1474,583,891,3222,2464,758
2021,Melton 002,E02005392,4669,1395,467,928,3274,2713,561
2021,Melton 003,E02005393,3779,1120,385,735,2659,2096,563
2021,Melton 004,E02005394,4612,1361,444,917,3251,2781,470
2021,Melton 005,E02005395,4296,1326,445,881,2970,2487,483
2021,Melton 006,E02005396,3413,1048,426,622,2365,1747,618
2021,North West Leicestershire 001,E02005397,4742,1183,434,749,3559,2988,571
2021,North West Leicestershire 002,E02005398,3128,884,349,535,2244,1848,396
2021,North West Leicestershire 003,E02005399,4219,1093,416,677,3126,2588,538
2021,North West Leicestershire 004,E02005400,2664,758,268,490,1906,1602,304
2021,North West Leicestershire 005,E02005401,3202,948,391,557,2254,1775,479
2021,North West Leicestershire 006,E02005402,3122,909,307,602,2213,1822,391
2021,North West Leicestershire 007,E02005403,3253,865,249,616,2388,2046,342
2021,North West Leicestershire 008,E02005404,4372,1211,407,804,3161,2608,553
2021,North West Leicestershire 009,E02005405,3023,858,277,581,2165,1821,344
2021,North West Leicestershire 010,E02005406,4093,1077,317,760,3016,2603,413
2021,North West Leicestershire 011,E02005407,6079,1475,485,990,4604,3929,675
2021,North West Leicestershire 012,E02005408,3958,1072,363,709,2886,2338,548
2021,North West Leicestershire 013,E02005409,6102,1596,493,1103,4506,3798,708
2021,Oadby and Wigston 003,E02005412,3658,1146,361,785,2512,2166,346
2021,Oadby and Wigston 005,E02005414,3646,1063,345,718,2583,2276,307
2021,Oadby and Wigston 006,E02005415,3824,1122,323,799,2702,2392,310
2021,Oadby and Wigston 007,E02005416,4238,1266,395,871,2972,2629,343
2021,Boston 001,E02005417,3166,1056,361,695,2110,1593,517
2021,Boston 002,E02005418,5366,1290,346,944,4076,3499,577
2021,Boston 003,E02005419,4724,1164,355,809,3560,3024,536
2021,Boston 004,E02005420,4229,1191,303,888,3038,2552,486
2021,Boston 006,E02005422,3020,909,298,611,2111,1620,491
2021,Boston 007,E02005423,4748,1397,430,967,3351,2653,698
2021,East Lindsey 001,E02005424,4421,1456,535,921,2965,2307,658
2021,East Lindsey 002,E02005425,2758,970,336,634,1788,1355,433
2021,East Lindsey 003,E02005426,4283,1367,403,964,2916,2425,491
2021,East Lindsey 004,E02005427,3008,990,346,644,2018,1635,383
2021,East Lindsey 005,E02005428,2524,1065,367,698,1459,1141,318
2021,East Lindsey 006,E02005429,1489,605,183,422,884,695,189
2021,East Lindsey 007,E02005430,3014,975,333,642,2039,1550,489
2021,East Lindsey 008,E02005431,3365,1191,402,789,2174,1610,564
2021,East Lindsey 009,E02005432,3426,1245,475,770,2181,1588,593
2021,East Lindsey 010,E02005433,2074,854,296,558,1220,946,274
2021,East Lindsey 011,E02005434,3273,1098,367,731,2175,1789,386
2021,East Lindsey 012,E02005435,2917,1071,334,737,1846,1522,324
2021,East Lindsey 013,E02005436,3221,1164,385,779,2057,1621,436
2021,East Lindsey 014,E02005437,2447,924,322,602,1523,1243,280
2021,East Lindsey 015,E02005438,2356,897,256,641,1459,1209,250
2021,East Lindsey 016,E02005439,5304,1473,537,936,3831,3124,707
2021,East Lindsey 017,E02005440,2057,777,273,504,1280,967,313
2021,East Lindsey 018,E02005441,3641,1193,426,767,2448,1829,619
2021,Lincoln 001,E02005442,2748,928,273,655,1820,1604,216
2021,Lincoln 002,E02005443,3540,1035,294,741,2505,2157,348
2021,Lincoln 003,E02005444,6479,2072,829,1243,4407,3758,649
2021,Lincoln 004,E02005445,5746,1721,604,1117,4025,3514,511
2021,Lincoln 005,E02005446,3525,1602,933,669,1923,1694,229
2021,Lincoln 006,E02005447,4265,1337,554,783,2928,2543,385
2021,Lincoln 007,E02005448,3270,990,318,672,2280,1966,314
2021,Lincoln 008,E02005449,4089,1338,565,773,2751,2438,313
2021,Lincoln 009,E02005450,4085,1206,382,824,2879,2446,433
2021,Lincoln 010,E02005451,3548,1114,337,777,2434,2130,304
2021,Lincoln 011,E02005452,5421,1664,503,1161,3757,3228,529
2021,North Kesteven 001,E02005453,5105,1505,497,1008,3600,3024,576
2021,North Kesteven 003,E02005455,7407,2104,730,1374,5303,4241,1062
2021,North Kesteven 004,E02005456,5493,1372,428,944,4121,3584,537
2021,North Kesteven 005,E02005457,4093,1227,398,829,2866,2364,502
2021,North Kesteven 006,E02005458,3078,947,370,577,2131,1665,466
2021,North Kesteven 007,E02005459,3689,1109,400,709,2580,2011,569
2021,North Kesteven 008,E02005460,3488,767,271,496,2721,2208,513
2021,North Kesteven 009,E02005461,2798,848,322,526,1950,1541,409
2021,North Kesteven 010,E02005462,4556,1289,421,868,3267,2709,558
2021,North Kesteven 011,E02005463,5147,1359,430,929,3788,3185,603
2021,North Kesteven 012,E02005464,3756,1099,396,703,2657,2054,603
2021,South Holland 001,E02005465,3935,1216,409,807,2719,2058,661
2021,South Holland 002,E02005466,2958,862,299,563,2096,1631,465
2021,South Holland 003,E02005467,3548,965,293,672,2583,2078,505
2021,South Holland 004,E02005468,3450,1006,361,645,2444,1828,616
2021,South Holland 005,E02005469,3888,1039,326,713,2849,2266,583
2021,South Holland 006,E02005470,6987,1488,453,1035,5499,4530,969
2021,South Holland 007,E02005471,4468,1028,316,712,3440,2813,627
2021,South Holland 008,E02005472,4206,1187,377,810,3019,2351,668
2021,South Holland 009,E02005473,4996,1112,311,801,3884,3171,713
2021,South Holland 010,E02005474,3229,895,357,538,2334,1803,531
2021,South Holland 011,E02005475,3566,940,288,652,2626,2115,511
2021,South Kesteven 001,E02005476,3431,1105,427,678,2326,1807,519
2021,South Kesteven 002,E02005477,3905,1251,478,773,2654,2092,562
2021,South Kesteven 003,E02005478,4277,1325,426,899,2952,2459,493
2021,South Kesteven 004,E02005479,4940,1297,431,866,3643,3072,571
2021,South Kesteven 005,E02005480,3188,987,285,702,2201,1911,290
2021,South Kesteven 006,E02005481,6296,1631,540,1091,4665,3997,668
2021,South Kesteven 007,E02005482,4786,1419,485,934,3367,2707,660
2021,South Kesteven 008,E02005483,3732,1119,418,701,2613,2077,536
2021,South Kesteven 009,E02005484,3450,974,353,621,2476,1938,538
2021,South Kesteven 010,E02005485,4153,1109,394,715,3044,2557,487
2021,South Kesteven 011,E02005486,4561,1293,433,860,3268,2689,579
2021,South Kesteven 012,E02005487,4554,1422,522,900,3132,2405,727
2021,South Kesteven 013,E02005488,3242,945,345,600,2297,1930,367
2021,South Kesteven 014,E02005489,3625,1018,329,689,2607,2199,408
2021,South Kesteven 015,E02005490,4461,1302,423,879,3159,2614,545
2021,South Kesteven 016,E02005491,5590,1588,541,1047,4002,3205,797
2021,West Lindsey 001,E02005492,4353,1354,519,835,2999,2285,714
2021,West Lindsey 002,E02005493,4715,1420,493,927,3295,2742,553
2021,West Lindsey 003,E02005494,4153,1326,505,821,2827,2195,632
2021,West Lindsey 004,E02005495,4311,1358,417,941,2953,2540,413
2021,West Lindsey 005,E02005496,2967,884,343,541,2083,1610,473
2021,West Lindsey 006,E02005497,2810,869,223,646,1941,1656,285
2021,West Lindsey 007,E02005498,3140,1005,363,642,2135,1694,441
2021,West Lindsey 008,E02005499,3978,1250,429,821,2728,2200,528
2021,West Lindsey 009,E02005500,3570,1046,344,702,2524,2054,470
2021,West Lindsey 010,E02005501,3700,1122,416,706,2578,2095,483
2021,West Lindsey 011,E02005502,4444,1363,453,910,3081,2540,541
2021,Breckland 001,E02005503,3443,1182,446,736,2261,1732,529
2021,Breckland 002,E02005504,4048,1406,539,867,2642,2024,618
2021,Breckland 003,E02005505,3385,1158,333,825,2227,1827,400
2021,Breckland 004,E02005506,3224,1116,388,728,2108,1678,430
2021,Breckland 005,E02005507,5327,1638,501,1137,3689,3082,607
2021,Breckland 006,E02005508,3424,1177,449,728,2247,1730,517
2021,Breckland 007,E02005509,3330,1084,360,724,2246,1841,405
2021,Breckland 008,E02005510,3167,1086,408,678,2081,1626,455
2021,Breckland 009,E02005511,4019,975,352,623,3044,2465,579
2021,Breckland 010,E02005512,4696,1456,577,879,3240,2491,749
2021,Breckland 011,E02005513,5233,1496,530,966,3737,3080,657
2021,Breckland 012,E02005514,3137,963,382,581,2174,1712,462
2021,Breckland 013,E02005515,3143,973,388,585,2170,1699,471
2021,Breckland 014,E02005516,3336,1068,435,633,2268,1740,528
2021,Breckland 015,E02005517,2829,709,207,502,2120,1848,272
2021,Breckland 016,E02005518,5846,1384,461,923,4462,3822,640
2021,Breckland 017,E02005519,4052,1108,363,745,2944,2515,429
2021,Broadland 001,E02005520,3797,1387,503,884,2410,1971,439
2021,Broadland 002,E02005521,4156,1458,523,935,2698,2124,574
2021,Broadland 003,E02005522,2667,897,336,561,1770,1455,315
2021,Broadland 004,E02005523,4363,1385,474,911,2978,2471,507
2021,Broadland 005,E02005524,2556,868,297,571,1688,1421,267
2021,Broadland 006,E02005525,4897,1618,542,1076,3279,2733,546
2021,Broadland 007,E02005526,2575,887,305,582,1688,1436,252
2021,Broadland 008,E02005527,4330,1398,499,899,2932,2443,489
2021,Broadland 009,E02005528,4178,1368,447,921,2810,2423,387
2021,Broadland 010,E02005529,2483,866,272,594,1617,1390,227
2021,Broadland 011,E02005530,2654,850,283,567,1804,1560,244
2021,Broadland 012,E02005531,2538,855,261,594,1683,1453,230
2021,Broadland 013,E02005532,4672,1366,411,955,3306,2848,458
2021,Broadland 014,E02005533,4088,1399,499,900,2689,2194,495
2021,Broadland 015,E02005534,3448,1152,384,768,2296,1972,324
2021,Broadland 016,E02005535,3644,1109,390,719,2535,2154,381
2021,Broadland 017,E02005536,2880,982,354,628,1898,1563,335
2021,Broadland 018,E02005537,2660,943,338,605,1717,1405,312
2021,Great Yarmouth 001,E02005538,3972,1449,528,921,2523,2041,482
2021,Great Yarmouth 002,E02005539,3513,1233,436,797,2280,1816,464
2021,Great Yarmouth 003,E02005540,3481,1251,416,835,2230,1866,364
2021,Great Yarmouth 004,E02005541,2291,824,262,562,1467,1258,209
2021,Great Yarmouth 005,E02005542,2894,940,306,634,1954,1695,259
2021,Great Yarmouth 006,E02005543,3444,1169,417,752,2275,1907,368
2021,Great Yarmouth 007,E02005544,2988,1014,312,702,1974,1695,279
2021,Great Yarmouth 008,E02005545,2906,980,295,685,1926,1602,324
2021,Great Yarmouth 009,E02005546,3163,1160,373,787,2003,1713,290
2021,Great Yarmouth 010,E02005547,3710,1259,452,807,2451,2053,398
2021,Great Yarmouth 011,E02005548,2908,1001,317,684,1907,1661,246
2021,Great Yarmouth 012,E02005549,2424,868,312,556,1556,1238,318
2021,Great Yarmouth 013,E02005550,3446,1142,377,765,2304,1876,428
2021,King's Lynn and West Norfolk 001,E02005551,1726,665,267,398,1061,843,218
2021,King's Lynn and West Norfolk 002,E02005552,2680,1024,408,616,1656,1257,399
2021,King's Lynn and West Norfolk 003,E02005553,3182,1213,459,754,1969,1551,418
2021,King's Lynn and West Norfolk 004,E02005554,2766,994,358,636,1772,1437,335
2021,King's Lynn and West Norfolk 005,E02005555,3110,998,326,672,2112,1754,358
2021,King's Lynn and West Norfolk 006,E02005556,3939,1192,328,864,2747,2391,356
2021,King's Lynn and West Norfolk 007,E02005557,3120,950,274,676,2170,1907,263
2021,King's Lynn and West Norfolk 008,E02005558,3307,1124,385,739,2183,1745,438
2021,King's Lynn and West Norfolk 009,E02005559,3494,1035,295,740,2459,2106,353
2021,King's Lynn and West Norfolk 010,E02005560,4500,1233,337,896,3267,2864,403
2021,King's Lynn and West Norfolk 011,E02005561,5310,1451,466,985,3859,3327,532
2021,King's Lynn and West Norfolk 012,E02005562,3334,1117,389,728,2217,1768,449
2021,King's Lynn and West Norfolk 013,E02005563,3741,1199,423,776,2542,1965,577
2021,King's Lynn and West Norfolk 014,E02005564,4684,1275,437,838,3409,2715,694
2021,King's Lynn and West Norfolk 015,E02005565,3514,1083,378,705,2431,1972,459
2021,King's Lynn and West Norfolk 016,E02005566,4716,1397,533,864,3319,2551,768
2021,King's Lynn and West Norfolk 017,E02005567,4731,1325,427,898,3406,2791,615
2021,King's Lynn and West Norfolk 018,E02005568,3436,1148,405,743,2288,1766,522
2021,King's Lynn and West Norfolk 019,E02005569,3937,1101,395,706,2836,2188,648
2021,North Norfolk 001,E02005570,2539,1058,393,665,1481,1228,253
2021,North Norfolk 002,E02005571,2309,934,386,548,1375,1048,327
2021,North Norfolk 003,E02005572,2785,1080,411,669,1705,1464,241
2021,North Norfolk 004,E02005573,1864,750,313,437,1114,883,231
2021,North Norfolk 005,E02005574,2765,1084,418,666,1681,1312,369
2021,North Norfolk 006,E02005575,2986,1230,493,737,1756,1370,386
2021,North Norfolk 007,E02005576,2401,913,354,559,1488,1176,312
2021,North Norfolk 008,E02005577,2640,989,409,580,1651,1285,366
2021,North Norfolk 009,E02005578,2773,953,369,584,1820,1446,374
2021,North Norfolk 011,E02005580,3479,1167,386,781,2312,1925,387
2021,North Norfolk 012,E02005581,3400,1218,487,731,2182,1707,475
2021,North Norfolk 013,E02005582,2932,1115,439,676,1817,1463,354
2021,North Norfolk 014,E02005583,3304,1289,505,784,2015,1603,412
2021,Norwich 001,E02005584,5381,1655,506,1149,3726,3252,474
2021,Norwich 002,E02005585,5162,1687,504,1183,3475,3073,402
2021,Norwich 003,E02005586,5930,1703,530,1173,4227,3721,506
2021,Norwich 004,E02005587,4314,1495,448,1047,2819,2502,317
2021,Norwich 005,E02005588,5266,1925,755,1170,3341,2918,423
2021,Norwich 006,E02005589,5119,1809,675,1134,3310,2944,366
2021,Norwich 009,E02005592,4928,1709,661,1048,3219,2732,487
2021,Norwich 010,E02005593,3036,1539,792,747,1497,1299,198
2021,Norwich 011,E02005594,5443,1712,659,1053,3731,3242,489
2021,Norwich 012,E02005595,3886,1361,522,839,2525,2067,458
2021,Norwich 013,E02005596,4470,1562,471,1091,2908,2558,350
2021,South Norfolk 002,E02005598,4796,1470,490,980,3326,2675,651
2021,South Norfolk 003,E02005599,3396,1009,310,699,2387,2020,367
2021,South Norfolk 004,E02005600,2695,930,369,561,1765,1329,436
2021,South Norfolk 005,E02005601,2394,785,277,508,1609,1322,287
2021,South Norfolk 006,E02005602,6129,2021,700,1321,4108,3358,750
2021,South Norfolk 007,E02005603,6556,2024,681,1343,4532,3807,725
2021,South Norfolk 008,E02005604,3957,1338,485,853,2619,2106,513
2021,South Norfolk 009,E02005605,5136,1708,609,1099,3428,2767,661
2021,South Norfolk 010,E02005606,2852,962,349,613,1890,1485,405
2021,South Norfolk 011,E02005607,5646,1864,622,1242,3782,3053,729
2021,South Norfolk 012,E02005608,3491,1218,459,759,2273,1802,471
2021,South Norfolk 013,E02005609,3332,1052,400,652,2280,1801,479
2021,South Norfolk 014,E02005610,3828,1310,489,821,2518,1925,593
2021,South Norfolk 015,E02005611,5219,1606,572,1034,3613,2948,665
2021,North Northamptonshire 002,E02005612,3687,959,335,624,2728,2326,402
2021,North Northamptonshire 003,E02005613,4741,1159,327,832,3582,3183,399
2021,North Northamptonshire 006,E02005614,7579,1613,483,1130,5966,5028,938
2021,North Northamptonshire 004,E02005615,4563,1112,319,793,3451,3067,384
2021,North Northamptonshire 005,E02005616,2898,722,203,519,2176,1912,264
2021,North Northamptonshire 007,E02005617,5292,1272,354,918,4020,3570,450
2021,West Northamptonshire 001,E02005619,3269,982,382,600,2287,1730,557
2021,West Northamptonshire 002,E02005620,4433,1222,460,762,3211,2593,618
2021,West Northamptonshire 004,E02005621,3889,1204,449,755,2685,2133,552
2021,West Northamptonshire 005,E02005622,5029,1476,541,935,3553,2829,724
2021,West Northamptonshire 003,E02005623,5902,1659,594,1065,4243,3431,812
2021,West Northamptonshire 010,E02005624,6344,1441,526,915,4903,4261,642
2021,West Northamptonshire 016,E02005625,4534,1096,376,720,3438,2961,477
2021,West Northamptonshire 022,E02005626,3526,836,302,534,2690,2345,345
2021,West Northamptonshire 027,E02005627,3789,984,360,624,2805,2251,554
2021,West Northamptonshire 042,E02005628,4375,1176,460,716,3199,2567,632
2021,North Northamptonshire 001,E02005629,3018,888,352,536,2130,1657,473
2021,North Northamptonshire 010,E02005630,4651,1308,553,755,3343,2588,755
2021,North Northamptonshire 011,E02005631,5844,1531,572,959,4313,3418,895
2021,North Northamptonshire 024,E02005632,3137,898,327,571,2239,1793,446
2021,North Northamptonshire 025,E02005633,4980,1278,421,857,3702,3112,590
2021,North Northamptonshire 027,E02005634,4688,1201,374,827,3487,2941,546
2021,North Northamptonshire 035,E02005635,4845,1280,426,854,3565,2953,612
2021,North Northamptonshire 034,E02005636,6090,1653,520,1133,4437,3727,710
2021,North Northamptonshire 037,E02005637,4632,1203,377,826,3429,2937,492
2021,North Northamptonshire 039,E02005638,4985,1298,407,891,3687,3086,601
2021,North Northamptonshire 012,E02005639,2752,852,327,525,1900,1439,461
2021,North Northamptonshire 013,E02005640,5892,1639,539,1100,4253,3614,639
2021,North Northamptonshire 014,E02005641,4163,1190,369,821,2973,2538,435
2021,North Northamptonshire 015,E02005642,4329,1193,374,819,3136,2666,470
2021,North Northamptonshire 016,E02005643,3812,1065,311,754,2747,2401,346
2021,North Northamptonshire 017,E02005644,4970,1137,341,796,3833,3410,423
2021,North Northamptonshire 018,E02005645,6345,1593,525,1068,4752,4057,695
2021,North Northamptonshire 019,E02005646,3078,905,280,625,2173,1843,330
2021,North Northamptonshire 022,E02005647,3550,1003,325,678,2547,2194,353
2021,North Northamptonshire 021,E02005648,4930,1288,423,865,3642,3059,583
2021,West Northamptonshire 006,E02005650,3401,959,309,650,2442,2137,305
2021,West Northamptonshire 007,E02005651,3141,828,248,580,2313,2001,312
2021,West Northamptonshire 008,E02005652,3204,904,294,610,2300,2014,286
2021,West Northamptonshire 011,E02005653,4352,1168,345,823,3184,2822,362
2021,West Northamptonshire 009,E02005654,4177,1039,313,726,3138,2774,364
2021,West Northamptonshire 012,E02005655,2910,804,241,563,2106,1828,278
2021,West Northamptonshire 014,E02005656,2908,838,280,558,2070,1827,243
2021,West Northamptonshire 013,E02005657,3309,912,304,608,2397,2060,337
2021,West Northamptonshire 015,E02005658,3383,899,273,626,2484,2194,290
2021,West Northamptonshire 018,E02005659,2853,749,246,503,2104,1854,250
2021,West Northamptonshire 026,E02005660,3019,811,273,538,2208,1908,300
2021,West Northamptonshire 017,E02005661,3306,926,298,628,2380,2084,296
2021,West Northamptonshire 019,E02005662,3606,935,311,624,2671,2298,373
2021,West Northamptonshire 023,E02005663,2934,744,220,524,2190,1892,298
2021,West Northamptonshire 025,E02005664,3259,797,253,544,2462,2137,325
2021,West Northamptonshire 024,E02005665,4461,1199,395,804,3262,2793,469
2021,West Northamptonshire 021,E02005666,4060,1176,351,825,2884,2581,303
2021,West Northamptonshire 020,E02005667,3079,784,239,545,2295,1964,331
2021,West Northamptonshire 028,E02005668,3140,872,308,564,2268,1965,303
2021,West Northamptonshire 029,E02005669,2952,862,329,533,2090,1679,411
2021,West Northamptonshire 032,E02005670,4976,1195,385,810,3781,3380,401
2021,West Northamptonshire 030,E02005671,4484,1083,365,718,3401,3016,385
2021,West Northamptonshire 031,E02005672,4910,1144,410,734,3766,3343,423
2021,West Northamptonshire 033,E02005673,4112,936,305,631,3176,2773,403
2021,West Northamptonshire 034,E02005674,4758,1129,434,695,3629,3202,427
2021,West Northamptonshire 036,E02005675,3170,800,243,557,2370,2053,317
2021,West Northamptonshire 038,E02005676,3186,887,265,622,2299,2024,275
2021,West Northamptonshire 037,E02005677,5072,1362,496,866,3710,3177,533
2021,West Northamptonshire 041,E02005679,5163,1307,439,868,3856,3287,569
2021,West Northamptonshire 044,E02005680,4642,1245,438,807,3397,2815,582
2021,West Northamptonshire 040,E02005681,4131,1242,437,805,2889,2331,558
2021,West Northamptonshire 043,E02005682,3802,1090,404,686,2712,2196,516
2021,West Northamptonshire 046,E02005683,7891,1995,698,1297,5896,4941,955
2021,West Northamptonshire 045,E02005684,4384,1266,461,805,3118,2482,636
2021,West Northamptonshire 047,E02005685,5437,1333,442,891,4104,3448,656
2021,West Northamptonshire 048,E02005686,4065,1257,457,800,2808,2200,608
2021,West Northamptonshire 049,E02005687,3580,1017,396,621,2563,1967,596
2021,West Northamptonshire 050,E02005688,5013,1319,483,836,3694,3068,626
2021,West Northamptonshire 051,E02005689,6121,1594,525,1069,4527,3744,783
2021,West Northamptonshire 053,E02005690,2935,758,276,482,2177,1794,383
2021,West Northamptonshire 052,E02005691,3484,982,342,640,2502,2009,493
2021,North Northamptonshire 026,E02005692,3411,995,361,634,2416,1976,440
2021,North Northamptonshire 028,E02005693,4116,1140,372,768,2976,2579,397
2021,North Northamptonshire 029,E02005694,3921,1018,329,689,2903,2451,452
2021,North Northamptonshire 030,E02005695,5608,1229,398,831,4379,3826,553
2021,North Northamptonshire 031,E02005696,2899,754,223,531,2145,1889,256
2021,North Northamptonshire 032,E02005697,3473,878,284,594,2595,2248,347
2021,North Northamptonshire 033,E02005698,2679,724,239,485,1955,1704,251
2021,North Northamptonshire 036,E02005699,4147,1092,326,766,3055,2626,429
2021,North Northamptonshire 038,E02005700,5046,1437,534,903,3609,3002,607
2021,North Northamptonshire 040,E02005701,5496,1497,502,995,3999,3324,675
2021,Northumberland 004,E02005702,2963,1012,357,655,1951,1527,424
2021,Northumberland 005,E02005703,2935,1043,314,729,1892,1590,302
2021,Northumberland 006,E02005704,5466,1974,685,1289,3492,2898,594
2021,Northumberland 007,E02005705,3268,1115,434,681,2153,1605,548
2021,Northumberland 001,E02005706,3918,1499,452,1047,2419,2073,346
2021,Northumberland 002,E02005707,3057,1087,391,696,1970,1547,423
2021,Northumberland 003,E02005708,4274,1548,635,913,2726,1995,731
2021,Northumberland 022,E02005709,2451,818,223,595,1633,1467,166
2021,Northumberland 023,E02005710,4128,1126,328,798,3002,2643,359
2021,Northumberland 024,E02005711,3062,983,264,719,2079,1851,228
2021,Northumberland 025,E02005712,4611,1174,320,854,3437,2969,468
2021,Northumberland 026,E02005713,3010,842,214,628,2168,1908,260
2021,Northumberland 029,E02005715,3951,1160,348,812,2791,2466,325
2021,Northumberland 030,E02005717,3212,1001,298,703,2211,1903,308
2021,Northumberland 031,E02005718,2678,766,241,525,1912,1694,218
2021,Northumberland 032,E02005719,3802,1023,294,729,2779,2448,331
2021,Northumberland 008,E02005720,4878,1555,492,1063,3323,2794,529
2021,Northumberland 011,E02005721,2471,795,256,539,1676,1403,273
2021,Northumberland 015,E02005722,4755,1400,520,880,3355,2547,808
2021,Northumberland 016,E02005723,2425,801,291,510,1624,1405,219
2021,Northumberland 018,E02005724,2765,767,251,516,1998,1685,313
2021,Northumberland 033,E02005725,2973,977,356,621,1996,1560,436
2021,Northumberland 034,E02005726,3538,1097,385,712,2441,1853,588
2021,Northumberland 019,E02005727,2938,1000,369,631,1938,1319,619
2021,Northumberland 037,E02005728,2978,993,343,650,1985,1446,539
2021,Northumberland 036,E02005729,2558,781,296,485,1777,1430,347
2021,Northumberland 035,E02005730,5429,1942,649,1293,3487,2808,679
2021,Northumberland 038,E02005731,5019,1510,463,1047,3509,3012,497
2021,Northumberland 040,E02005733,3884,1341,483,858,2543,1839,704
2021,Northumberland 009,E02005734,2213,717,195,522,1496,1295,201
2021,Northumberland 010,E02005735,2736,922,238,684,1814,1623,191
2021,Northumberland 013,E02005736,3644,1054,285,769,2590,2304,286
2021,Northumberland 017,E02005739,3887,1201,355,846,2686,2338,348
2021,Northumberland 020,E02005740,4295,1290,370,920,3005,2631,374
2021,Northumberland 021,E02005741,3938,1118,310,808,2820,2462,358
2021,Craven 001,E02005742,3590,1302,559,743,2288,1662,626
2021,Craven 003,E02005744,3607,1186,459,727,2421,1766,655
2021,Craven 005,E02005746,3242,1019,336,683,2223,1877,346
2021,Craven 006,E02005747,3392,1045,375,670,2347,2048,299
2021,Craven 007,E02005748,3862,1189,416,773,2673,2091,582
2021,Craven 008,E02005749,4733,1489,537,952,3244,2663,581
2021,Hambleton 001,E02005750,3285,1097,409,688,2188,1716,472
2021,Hambleton 002,E02005751,3700,1224,456,768,2476,1849,627
2021,Hambleton 003,E02005752,3612,1111,394,717,2501,1848,653
2021,Hambleton 005,E02005754,3491,1067,368,699,2424,1918,506
2021,Hambleton 006,E02005755,3265,1008,321,687,2257,1795,462
2021,Hambleton 007,E02005756,3374,920,325,595,2454,1854,600
2021,Hambleton 008,E02005757,4297,1303,440,863,2994,2419,575
2021,Hambleton 009,E02005758,4655,1390,470,920,3265,2538,727
2021,Hambleton 010,E02005759,4277,1401,510,891,2876,2169,707
2021,Hambleton 011,E02005760,3235,1030,390,640,2205,1658,547
2021,Harrogate 001,E02005761,2687,931,384,547,1756,1239,517
2021,Harrogate 002,E02005762,3080,913,327,586,2167,1743,424
2021,Harrogate 003,E02005763,3184,956,336,620,2228,1649,579
2021,Harrogate 004,E02005764,4905,1528,451,1077,3377,2839,538
2021,Harrogate 005,E02005765,3627,1101,369,732,2526,1958,568
2021,Harrogate 006,E02005766,2910,951,405,546,1959,1404,555
2021,Harrogate 007,E02005767,3401,1106,407,699,2295,1813,482
2021,Harrogate 008,E02005768,3693,1081,418,663,2612,2048,564
2021,Harrogate 009,E02005769,3321,1081,382,699,2240,1944,296
2021,Harrogate 010,E02005770,4668,1414,453,961,3254,2846,408
2021,Harrogate 011,E02005771,3978,1206,400,806,2772,2421,351
2021,Harrogate 012,E02005772,2718,920,349,571,1798,1459,339
2021,Harrogate 013,E02005773,4646,1303,428,875,3343,2913,430
2021,Harrogate 014,E02005774,4899,1430,433,997,3469,3030,439
2021,Harrogate 015,E02005775,5081,1343,493,850,3738,3093,645
2021,Harrogate 016,E02005776,4430,1306,514,792,3124,2335,789
2021,Harrogate 017,E02005777,3963,1244,437,807,2719,2265,454
2021,Harrogate 018,E02005778,3084,990,437,553,2094,1476,618
2021,Harrogate 019,E02005779,3615,1052,433,619,2563,2006,557
2021,Harrogate 020,E02005780,4961,1587,644,943,3374,2708,666
2021,Harrogate 021,E02005781,2836,930,349,581,1906,1435,471
2021,Richmondshire 001,E02005782,3630,1080,438,642,2550,1857,693
2021,Richmondshire 002,E02005783,3656,1216,437,779,2440,1973,467
2021,Richmondshire 003,E02005784,2924,812,249,563,2112,1689,423
2021,Richmondshire 004,E02005785,7661,1892,585,1307,5769,4350,1419
2021,Richmondshire 005,E02005786,2841,998,449,549,1843,1204,639
2021,Richmondshire 006,E02005787,3966,1279,501,778,2687,1929,758
2021,Ryedale 001,E02005788,2964,1048,401,647,1916,1421,495
2021,Ryedale 002,E02005789,4593,1630,590,1040,2963,2318,645
2021,Ryedale 003,E02005790,3137,1047,443,604,2090,1482,608
2021,Ryedale 004,E02005791,3373,1081,373,708,2292,1704,588
2021,Ryedale 007,E02005794,4653,1512,612,900,3141,2342,799
2021,Scarborough 001,E02005795,2940,1127,398,729,1813,1448,365
2021,Scarborough 002,E02005796,2905,1046,373,673,1859,1302,557
2021,Scarborough 003,E02005797,2751,1112,349,763,1639,1270,369
2021,Scarborough 004,E02005798,3571,1388,589,799,2183,1598,585
2021,Scarborough 005,E02005799,3899,1394,444,950,2505,2145,360
2021,Scarborough 006,E02005800,3208,1173,410,763,2035,1701,334
2021,Scarborough 007,E02005801,2127,820,245,575,1307,1132,175
2021,Scarborough 008,E02005802,3764,1354,420,934,2410,2157,253
2021,Scarborough 009,E02005803,4025,1406,448,958,2619,2309,310
2021,Scarborough 010,E02005804,3305,1104,377,727,2201,1873,328
2021,Scarborough 011,E02005805,3425,1146,362,784,2279,1923,356
2021,Scarborough 012,E02005806,3429,1159,323,836,2270,1950,320
2021,Scarborough 013,E02005807,2910,1010,328,682,1900,1544,356
2021,Scarborough 014,E02005808,4292,1583,557,1026,2709,2185,524
2021,Selby 001,E02005809,3652,1088,354,734,2564,2151,413
2021,Selby 002,E02005810,4814,1384,495,889,3430,2712,718
2021,Selby 003,E02005811,4970,1440,471,969,3530,2966,564
2021,Selby 004,E02005812,5999,1509,470,1039,4490,3766,724
2021,Selby 005,E02005813,6812,1764,519,1245,5048,4293,755
2021,Selby 006,E02005814,3236,938,324,614,2298,1924,374
2021,Selby 007,E02005815,4220,1260,394,866,2960,2459,501
2021,Selby 008,E02005816,4457,1161,402,759,3296,2660,636
2021,Selby 009,E02005817,3522,1025,375,650,2497,2053,444
2021,Selby 010,E02005818,4442,1175,388,787,3267,2582,685
2021,Ashfield 001,E02005819,2664,752,231,521,1912,1637,275
2021,Ashfield 002,E02005820,2599,734,205,529,1865,1625,240
2021,Ashfield 003,E02005821,2999,764,247,517,2235,1948,287
2021,Ashfield 004,E02005822,4876,1348,361,987,3528,3113,415
2021,Ashfield 005,E02005823,2979,833,238,595,2146,1890,256
2021,Ashfield 006,E02005824,4796,1290,361,929,3506,3008,498
2021,Ashfield 007,E02005825,3342,979,308,671,2363,2047,316
2021,Ashfield 008,E02005826,2544,708,205,503,1836,1636,200
2021,Ashfield 009,E02005827,4810,1302,398,904,3508,3019,489
2021,Ashfield 010,E02005828,3617,984,313,671,2633,2263,370
2021,Ashfield 011,E02005829,2975,839,256,583,2136,1802,334
2021,Ashfield 012,E02005830,2754,842,266,576,1912,1635,277
2021,Ashfield 013,E02005831,5316,1433,404,1029,3883,3388,495
2021,Ashfield 014,E02005832,4513,1256,343,913,3257,2887,370
2021,Ashfield 015,E02005833,3658,1078,328,750,2580,2277,303
2021,Ashfield 016,E02005834,3992,1097,322,775,2895,2550,345
2021,Bassetlaw 001,E02005835,5146,1425,439,986,3721,3102,619
2021,Bassetlaw 002,E02005836,4294,1347,495,852,2947,2330,617
2021,Bassetlaw 003,E02005837,3281,992,364,628,2289,1733,556
2021,Bassetlaw 004,E02005838,3612,1150,343,807,2462,2067,395
2021,Bassetlaw 005,E02005839,2821,892,257,635,1929,1625,304
2021,Bassetlaw 006,E02005840,5234,1495,453,1042,3739,3172,567
2021,Bassetlaw 008,E02005842,3828,1169,360,809,2659,2224,435
2021,Bassetlaw 009,E02005843,3601,994,281,713,2607,2252,355
2021,Bassetlaw 010,E02005844,4246,1198,369,829,3048,2585,463
2021,Bassetlaw 012,E02005846,3009,892,227,665,2117,1887,230
2021,Bassetlaw 013,E02005847,3365,987,298,689,2378,2059,319
2021,Bassetlaw 014,E02005848,2963,897,273,624,2066,1716,350
2021,Bassetlaw 015,E02005849,4398,1396,537,859,3002,2246,756
2021,Broxtowe 001,E02005850,3077,961,312,649,2116,1804,312
2021,Broxtowe 002,E02005851,2583,773,247,526,1810,1592,218
2021,Broxtowe 003,E02005852,3877,1130,353,777,2747,2381,366
2021,Broxtowe 004,E02005853,4350,1335,389,946,3015,2618,397
2021,Broxtowe 007,E02005856,3228,953,338,615,2275,1912,363
2021,Broxtowe 008,E02005857,2879,817,260,557,2062,1807,255
2021,Broxtowe 009,E02005858,3490,1070,400,670,2420,2084,336
2021,Broxtowe 010,E02005859,4462,1376,408,968,3086,2720,366
2021,Broxtowe 011,E02005860,4136,1163,452,711,2973,2596,377
2021,Broxtowe 012,E02005861,2857,760,231,529,2097,1876,221
2021,Broxtowe 013,E02005862,3380,1003,326,677,2377,2093,284
2021,Broxtowe 014,E02005863,3456,1084,336,748,2372,2075,297
2021,Broxtowe 015,E02005864,4157,1136,348,788,3021,2622,399
2021,Gedling 001,E02005865,3963,1182,424,758,2781,2278,503
2021,Gedling 002,E02005866,4272,1348,433,915,2924,2480,444
2021,Gedling 004,E02005868,3453,1027,304,723,2426,2119,307
2021,Gedling 005,E02005869,2589,832,233,599,1757,1556,201
2021,Gedling 006,E02005870,3173,968,274,694,2205,1935,270
2021,Gedling 007,E02005871,3316,1014,295,719,2302,2002,300
2021,Gedling 008,E02005872,3099,985,350,635,2114,1730,384
2021,Gedling 009,E02005873,4734,1439,471,968,3295,2840,455
2021,Gedling 010,E02005874,4272,1236,376,860,3036,2615,421
2021,Gedling 011,E02005875,4133,1142,304,838,2991,2600,391
2021,Gedling 012,E02005876,4280,1233,353,880,3047,2606,441
2021,Gedling 013,E02005877,3639,1092,361,731,2547,2253,294
2021,Gedling 014,E02005878,4583,1389,400,989,3194,2768,426
2021,Gedling 015,E02005879,3746,1065,313,752,2681,2362,319
2021,Mansfield 001,E02005880,2651,809,235,574,1842,1536,306
2021,Mansfield 002,E02005881,2792,877,281,596,1915,1620,295
2021,Mansfield 003,E02005882,3600,1151,397,754,2449,2036,413
2021,Mansfield 004,E02005883,3771,1079,281,798,2692,2317,375
2021,Mansfield 005,E02005884,2934,895,264,631,2039,1768,271
2021,Mansfield 006,E02005885,3996,1159,355,804,2837,2469,368
2021,Mansfield 007,E02005886,5511,1590,457,1133,3921,3405,516
2021,Mansfield 008,E02005887,4992,1204,337,867,3788,3329,459
2021,Mansfield 009,E02005888,3804,1058,287,771,2746,2386,360
2021,Mansfield 010,E02005889,4800,1416,418,998,3384,2934,450
2021,Mansfield 011,E02005890,3322,969,283,686,2353,2039,314
2021,Mansfield 012,E02005891,2476,769,221,548,1707,1469,238
2021,Mansfield 013,E02005892,6718,1797,544,1253,4921,4106,815
2021,Newark and Sherwood 001,E02005893,5225,1460,481,979,3765,3150,615
2021,Newark and Sherwood 002,E02005894,5589,1542,524,1018,4047,3345,702
2021,Newark and Sherwood 003,E02005895,3718,1124,432,692,2594,1974,620
2021,Newark and Sherwood 004,E02005896,3357,995,372,623,2362,1855,507
2021,Newark and Sherwood 005,E02005897,4339,1404,494,910,2935,2309,626
2021,Newark and Sherwood 006,E02005898,5368,1515,462,1053,3853,3283,570
2021,Newark and Sherwood 007,E02005899,5912,1463,454,1009,4449,3819,630
2021,Newark and Sherwood 008,E02005900,3027,1089,428,661,1938,1538,400
2021,Newark and Sherwood 009,E02005901,4733,1321,430,891,3412,2914,498
2021,Newark and Sherwood 010,E02005902,3404,1026,329,697,2378,2003,375
2021,Newark and Sherwood 011,E02005903,4962,1387,455,932,3575,3033,542
2021,Newark and Sherwood 012,E02005904,4605,1304,459,845,3301,2642,659
2021,Newark and Sherwood 013,E02005905,2874,986,418,568,1888,1462,426
2021,Rushcliffe 001,E02005906,3188,1031,375,656,2157,1682,475
2021,Rushcliffe 002,E02005907,4819,1396,469,927,3423,2931,492
2021,Rushcliffe 003,E02005908,4239,1233,442,791,3006,2491,515
2021,Rushcliffe 004,E02005909,4304,1227,424,803,3077,2558,519
2021,Rushcliffe 005,E02005910,4596,1228,500,728,3368,2835,533
2021,Rushcliffe 006,E02005911,4317,1278,451,827,3039,2478,561
2021,Rushcliffe 007,E02005912,4447,1179,384,795,3268,2815,453
2021,Rushcliffe 008,E02005913,4034,1149,378,771,2885,2384,501
2021,Rushcliffe 009,E02005914,4145,1188,355,833,2957,2553,404
2021,Rushcliffe 010,E02005915,2713,849,311,538,1864,1480,384
2021,Rushcliffe 011,E02005916,3840,1073,342,731,2767,2320,447
2021,Rushcliffe 012,E02005917,2574,831,334,497,1743,1332,411
2021,Rushcliffe 013,E02005918,2243,680,227,453,1563,1308,255
2021,Rushcliffe 014,E02005919,3294,992,380,612,2302,1916,386
2021,Rushcliffe 015,E02005920,4219,1188,426,762,3031,2443,588
2021,Cherwell 001,E02005921,3683,1031,367,664,2652,2124,528
2021,Cherwell 002,E02005922,4964,1225,366,859,3739,3254,485
2021,Cherwell 003,E02005923,3017,859,306,553,2158,1912,246
2021,Cherwell 004,E02005924,7314,1583,552,1031,5731,5088,643
2021,Cherwell 005,E02005925,4032,1201,376,825,2831,2490,341
2021,Cherwell 006,E02005926,4345,1212,429,783,3133,2625,508
2021,Cherwell 007,E02005927,3076,756,268,488,2320,2017,303
2021,Cherwell 008,E02005928,5522,1605,555,1050,3917,3183,734
2021,Cherwell 009,E02005929,3531,1109,444,665,2422,1842,580
2021,Cherwell 010,E02005930,4913,1370,489,881,3543,2806,737
2021,Cherwell 011,E02005931,6274,1607,581,1026,4667,3810,857
2021,Cherwell 012,E02005932,4027,976,333,643,3051,2641,410
2021,Cherwell 013,E02005933,4275,1096,339,757,3179,2798,381
2021,Cherwell 014,E02005934,4546,1240,380,860,3306,2889,417
2021,Cherwell 015,E02005935,5032,1161,396,765,3871,3384,487
2021,Cherwell 016,E02005936,6692,1783,633,1150,4909,3932,977
2021,Cherwell 017,E02005937,3227,949,341,608,2278,1960,318
2021,Cherwell 018,E02005938,2973,853,288,565,2120,1873,247
2021,Cherwell 019,E02005939,3528,1011,377,634,2517,2214,303
2021,Oxford 001,E02005940,2914,920,377,543,1994,1560,434
2021,Oxford 002,E02005941,3082,869,358,511,2213,1632,581
2021,Oxford 003,E02005942,2652,811,370,441,1841,1318,523
2021,Oxford 004,E02005943,3578,1007,371,636,2571,2188,383
2021,Oxford 005,E02005944,4130,1115,321,794,3015,2696,319
2021,Oxford 006,E02005945,5153,1334,578,756,3819,3126,693
2021,Oxford 007,E02005946,4581,1153,379,774,3428,2952,476
2021,Oxford 008,E02005947,4109,1727,1267,460,2382,1729,653
2021,Oxford 009,E02005948,3212,869,404,465,2343,1849,494
2021,Oxford 010,E02005949,3323,967,396,571,2356,2146,210
2021,Oxford 011,E02005950,4791,1526,804,722,3265,2741,524
2021,Oxford 012,E02005951,2982,846,344,502,2136,1804,332
2021,Oxford 014,E02005953,3235,930,369,561,2305,1949,356
2021,Oxford 015,E02005954,5497,1626,566,1060,3871,3447,424
2021,Oxford 016,E02005955,5501,1654,498,1156,3847,3420,427
2021,Oxford 017,E02005956,3122,975,276,699,2147,1977,170
2021,Oxford 018,E02005957,3327,938,280,658,2389,2193,196
2021,South Oxfordshire 001,E02005958,2864,831,292,539,2033,1732,301
2021,South Oxfordshire 002,E02005959,2978,885,324,561,2093,1703,390
2021,South Oxfordshire 003,E02005960,3784,1090,417,673,2694,2184,510
2021,South Oxfordshire 004,E02005961,3442,1021,378,643,2421,1945,476
2021,South Oxfordshire 005,E02005962,5244,1506,571,935,3738,3038,700
2021,South Oxfordshire 006,E02005963,4050,1204,409,795,2846,2362,484
2021,South Oxfordshire 007,E02005964,3689,1092,418,674,2597,2094,503
2021,South Oxfordshire 008,E02005965,2801,879,375,504,1922,1427,495
2021,South Oxfordshire 009,E02005966,5059,1118,377,741,3941,3478,463
2021,South Oxfordshire 010,E02005967,5364,1216,394,822,4148,3609,539
2021,South Oxfordshire 011,E02005968,4168,1093,389,704,3075,2506,569
2021,South Oxfordshire 012,E02005969,4886,1504,496,1008,3382,2818,564
2021,South Oxfordshire 013,E02005970,3148,742,264,478,2406,2163,243
2021,South Oxfordshire 014,E02005971,3356,868,270,598,2488,2216,272
2021,South Oxfordshire 015,E02005972,6204,1620,609,1011,4584,3765,819
2021,South Oxfordshire 016,E02005973,2819,885,366,519,1934,1531,403
2021,South Oxfordshire 017,E02005974,3096,919,399,520,2177,1658,519
2021,South Oxfordshire 018,E02005975,3813,1189,535,654,2624,1980,644
2021,South Oxfordshire 019,E02005976,2896,967,478,489,1929,1369,560
2021,South Oxfordshire 020,E02005977,2814,886,363,523,1928,1528,400
2021,Vale of White Horse 001,E02005978,3763,1091,408,683,2672,2180,492
2021,Vale of White Horse 002,E02005979,5310,1527,545,982,3783,3176,607
2021,Vale of White Horse 003,E02005980,5441,1441,552,889,4000,3239,761
2021,Vale of White Horse 004,E02005981,4680,1225,409,816,3455,3064,391
2021,Vale of White Horse 005,E02005982,2957,847,258,589,2110,1863,247
2021,Vale of White Horse 006,E02005983,5880,1434,477,957,4446,3911,535
2021,Vale of White Horse 007,E02005984,4714,1307,498,809,3407,2725,682
2021,Vale of White Horse 008,E02005985,3788,1006,290,716,2782,2467,315
2021,Vale of White Horse 009,E02005986,4900,1317,464,853,3583,3050,533
2021,Vale of White Horse 010,E02005987,5307,1445,512,933,3862,3244,618
2021,Vale of White Horse 011,E02005988,4756,1170,379,791,3586,3151,435
2021,Vale of White Horse 014,E02005991,5198,1396,497,899,3802,3285,517
2021,Vale of White Horse 015,E02005992,7124,1765,649,1116,5359,4407,952
2021,West Oxfordshire 001,E02005993,3569,1105,426,679,2464,2094,370
2021,West Oxfordshire 002,E02005994,3135,1008,403,605,2127,1608,519
2021,West Oxfordshire 003,E02005995,3071,1001,419,582,2070,1586,484
2021,West Oxfordshire 004,E02005996,4532,1399,504,895,3133,2476,657
2021,West Oxfordshire 005,E02005997,2839,906,375,531,1933,1588,345
2021,West Oxfordshire 006,E02005998,3484,1016,373,643,2468,2040,428
2021,West Oxfordshire 007,E02005999,3377,1058,386,672,2319,1871,448
2021,West Oxfordshire 008,E02006000,6176,1819,669,1150,4357,3736,621
2021,West Oxfordshire 009,E02006001,3830,961,304,657,2869,2518,351
2021,West Oxfordshire 010,E02006002,5486,1453,506,947,4033,3503,530
2021,West Oxfordshire 011,E02006003,2945,894,319,575,2051,1733,318
2021,West Oxfordshire 012,E02006004,4200,1045,431,614,3155,2354,801
2021,West Oxfordshire 013,E02006005,5716,1318,425,893,4398,3809,589
2021,West Oxfordshire 014,E02006006,2961,760,264,496,2201,1876,325
2021,West Oxfordshire 015,E02006007,3610,1097,456,641,2513,1974,539
2021,Shropshire 025,E02006008,5354,1344,458,886,4010,3343,667
2021,Shropshire 027,E02006009,4215,970,328,642,3245,2772,473
2021,Shropshire 029,E02006010,5402,1687,580,1107,3715,2971,744
2021,Shropshire 031,E02006011,2446,768,271,497,1678,1395,283
2021,Shropshire 033,E02006012,2819,930,336,594,1889,1562,327
2021,Shropshire 034,E02006013,3718,1169,441,728,2549,1916,633
2021,Shropshire 035,E02006014,4508,1428,535,893,3080,2348,732
2021,Shropshire 001,E02006015,4774,1512,488,1024,3262,2645,617
2021,Shropshire 002,E02006016,3863,1198,451,747,2665,1961,704
2021,Shropshire 004,E02006017,3620,1078,386,692,2542,1933,609
2021,Shropshire 005,E02006018,5690,1681,502,1179,4009,3271,738
2021,Shropshire 008,E02006019,2822,890,298,592,1932,1575,357
2021,Shropshire 009,E02006020,3637,1017,400,617,2620,1920,700
2021,Shropshire 010,E02006021,4361,1384,517,867,2977,2238,739
2021,Shropshire 013,E02006022,3052,882,296,586,2170,1692,478
2021,Shropshire 003,E02006023,4587,1481,486,995,3106,2550,556
2021,Shropshire 006,E02006024,4771,1421,391,1030,3350,2856,494
2021,Shropshire 007,E02006025,4587,1373,431,942,3214,2736,478
2021,Shropshire 011,E02006026,3457,1037,340,697,2420,1842,578
2021,Shropshire 012,E02006027,2597,885,318,567,1712,1293,419
2021,Shropshire 014,E02006028,4801,1529,544,985,3272,2511,761
2021,Shropshire 015,E02006029,3703,1209,333,876,2494,2169,325
2021,Shropshire 016,E02006030,4405,1371,368,1003,3034,2665,369
2021,Shropshire 017,E02006031,4210,1315,409,906,2895,2494,401
2021,Shropshire 018,E02006032,4031,1379,397,982,2652,2250,402
2021,Shropshire 019,E02006033,4338,1308,482,826,3030,2514,516
2021,Shropshire 020,E02006034,5269,1625,525,1100,3644,3004,640
2021,Shropshire 021,E02006035,2434,796,258,538,1638,1374,264
2021,Shropshire 022,E02006036,3338,1040,326,714,2298,1945,353
2021,Shropshire 023,E02006037,4489,1485,481,1004,3004,2453,551
2021,Shropshire 024,E02006038,4029,1310,453,857,2719,2216,503
2021,Shropshire 026,E02006039,3756,1211,399,812,2545,1990,555
2021,Shropshire 028,E02006040,3829,1233,511,722,2596,1844,752
2021,Shropshire 030,E02006041,2668,958,334,624,1710,1247,463
2021,Shropshire 032,E02006042,2243,832,316,516,1411,1087,324
2021,Shropshire 036,E02006043,3181,1066,359,707,2115,1549,566
2021,Shropshire 037,E02006044,2784,1016,373,643,1768,1243,525
2021,Shropshire 038,E02006045,4530,1677,596,1081,2853,2402,451
2021,Shropshire 039,E02006046,4110,1400,530,870,2710,2110,600
2021,Mendip 001,E02006047,4241,1527,599,928,2714,2035,679
2021,Mendip 002,E02006048,3426,1185,477,708,2241,1778,463
2021,Mendip 003,E02006049,3510,1180,416,764,2330,1960,370
2021,Mendip 004,E02006050,4246,1532,552,980,2714,2269,445
2021,Mendip 005,E02006051,3831,1388,566,822,2443,1857,586
2021,Mendip 006,E02006052,3829,1283,493,790,2546,1954,592
2021,Mendip 007,E02006053,5516,1874,633,1241,3642,3034,608
2021,Mendip 008,E02006054,3658,1315,497,818,2343,1951,392
2021,Mendip 009,E02006055,4837,1521,508,1013,3316,2772,544
2021,Mendip 010,E02006056,3838,1350,524,826,2488,1855,633
2021,Mendip 011,E02006057,3558,1439,562,877,2119,1710,409
2021,Mendip 012,E02006058,3906,1404,517,887,2502,2004,498
2021,Mendip 013,E02006059,3351,1193,495,698,2158,1577,581
2021,Mendip 014,E02006060,3923,1317,460,857,2606,2225,381
2021,Sedgemoor 001,E02006061,4376,1522,573,949,2854,2360,494
2021,Sedgemoor 002,E02006062,4890,1624,565,1059,3266,2623,643
2021,Sedgemoor 003,E02006063,3275,1177,540,637,2098,1528,570
2021,Sedgemoor 004,E02006064,3136,1047,370,677,2089,1762,327
2021,Sedgemoor 005,E02006065,3776,1283,411,872,2493,2111,382
2021,Sedgemoor 006,E02006066,3887,1189,385,804,2698,2178,520
2021,Sedgemoor 007,E02006067,3250,1084,403,681,2166,1646,520
2021,Sedgemoor 008,E02006068,3527,1035,321,714,2492,2155,337
2021,Sedgemoor 009,E02006069,5461,1396,441,955,4065,3397,668
2021,Sedgemoor 010,E02006070,4737,1270,391,879,3467,2962,505
2021,Sedgemoor 011,E02006071,4926,1438,489,949,3488,2911,577
2021,Sedgemoor 012,E02006072,4418,1507,545,962,2911,2278,633
2021,Sedgemoor 013,E02006073,3520,1004,295,709,2516,2154,362
2021,Sedgemoor 014,E02006074,5968,1714,534,1180,4254,3488,766
2021,South Somerset 001,E02006075,2455,896,375,521,1559,1096,463
2021,South Somerset 002,E02006076,4191,1484,569,915,2707,2087,620
2021,South Somerset 003,E02006077,2690,883,318,565,1807,1429,378
2021,South Somerset 004,E02006078,2887,1005,379,626,1882,1463,419
2021,South Somerset 005,E02006079,4006,1295,443,852,2711,2147,564
2021,South Somerset 006,E02006080,3607,954,321,633,2653,2063,590
2021,South Somerset 007,E02006081,2524,940,347,593,1584,1269,315
2021,South Somerset 008,E02006082,3267,1100,413,687,2167,1720,447
2021,South Somerset 009,E02006083,2588,838,305,533,1750,1428,322
2021,South Somerset 010,E02006084,3317,1177,431,746,2140,1724,416
2021,South Somerset 011,E02006085,3882,1088,323,765,2794,2464,330
2021,South Somerset 012,E02006086,3858,1054,303,751,2804,2444,360
2021,South Somerset 013,E02006087,2924,847,256,591,2077,1852,225
2021,South Somerset 014,E02006088,3641,1084,313,771,2557,2247,310
2021,South Somerset 015,E02006089,3798,986,307,679,2812,2465,347
2021,South Somerset 016,E02006090,3582,1003,260,743,2579,2299,280
2021,South Somerset 017,E02006091,4489,1519,528,991,2970,2402,568
2021,South Somerset 018,E02006092,3253,909,262,647,2344,2030,314
2021,South Somerset 019,E02006093,3922,1298,439,859,2624,2173,451
2021,South Somerset 020,E02006094,2446,788,287,501,1658,1330,328
2021,South Somerset 021,E02006095,3775,1232,429,803,2543,2144,399
2021,South Somerset 022,E02006096,3447,1053,320,733,2394,2075,319
2021,South Somerset 023,E02006097,3066,879,282,597,2187,1931,256
2021,South Somerset 024,E02006098,3313,1159,424,735,2154,1628,526
2021,Somerset West and Taunton 006,E02006099,3473,1123,395,728,2350,1871,479
2021,Somerset West and Taunton 007,E02006100,3862,1175,366,809,2687,2181,506
2021,Somerset West and Taunton 013,E02006101,2705,990,370,620,1715,1293,422
2021,Somerset West and Taunton 010,E02006102,3130,981,270,711,2149,1867,282
2021,Somerset West and Taunton 009,E02006103,3630,1234,444,790,2396,1890,506
2021,Somerset West and Taunton 008,E02006104,5662,1647,487,1160,4015,3467,548
2021,Somerset West and Taunton 011,E02006105,6202,1631,526,1105,4571,3920,651
2021,Somerset West and Taunton 012,E02006106,5061,1455,428,1027,3606,3060,546
2021,Somerset West and Taunton 014,E02006107,3764,1247,336,911,2517,2168,349
2021,Somerset West and Taunton 015,E02006108,3931,1100,408,692,2831,2438,393
2021,Somerset West and Taunton 016,E02006109,3677,1247,399,848,2430,2041,389
2021,Somerset West and Taunton 018,E02006110,5110,1499,460,1039,3611,3051,560
2021,Somerset West and Taunton 017,E02006111,4884,1640,584,1056,3244,2576,668
2021,Somerset West and Taunton 019,E02006112,3876,1303,472,831,2573,1980,593
2021,Somerset West and Taunton 001,E02006113,3060,1144,422,722,1916,1666,250
2021,Somerset West and Taunton 002,E02006114,2396,904,344,560,1492,1196,296
2021,Somerset West and Taunton 003,E02006115,2928,1108,389,719,1820,1530,290
2021,Somerset West and Taunton 004,E02006116,3467,1281,510,771,2186,1618,568
2021,Somerset West and Taunton 005,E02006117,2475,913,398,515,1562,1103,459
2021,Cannock Chase 001,E02006118,3557,1008,317,691,2549,2131,418
2021,Cannock Chase 002,E02006119,3742,1077,354,723,2665,2247,418
2021,Cannock Chase 003,E02006120,4416,1205,395,810,3211,2684,527
2021,Cannock Chase 004,E02006121,2920,826,235,591,2094,1775,319
2021,Cannock Chase 005,E02006122,4218,1044,329,715,3174,2703,471
2021,Cannock Chase 006,E02006123,3335,933,285,648,2402,2010,392
2021,Cannock Chase 007,E02006124,3124,922,261,661,2202,1847,355
2021,Cannock Chase 008,E02006125,3333,958,303,655,2375,2045,330
2021,Cannock Chase 009,E02006126,4316,1174,365,809,3142,2670,472
2021,Cannock Chase 010,E02006127,4081,1137,344,793,2944,2497,447
2021,Cannock Chase 011,E02006128,3830,1153,409,744,2677,2225,452
2021,Cannock Chase 012,E02006129,3853,1084,311,773,2769,2384,385
2021,Cannock Chase 013,E02006130,4150,1087,310,777,3063,2595,468
2021,East Staffordshire 001,E02006131,3746,1070,379,691,2676,1952,724
2021,East Staffordshire 002,E02006132,3565,1009,317,692,2556,2118,438
2021,East Staffordshire 003,E02006133,3596,1039,353,686,2557,2140,417
2021,East Staffordshire 004,E02006134,5016,1468,534,934,3548,2913,635
2021,East Staffordshire 005,E02006135,3699,1090,348,742,2609,2211,398
2021,East Staffordshire 006,E02006136,4034,1301,514,787,2733,1999,734
2021,East Staffordshire 007,E02006137,4151,1170,344,826,2981,2624,357
2021,East Staffordshire 008,E02006138,3801,1051,329,722,2750,2394,356
2021,East Staffordshire 009,E02006139,3906,971,315,656,2935,2625,310
2021,East Staffordshire 010,E02006140,3787,1056,337,719,2731,2326,405
2021,East Staffordshire 011,E02006141,6047,1451,444,1007,4596,4160,436
2021,East Staffordshire 012,E02006142,2594,743,266,477,1851,1550,301
2021,East Staffordshire 013,E02006143,4891,1207,410,797,3684,3154,530
2021,East Staffordshire 014,E02006144,3666,985,285,700,2681,2312,369
2021,East Staffordshire 015,E02006145,2819,833,311,522,1986,1550,436
2021,Lichfield 001,E02006146,4386,1248,398,850,3138,2513,625
2021,Lichfield 002,E02006147,4149,1245,443,802,2904,2294,610
2021,Lichfield 003,E02006148,3405,1053,383,670,2352,1868,484
2021,Lichfield 004,E02006149,4707,1404,543,861,3303,2774,529
2021,Lichfield 005,E02006150,5212,1497,545,952,3715,3088,627
2021,Lichfield 006,E02006151,4806,1342,427,915,3464,2929,535
2021,Lichfield 007,E02006152,5042,1405,496,909,3637,2959,678
2021,Lichfield 008,E02006153,4763,1212,470,742,3551,2854,697
2021,Lichfield 009,E02006154,4404,1312,463,849,3092,2596,496
2021,Lichfield 010,E02006155,2617,752,221,531,1865,1602,263
2021,Lichfield 011,E02006156,3692,1194,490,704,2498,1910,588
2021,Lichfield 012,E02006157,3284,1009,382,627,2275,1868,407
2021,Newcastle-under-Lyme 001,E02006158,4153,1116,343,773,3037,2638,399
2021,Newcastle-under-Lyme 002,E02006159,2493,757,223,534,1736,1529,207
2021,Newcastle-under-Lyme 003,E02006160,3964,1057,268,789,2907,2511,396
2021,Newcastle-under-Lyme 004,E02006161,3296,898,232,666,2398,2085,313
2021,Newcastle-under-Lyme 005,E02006162,4084,1181,368,813,2903,2430,473
2021,Newcastle-under-Lyme 006,E02006163,3629,1027,301,726,2602,2276,326
2021,Newcastle-under-Lyme 007,E02006164,3189,982,252,730,2207,1949,258
2021,Newcastle-under-Lyme 008,E02006165,3829,1008,309,699,2821,2508,313
2021,Newcastle-under-Lyme 009,E02006166,3649,1043,350,693,2606,2272,334
2021,Newcastle-under-Lyme 010,E02006167,4214,1294,389,905,2920,2590,330
2021,Newcastle-under-Lyme 011,E02006168,3359,1076,421,655,2283,2010,273
2021,Newcastle-under-Lyme 012,E02006169,2823,971,392,579,1852,1567,285
2021,Newcastle-under-Lyme 013,E02006170,2384,700,246,454,1684,1379,305
2021,Newcastle-under-Lyme 014,E02006171,3959,1130,350,780,2829,2433,396
2021,Newcastle-under-Lyme 015,E02006172,4297,1213,407,806,3084,2612,472
2021,Newcastle-under-Lyme 016,E02006173,3357,1036,407,629,2321,1767,554
2021,South Staffordshire 001,E02006174,5255,1554,553,1001,3701,3014,687
2021,South Staffordshire 002,E02006175,3430,969,326,643,2461,2031,430
2021,South Staffordshire 003,E02006176,3318,1013,370,643,2305,1851,454
2021,South Staffordshire 004,E02006177,4663,1299,428,871,3364,2865,499
2021,South Staffordshire 005,E02006178,3517,1033,345,688,2484,2128,356
2021,South Staffordshire 006,E02006179,3574,1120,376,744,2454,2068,386
2021,South Staffordshire 007,E02006180,3170,962,308,654,2208,1842,366
2021,South Staffordshire 008,E02006181,2406,724,262,462,1682,1467,215
2021,South Staffordshire 009,E02006182,3339,960,337,623,2379,1961,418
2021,South Staffordshire 012,E02006185,3134,944,298,646,2190,1870,320
2021,South Staffordshire 013,E02006186,5950,1736,602,1134,4214,3406,808
2021,South Staffordshire 014,E02006187,3070,1006,377,629,2064,1662,402
2021,Stafford 001,E02006188,2734,781,312,469,1953,1624,329
2021,Stafford 002,E02006189,3248,960,342,618,2288,1801,487
2021,Stafford 003,E02006190,5355,1514,523,991,3841,3222,619
2021,Stafford 004,E02006191,3964,1146,417,729,2818,2227,591
2021,Stafford 005,E02006192,4544,1275,472,803,3269,2493,776
2021,Stafford 006,E02006193,3799,985,327,658,2814,2369,445
2021,Stafford 007,E02006194,4044,1104,306,798,2940,2549,391
2021,Stafford 008,E02006195,4070,1152,409,743,2918,2294,624
2021,Stafford 009,E02006196,3485,900,278,622,2585,2231,354
2021,Stafford 010,E02006197,5033,1157,369,788,3876,3405,471
2021,Stafford 011,E02006198,4611,1226,406,820,3385,2848,537
2021,Stafford 012,E02006199,4097,1120,406,714,2977,2439,538
2021,Stafford 013,E02006200,3382,1033,337,696,2349,1993,356
2021,Stafford 014,E02006201,5500,1637,572,1065,3863,3240,623
2021,Stafford 015,E02006202,4433,1318,485,833,3115,2343,772
2021,Stafford 016,E02006203,3466,1002,301,701,2464,2115,349
2021,Staffordshire Moorlands 001,E02006204,3373,1087,338,749,2286,1871,415
2021,Staffordshire Moorlands 002,E02006205,3424,1058,400,658,2366,1874,492
2021,Staffordshire Moorlands 003,E02006206,3757,1065,307,758,2692,2312,380
2021,Staffordshire Moorlands 004,E02006207,2789,849,262,587,1940,1632,308
2021,Staffordshire Moorlands 005,E02006208,3832,1144,340,804,2688,2289,399
2021,Staffordshire Moorlands 006,E02006209,5028,1599,564,1035,3429,2818,611
2021,Staffordshire Moorlands 007,E02006210,2612,836,331,505,1776,1231,545
2021,Staffordshire Moorlands 008,E02006211,2945,872,318,554,2073,1664,409
2021,Staffordshire Moorlands 009,E02006212,3598,1033,334,699,2565,2105,460
2021,Staffordshire Moorlands 010,E02006213,3102,926,306,620,2176,1719,457
2021,Staffordshire Moorlands 011,E02006214,2808,826,286,540,1982,1662,320
2021,Staffordshire Moorlands 012,E02006215,3709,1073,376,697,2636,2128,508
2021,Staffordshire Moorlands 013,E02006216,4058,1187,436,751,2871,2310,561
2021,Tamworth 001,E02006217,4835,1342,427,915,3493,2985,508
2021,Tamworth 002,E02006218,3961,1036,336,700,2925,2545,380
2021,Tamworth 003,E02006219,4066,1052,319,733,3014,2543,471
2021,Tamworth 004,E02006220,3453,943,299,644,2510,2193,317
2021,Tamworth 005,E02006221,3143,822,278,544,2321,2030,291
2021,Tamworth 006,E02006222,3251,900,282,618,2351,2066,285
2021,Tamworth 007,E02006223,2767,860,259,601,1907,1710,197
2021,Tamworth 008,E02006224,3965,1031,321,710,2934,2539,395
2021,Tamworth 009,E02006225,3666,994,319,675,2672,2259,413
2021,Tamworth 010,E02006226,5056,1330,411,919,3726,3244,482
2021,Babergh 001,E02006227,2822,1063,449,614,1759,1390,369
2021,Babergh 002,E02006228,2964,1016,381,635,1948,1571,377
2021,Babergh 003,E02006229,2733,926,335,591,1807,1492,315
2021,Babergh 004,E02006230,4982,1683,622,1061,3299,2703,596
2021,Babergh 005,E02006231,4565,1338,468,870,3227,2686,541
2021,Babergh 006,E02006232,2810,959,352,607,1851,1486,365
2021,Babergh 007,E02006233,5270,1665,603,1062,3605,3067,538
2021,Babergh 008,E02006234,4716,1512,508,1004,3204,2759,445
2021,Babergh 009,E02006235,3800,1347,593,754,2453,1837,616
2021,Babergh 010,E02006236,4861,1683,661,1022,3178,2592,586
2021,Babergh 011,E02006237,3440,1146,453,693,2294,1786,508
2021,West Suffolk 002,E02006238,4487,1227,407,820,3260,2688,572
2021,West Suffolk 001,E02006239,4380,838,290,548,3542,2730,812
2021,West Suffolk 003,E02006240,5366,1250,470,780,4116,3245,871
2021,West Suffolk 004,E02006241,4262,1114,379,735,3148,2667,481
2021,West Suffolk 007,E02006242,5842,1404,496,908,4438,3584,854
2021,West Suffolk 008,E02006243,5178,1263,461,802,3915,3215,700
2021,Ipswich 001,E02006245,3577,1149,341,808,2428,2075,353
2021,Ipswich 002,E02006246,3656,1203,402,801,2453,2106,347
2021,Ipswich 003,E02006247,4488,1388,438,950,3100,2670,430
2021,Ipswich 004,E02006248,3968,1324,407,917,2644,2275,369
2021,Ipswich 005,E02006249,4066,1269,478,791,2797,2305,492
2021,Ipswich 006,E02006250,5165,1531,497,1034,3634,3120,514
2021,Ipswich 007,E02006251,5932,1593,522,1071,4339,3750,589
2021,Ipswich 008,E02006252,5116,1501,439,1062,3615,3162,453
2021,Ipswich 009,E02006253,3450,1135,386,749,2315,1959,356
2021,Ipswich 010,E02006254,4367,1275,404,871,3092,2636,456
2021,Ipswich 011,E02006255,4252,1282,442,840,2970,2558,412
2021,Ipswich 012,E02006256,4662,1351,459,892,3311,2792,519
2021,Ipswich 013,E02006257,2968,975,326,649,1993,1719,274
2021,Ipswich 014,E02006258,4468,1481,479,1002,2987,2536,451
2021,Ipswich 015,E02006259,2997,1009,332,677,1988,1710,278
2021,Ipswich 016,E02006260,3899,1304,380,924,2595,2228,367
2021,Mid Suffolk 001,E02006261,3526,1176,490,686,2350,1802,548
2021,Mid Suffolk 002,E02006262,4215,1373,536,837,2842,2239,603
2021,Mid Suffolk 003,E02006263,3451,1213,492,721,2238,1679,559
2021,Mid Suffolk 004,E02006264,4478,1428,514,914,3050,2454,596
2021,Mid Suffolk 005,E02006265,3491,1139,430,709,2352,1912,440
2021,Mid Suffolk 006,E02006266,4325,1439,559,880,2886,2303,583
2021,Mid Suffolk 007,E02006267,4096,1350,531,819,2746,2133,613
2021,Mid Suffolk 008,E02006268,2599,827,251,576,1772,1462,310
2021,Mid Suffolk 009,E02006269,3845,1183,415,768,2662,2189,473
2021,Mid Suffolk 010,E02006270,7075,2026,638,1388,5049,4222,827
2021,Mid Suffolk 011,E02006271,5249,1373,470,903,3876,3140,736
2021,Mid Suffolk 012,E02006272,3672,1181,417,764,2491,2007,484
2021,West Suffolk 005,E02006273,3116,1033,371,662,2083,1702,381
2021,West Suffolk 006,E02006274,3467,1029,350,679,2438,1911,527
2021,West Suffolk 009,E02006275,3401,1079,371,708,2322,2023,299
2021,West Suffolk 016,E02006276,3799,1146,430,716,2653,2124,529
2021,West Suffolk 012,E02006277,4241,1165,391,774,3076,2554,522
2021,West Suffolk 011,E02006278,4408,1162,414,748,3246,2674,572
2021,West Suffolk 014,E02006279,3955,1234,435,799,2721,2338,383
2021,West Suffolk 010,E02006280,4536,1482,579,903,3054,2373,681
2021,West Suffolk 013,E02006281,3737,1084,373,711,2653,2230,423
2021,West Suffolk 017,E02006282,2914,993,409,584,1921,1509,412
2021,West Suffolk 018,E02006283,3711,1160,454,706,2551,2068,483
2021,West Suffolk 019,E02006284,3835,1005,308,697,2830,2450,380
2021,West Suffolk 021,E02006285,4033,1082,323,759,2951,2586,365
2021,West Suffolk 020,E02006286,5566,1499,461,1038,4067,3527,540
2021,East Suffolk 016,E02006287,2621,1028,468,560,1593,1203,390
2021,East Suffolk 017,E02006288,4507,1592,607,985,2915,2211,704
2021,East Suffolk 018,E02006289,4076,1513,592,921,2563,2089,474
2021,East Suffolk 019,E02006290,3372,1249,509,740,2123,1779,344
2021,East Suffolk 020,E02006291,3354,1210,456,754,2144,1734,410
2021,East Suffolk 021,E02006292,3107,1098,422,676,2009,1549,460
2021,East Suffolk 023,E02006293,5172,1693,701,992,3479,2703,776
2021,East Suffolk 022,E02006294,3253,1214,466,748,2039,1647,392
2021,East Suffolk 024,E02006295,4359,1399,428,971,2960,2518,442
2021,East Suffolk 025,E02006296,6351,2100,754,1346,4251,3517,734
2021,East Suffolk 026,E02006297,3873,1284,462,822,2589,2072,517
2021,East Suffolk 027,E02006298,4455,1355,471,884,3100,2470,630
2021,East Suffolk 028,E02006299,3241,1160,459,701,2081,1660,421
2021,East Suffolk 029,E02006300,3665,1194,429,765,2471,1969,502
2021,East Suffolk 030,E02006301,2753,882,324,558,1871,1475,396
2021,East Suffolk 001,E02006302,2789,957,363,594,1832,1406,426
2021,East Suffolk 002,E02006303,3124,1108,335,773,2016,1690,326
2021,East Suffolk 003,E02006304,3317,1118,374,744,2199,1834,365
2021,East Suffolk 004,E02006305,4034,1462,445,1017,2572,2222,350
2021,East Suffolk 005,E02006306,2997,993,328,665,2004,1619,385
2021,East Suffolk 007,E02006307,3066,1064,401,663,2002,1620,382
2021,East Suffolk 006,E02006308,3027,1102,412,690,1925,1599,326
2021,East Suffolk 009,E02006309,2413,856,292,564,1557,1310,247
2021,East Suffolk 008,E02006310,3832,1271,398,873,2561,2157,404
2021,East Suffolk 010,E02006311,3325,1180,447,733,2145,1769,376
2021,East Suffolk 011,E02006312,3891,1343,490,853,2548,2082,466
2021,East Suffolk 012,E02006313,4065,1402,486,916,2663,2230,433
2021,East Suffolk 013,E02006314,3221,1048,402,646,2173,1749,424
2021,East Suffolk 014,E02006315,2265,913,353,560,1352,1029,323
2021,East Suffolk 015,E02006316,2837,1057,425,632,1780,1462,318
2021,Elmbridge 001,E02006317,3077,963,376,587,2114,1752,362
2021,Elmbridge 002,E02006318,3578,1026,449,577,2552,1890,662
2021,Elmbridge 003,E02006319,3554,1145,401,744,2409,2045,364
2021,Elmbridge 004,E02006320,3668,1064,402,662,2604,2156,448
2021,Elmbridge 005,E02006321,3247,907,380,527,2340,1727,613
2021,Elmbridge 006,E02006322,3309,893,378,515,2416,1839,577
2021,Elmbridge 007,E02006323,3715,964,396,568,2751,2109,642
2021,Elmbridge 008,E02006324,4008,1111,426,685,2897,2353,544
2021,Elmbridge 009,E02006325,4471,1237,528,709,3234,2311,923
2021,Elmbridge 010,E02006326,3811,943,384,559,2868,2218,650
2021,Elmbridge 011,E02006327,3099,851,324,527,2248,1633,615
2021,Elmbridge 012,E02006328,4971,1335,566,769,3636,2762,874
2021,Elmbridge 013,E02006329,3204,930,416,514,2274,1534,740
2021,Elmbridge 014,E02006330,4711,1384,545,839,3327,2632,695
2021,Elmbridge 015,E02006331,3400,1014,438,576,2386,1753,633
2021,Elmbridge 016,E02006332,3199,815,349,466,2384,1710,674
2021,Elmbridge 017,E02006333,4259,1304,552,752,2955,2055,900
2021,Elmbridge 018,E02006334,3694,1073,504,569,2621,1640,981
2021,Epsom and Ewell 001,E02006335,3922,1137,434,703,2785,2242,543
2021,Epsom and Ewell 002,E02006336,3624,1047,362,685,2577,2262,315
2021,Epsom and Ewell 003,E02006337,4381,1253,474,779,3128,2576,552
2021,Epsom and Ewell 004,E02006338,3347,950,361,589,2397,2018,379
2021,Epsom and Ewell 005,E02006339,5535,1517,528,989,4018,3353,665
2021,Epsom and Ewell 007,E02006341,5054,1445,547,898,3609,3051,558
2021,Epsom and Ewell 008,E02006342,4004,1006,430,576,2998,2459,539
2021,Epsom and Ewell 009,E02006343,4391,1294,518,776,3097,2446,651
2021,Guildford 001,E02006344,4076,1283,557,726,2793,2138,655
2021,Guildford 002,E02006345,4151,916,382,534,3235,1967,1268
2021,Guildford 003,E02006346,4493,1447,663,784,3046,2217,829
2021,Guildford 004,E02006347,3780,964,313,651,2816,2405,411
2021,Guildford 005,E02006348,4165,1193,484,709,2972,2473,499
2021,Guildford 006,E02006349,4141,1163,459,704,2978,2540,438
2021,Guildford 007,E02006350,3207,955,322,633,2252,1919,333
2021,Guildford 008,E02006351,4265,1245,470,775,3020,2512,508
2021,Guildford 009,E02006352,3035,913,395,518,2122,1832,290
2021,Guildford 010,E02006353,3050,868,306,562,2182,1886,296
2021,Guildford 011,E02006354,4551,1335,565,770,3216,2534,682
2021,Guildford 012,E02006355,3435,1280,669,611,2155,1942,213
2021,Guildford 013,E02006356,6529,1574,659,915,4955,4093,862
2021,Guildford 014,E02006357,3900,1002,382,620,2898,2444,454
2021,Guildford 015,E02006358,3476,1198,618,580,2278,1875,403
2021,Guildford 016,E02006359,2956,806,373,433,2150,1598,552
2021,Guildford 017,E02006360,3887,1147,460,687,2740,2051,689
2021,Guildford 018,E02006361,2679,875,404,471,1804,1318,486
2021,Mole Valley 001,E02006362,3159,968,405,563,2191,1746,445
2021,Mole Valley 002,E02006363,2798,846,370,476,1952,1489,463
2021,Mole Valley 003,E02006364,4095,1114,436,678,2981,2527,454
2021,Mole Valley 004,E02006365,2964,866,351,515,2098,1627,471
2021,Mole Valley 005,E02006366,3826,1253,541,712,2573,2014,559
2021,Mole Valley 006,E02006367,2634,875,379,496,1759,1383,376
2021,Mole Valley 007,E02006368,2510,805,354,451,1705,1320,385
2021,Mole Valley 008,E02006369,2947,976,391,585,1971,1535,436
2021,Mole Valley 009,E02006370,3317,903,368,535,2414,1933,481
2021,Mole Valley 010,E02006371,3693,1153,488,665,2540,2054,486
2021,Mole Valley 011,E02006372,3165,988,366,622,2177,1822,355
2021,Mole Valley 012,E02006373,3759,1274,535,739,2485,1843,642
2021,Mole Valley 013,E02006374,3471,1108,453,655,2363,1838,525
2021,Reigate and Banstead 001,E02006375,3345,1065,415,650,2280,1817,463
2021,Reigate and Banstead 002,E02006376,3771,1184,448,736,2587,2069,518
2021,Reigate and Banstead 003,E02006377,2899,900,340,560,1999,1563,436
2021,Reigate and Banstead 004,E02006378,4491,1313,516,797,3178,2551,627
2021,Reigate and Banstead 005,E02006379,3337,968,325,643,2369,2011,358
2021,Reigate and Banstead 006,E02006380,3305,1039,452,587,2266,1761,505
2021,Reigate and Banstead 007,E02006381,3449,1037,423,614,2412,1815,597
2021,Reigate and Banstead 008,E02006382,3405,973,339,634,2432,2112,320
2021,Reigate and Banstead 009,E02006383,4862,1232,547,685,3630,2821,809
2021,Reigate and Banstead 010,E02006384,5504,1456,577,879,4048,3392,656
2021,Reigate and Banstead 011,E02006385,6427,1416,543,873,5011,4271,740
2021,Reigate and Banstead 012,E02006386,4181,1185,453,732,2996,2373,623
2021,Reigate and Banstead 013,E02006387,3261,989,372,617,2272,1869,403
2021,Reigate and Banstead 014,E02006388,5090,1334,493,841,3756,3230,526
2021,Reigate and Banstead 015,E02006389,3602,1089,412,677,2513,2061,452
2021,Reigate and Banstead 016,E02006390,5377,1425,477,948,3952,3369,583
2021,Reigate and Banstead 017,E02006391,4158,1203,432,771,2955,2473,482
2021,Reigate and Banstead 018,E02006392,4659,1251,480,771,3408,2888,520
2021,Runnymede 001,E02006393,3225,1029,550,479,2196,1790,406
2021,Runnymede 002,E02006394,4182,1625,972,653,2557,1994,563
2021,Runnymede 003,E02006395,5080,1399,521,878,3681,3146,535
2021,Runnymede 004,E02006396,2884,852,336,516,2032,1635,397
2021,Runnymede 005,E02006397,2952,801,346,455,2151,1583,568
2021,Runnymede 006,E02006398,4687,1208,445,763,3479,2871,608
2021,Runnymede 007,E02006399,6360,1702,645,1057,4658,3902,756
2021,Runnymede 008,E02006400,2781,772,285,487,2009,1638,371
2021,Runnymede 009,E02006401,5317,1524,578,946,3793,3175,618
2021,Runnymede 010,E02006402,4987,1407,536,871,3580,2943,637
2021,Spelthorne 001,E02006403,3322,892,311,581,2430,2060,370
2021,Spelthorne 002,E02006404,3728,1001,346,655,2727,2383,344
2021,Spelthorne 003,E02006405,5903,1451,485,966,4452,3815,637
2021,Spelthorne 004,E02006406,4951,1089,447,642,3862,3305,557
2021,Spelthorne 005,E02006407,4656,1231,432,799,3425,2981,444
2021,Spelthorne 006,E02006408,4665,1225,437,788,3440,2998,442
2021,Spelthorne 007,E02006409,3313,934,343,591,2379,2053,326
2021,Spelthorne 008,E02006410,4192,1135,406,729,3057,2609,448
2021,Spelthorne 009,E02006411,3626,944,359,585,2682,2260,422
2021,Spelthorne 010,E02006412,3813,1086,405,681,2727,2194,533
2021,Spelthorne 011,E02006413,3081,909,349,560,2172,1793,379
2021,Spelthorne 012,E02006414,3035,854,306,548,2181,1794,387
2021,Spelthorne 013,E02006415,3249,962,364,598,2287,1837,450
2021,Surrey Heath 001,E02006416,3997,1210,489,721,2787,2110,677
2021,Surrey Heath 002,E02006417,3064,816,284,532,2248,1903,345
2021,Surrey Heath 003,E02006418,3305,924,364,560,2381,1923,458
2021,Surrey Heath 004,E02006419,4163,1118,415,703,3045,2553,492
2021,Surrey Heath 005,E02006420,3812,1024,415,609,2788,2200,588
2021,Surrey Heath 006,E02006421,5059,1402,563,839,3657,2973,684
2021,Surrey Heath 007,E02006422,3121,888,332,556,2233,1854,379
2021,Surrey Heath 008,E02006423,5758,1497,564,933,4261,3553,708
2021,Surrey Heath 009,E02006424,3143,883,348,535,2260,1873,387
2021,Surrey Heath 010,E02006425,3255,830,282,548,2425,2105,320
2021,Surrey Heath 011,E02006426,2877,852,287,565,2025,1711,314
2021,Surrey Heath 012,E02006427,3813,944,318,626,2869,2381,488
2021,Tandridge 002,E02006429,4345,1087,423,664,3258,2656,602
2021,Tandridge 003,E02006430,4789,1372,499,873,3417,2882,535
2021,Tandridge 004,E02006431,5446,1460,566,894,3986,3144,842
2021,Tandridge 005,E02006432,2645,838,338,500,1807,1415,392
2021,Tandridge 006,E02006433,4537,1366,589,777,3171,2396,775
2021,Tandridge 007,E02006434,3171,970,390,580,2201,1780,421
2021,Tandridge 008,E02006435,2958,857,337,520,2101,1630,471
2021,Tandridge 009,E02006436,3052,878,318,560,2174,1767,407
2021,Tandridge 010,E02006437,3985,1243,485,758,2742,2174,568
2021,Tandridge 011,E02006438,4076,1272,523,749,2804,2178,626
2021,Waverley 001,E02006439,3196,899,354,545,2297,1896,401
2021,Waverley 002,E02006440,3605,1114,435,679,2491,2072,419
2021,Waverley 003,E02006441,3797,1202,503,699,2595,2112,483
2021,Waverley 004,E02006442,2768,879,384,495,1889,1340,549
2021,Waverley 005,E02006443,3855,1141,376,765,2714,2283,431
2021,Waverley 006,E02006444,3370,1124,466,658,2246,1759,487
2021,Waverley 007,E02006445,4206,1156,446,710,3050,2377,673
2021,Waverley 008,E02006446,3178,985,430,555,2193,1580,613
2021,Waverley 009,E02006447,3155,957,406,551,2198,1743,455
2021,Waverley 010,E02006448,3591,1114,448,666,2477,1969,508
2021,Waverley 011,E02006449,3329,1121,437,684,2208,1721,487
2021,Waverley 012,E02006450,3506,1091,496,595,2415,1772,643
2021,Waverley 013,E02006451,5262,1659,687,972,3603,2865,738
2021,Waverley 015,E02006453,3750,1268,545,723,2482,1852,630
2021,Waverley 016,E02006454,3143,994,412,582,2149,1611,538
2021,Waverley 017,E02006455,3008,901,354,547,2107,1733,374
2021,Woking 001,E02006456,4113,1208,427,781,2905,2450,455
2021,Woking 002,E02006457,4418,1240,533,707,3178,2437,741
2021,Woking 003,E02006458,4376,1208,513,695,3168,2460,708
2021,Woking 004,E02006459,5152,1693,663,1030,3459,3039,420
2021,Woking 005,E02006460,4732,1347,448,899,3385,2919,466
2021,Woking 006,E02006461,3401,895,407,488,2506,1946,560
2021,Woking 007,E02006462,4394,1209,450,759,3185,2673,512
2021,Woking 008,E02006463,6176,1162,423,739,5014,4196,818
2021,Woking 009,E02006464,3490,1001,347,654,2489,2088,401
2021,Woking 010,E02006465,3131,855,370,485,2276,1803,473
2021,Woking 011,E02006466,5661,1559,576,983,4102,3546,556
2021,Woking 012,E02006467,3697,945,373,572,2752,2154,598
2021,North Warwickshire 001,E02006468,5495,1502,524,978,3993,3398,595
2021,North Warwickshire 002,E02006469,4206,1224,393,831,2982,2551,431
2021,North Warwickshire 003,E02006470,5404,1493,477,1016,3911,3336,575
2021,North Warwickshire 004,E02006471,3506,990,345,645,2516,2073,443
2021,North Warwickshire 005,E02006472,4820,1343,428,915,3477,2924,553
2021,North Warwickshire 006,E02006473,5197,1389,426,963,3808,3271,537
2021,North Warwickshire 007,E02006474,3122,883,318,565,2239,1781,458
2021,Nuneaton and Bedworth 001,E02006475,4619,1229,392,837,3390,2908,482
2021,Nuneaton and Bedworth 002,E02006476,4376,1168,338,830,3208,2766,442
2021,Nuneaton and Bedworth 003,E02006477,4339,1126,385,741,3213,2803,410
2021,Nuneaton and Bedworth 004,E02006478,4500,1119,334,785,3381,2929,452
2021,Nuneaton and Bedworth 005,E02006479,4351,1190,338,852,3161,2831,330
2021,Nuneaton and Bedworth 006,E02006480,3521,960,250,710,2561,2281,280
2021,Nuneaton and Bedworth 007,E02006481,3244,912,269,643,2332,2059,273
2021,Nuneaton and Bedworth 008,E02006482,3622,895,265,630,2727,2419,308
2021,Nuneaton and Bedworth 009,E02006483,3393,966,292,674,2427,2151,276
2021,Nuneaton and Bedworth 010,E02006484,3768,1008,304,704,2760,2399,361
2021,Nuneaton and Bedworth 011,E02006485,3161,868,273,595,2293,1983,310
2021,Nuneaton and Bedworth 012,E02006486,3334,916,275,641,2418,2142,276
2021,Nuneaton and Bedworth 013,E02006487,2899,859,267,592,2040,1805,235
2021,Nuneaton and Bedworth 014,E02006488,2534,702,193,509,1832,1622,210
2021,Nuneaton and Bedworth 015,E02006489,3849,1058,296,762,2791,2474,317
2021,Nuneaton and Bedworth 016,E02006490,3568,993,290,703,2575,2256,319
2021,Rugby 002,E02006493,5891,1394,456,938,4497,3894,603
2021,Rugby 003,E02006494,3703,863,263,600,2840,2513,327
2021,Rugby 004,E02006495,3799,1035,367,668,2764,2301,463
2021,Rugby 005,E02006496,4200,900,289,611,3300,2910,390
2021,Rugby 006,E02006497,4429,1044,336,708,3385,2959,426
2021,Rugby 007,E02006498,7038,1879,615,1264,5159,4374,785
2021,Rugby 008,E02006499,3366,881,313,568,2485,2140,345
2021,Rugby 009,E02006500,2710,666,224,442,2044,1670,374
2021,Rugby 010,E02006501,4888,1294,437,857,3594,3088,506
2021,Rugby 011,E02006502,4885,1329,472,857,3556,3066,490
2021,Rugby 012,E02006503,4755,1345,548,797,3410,2695,715
2021,Stratford-on-Avon 001,E02006504,2883,942,382,560,1941,1399,542
2021,Stratford-on-Avon 002,E02006505,3172,1070,425,645,2102,1632,470
2021,Stratford-on-Avon 003,E02006506,2809,853,291,562,1956,1669,287
2021,Stratford-on-Avon 004,E02006507,5906,1558,528,1030,4348,3706,642
2021,Stratford-on-Avon 005,E02006508,5669,1627,642,985,4042,3180,862
2021,Stratford-on-Avon 006,E02006509,2793,878,296,582,1915,1550,365
2021,Stratford-on-Avon 007,E02006510,3106,999,389,610,2107,1669,438
2021,Stratford-on-Avon 008,E02006511,5203,1613,639,974,3590,2922,668
2021,Stratford-on-Avon 009,E02006512,6318,1853,690,1163,4465,3773,692
2021,Stratford-on-Avon 010,E02006513,3939,1257,505,752,2682,2131,551
2021,Stratford-on-Avon 011,E02006514,4149,1376,543,833,2773,2271,502
2021,Stratford-on-Avon 012,E02006515,5500,1753,694,1059,3747,2991,756
2021,Stratford-on-Avon 013,E02006516,4943,1421,589,832,3522,2773,749
2021,Stratford-on-Avon 014,E02006517,4978,1486,609,877,3492,2711,781
2021,Stratford-on-Avon 015,E02006518,4871,1586,603,983,3285,2589,696
2021,Warwick 001,E02006519,3778,1115,462,653,2663,2188,475
2021,Warwick 002,E02006520,4057,1215,457,758,2842,2371,471
2021,Warwick 003,E02006521,3251,1032,390,642,2219,1858,361
2021,Warwick 004,E02006522,2964,995,400,595,1969,1481,488
2021,Warwick 005,E02006523,5361,1716,719,997,3645,3006,639
2021,Warwick 006,E02006524,2581,803,267,536,1778,1558,220
2021,Warwick 007,E02006525,6388,1616,671,945,4772,3953,819
2021,Warwick 008,E02006526,4342,1263,432,831,3079,2707,372
2021,Warwick 009,E02006527,4793,1248,502,746,3545,2941,604
2021,Warwick 010,E02006528,5603,1470,617,853,4133,3581,552
2021,Warwick 011,E02006529,6624,1706,591,1115,4918,4211,707
2021,Warwick 012,E02006530,6905,1773,632,1141,5132,4300,832
2021,Warwick 013,E02006531,4610,1388,608,780,3222,2939,283
2021,Warwick 014,E02006532,6006,1632,586,1046,4374,3621,753
2021,Warwick 015,E02006533,5490,1414,454,960,4076,3616,460
2021,Adur 001,E02006534,4297,1516,479,1037,2781,2428,353
2021,Adur 002,E02006535,3360,1267,467,800,2093,1772,321
2021,Adur 003,E02006536,3571,1234,419,815,2337,1986,351
2021,Adur 004,E02006537,4684,1603,533,1070,3081,2715,366
2021,Adur 005,E02006538,4449,1513,578,935,2936,2472,464
2021,Adur 006,E02006539,3344,1058,348,710,2286,1975,311
2021,Adur 007,E02006540,2520,848,260,588,1672,1415,257
2021,Adur 008,E02006541,3597,1163,354,809,2434,2109,325
2021,Arun 001,E02006542,2677,956,415,541,1721,1354,367
2021,Arun 002,E02006543,2581,959,386,573,1622,1334,288
2021,Arun 003,E02006544,5520,1843,671,1172,3677,2970,707
2021,Arun 004,E02006545,5775,1872,615,1257,3903,3322,581
2021,Arun 005,E02006546,4927,1648,579,1069,3279,2769,510
2021,Arun 006,E02006547,3061,1056,391,665,2005,1620,385
2021,Arun 007,E02006548,4679,1602,513,1089,3077,2637,440
2021,Arun 008,E02006549,2213,840,380,460,1373,1142,231
2021,Arun 009,E02006550,4048,1483,509,974,2565,2163,402
2021,Arun 010,E02006551,2518,940,390,550,1578,1287,291
2021,Arun 011,E02006552,3424,1030,369,661,2394,2037,357
2021,Arun 012,E02006553,4904,1549,549,1000,3355,2844,511
2021,Arun 013,E02006554,2776,1003,399,604,1773,1441,332
2021,Arun 014,E02006555,3712,1191,411,780,2521,2216,305
2021,Arun 015,E02006556,4554,1616,577,1039,2938,2480,458
2021,Arun 016,E02006557,3733,1170,411,759,2563,2194,369
2021,Arun 017,E02006558,4978,1394,527,867,3584,3096,488
2021,Arun 018,E02006559,2974,1153,456,697,1821,1462,359
2021,Arun 019,E02006560,4136,1467,549,918,2669,2194,475
2021,Chichester 001,E02006561,3144,1010,410,600,2134,1623,511
2021,Chichester 002,E02006562,2865,1008,477,531,1857,1329,528
2021,Chichester 003,E02006563,2700,983,438,545,1717,1263,454
2021,Chichester 004,E02006564,3659,1257,514,743,2402,1926,476
2021,Chichester 005,E02006565,3698,1365,606,759,2333,1739,594
2021,Chichester 006,E02006566,3542,1277,511,766,2265,1801,464
2021,Chichester 007,E02006567,3641,1286,509,777,2355,1910,445
2021,Chichester 008,E02006568,5607,1938,770,1168,3669,3129,540
2021,Chichester 009,E02006569,4550,1494,567,927,3056,2363,693
2021,Chichester 010,E02006570,4176,1342,536,806,2834,2407,427
2021,Chichester 011,E02006571,3896,1361,532,829,2535,2083,452
2021,Chichester 012,E02006572,5606,1839,686,1153,3767,3140,627
2021,Chichester 013,E02006573,4898,1843,767,1076,3055,2336,719
2021,Chichester 014,E02006574,4383,1537,605,932,2846,2399,447
2021,Crawley 001,E02006575,4104,1383,517,866,2721,2352,369
2021,Crawley 002,E02006576,5671,1539,566,973,4132,3564,568
2021,Crawley 003,E02006577,4310,1273,476,797,3037,2660,377
2021,Crawley 004,E02006578,6509,1863,709,1154,4646,4129,517
2021,Crawley 005,E02006579,4302,1182,444,738,3120,2778,342
2021,Crawley 006,E02006580,4128,1232,448,784,2896,2526,370
2021,Crawley 007,E02006581,5085,1487,526,961,3598,3142,456
2021,Crawley 008,E02006582,4255,1157,411,746,3098,2643,455
2021,Crawley 009,E02006583,4742,1438,529,909,3304,2894,410
2021,Crawley 010,E02006584,3798,1128,358,770,2670,2367,303
2021,Crawley 011,E02006585,3898,1274,423,851,2624,2311,313
2021,Crawley 012,E02006586,3989,1288,466,822,2701,2370,331
2021,Crawley 013,E02006587,4102,1209,449,760,2893,2532,361
2021,Horsham 001,E02006588,5619,1530,606,924,4089,3420,669
2021,Horsham 002,E02006589,5810,1793,682,1111,4017,3452,565
2021,Horsham 003,E02006590,4449,1395,542,853,3054,2528,526
2021,Horsham 004,E02006591,4299,1205,458,747,3094,2602,492
2021,Horsham 005,E02006592,3220,1087,457,630,2133,1623,510
2021,Horsham 006,E02006593,5612,1588,583,1005,4024,3411,613
2021,Horsham 007,E02006594,5695,1643,645,998,4052,3399,653
2021,Horsham 008,E02006595,4011,1338,549,789,2673,2036,637
2021,Horsham 009,E02006596,5003,1581,619,962,3422,2868,554
2021,Horsham 010,E02006597,6378,1935,739,1196,4443,3561,882
2021,Horsham 011,E02006598,2771,929,412,517,1842,1448,394
2021,Horsham 012,E02006599,2805,1028,498,530,1777,1379,398
2021,Horsham 013,E02006600,4387,1468,581,887,2919,2379,540
2021,Horsham 014,E02006601,4093,1400,569,831,2693,2131,562
2021,Horsham 015,E02006602,4167,1431,610,821,2736,2169,567
2021,Horsham 016,E02006603,3848,1470,593,877,2378,1953,425
2021,Mid Sussex 001,E02006604,6996,2089,800,1289,4907,4177,730
2021,Mid Sussex 002,E02006605,3228,993,383,610,2235,1792,443
2021,Mid Sussex 003,E02006606,4285,1367,487,880,2918,2426,492
2021,Mid Sussex 004,E02006607,3910,1235,484,751,2675,2188,487
2021,Mid Sussex 005,E02006608,3054,1027,414,613,2027,1634,393
2021,Mid Sussex 006,E02006609,3299,1089,463,626,2210,1656,554
2021,Mid Sussex 007,E02006610,4007,1201,529,672,2806,2166,640
2021,Mid Sussex 008,E02006611,5196,1698,643,1055,3498,2841,657
2021,Mid Sussex 009,E02006612,6336,1561,580,981,4775,4041,734
2021,Mid Sussex 010,E02006613,3996,1197,427,770,2799,2437,362
2021,Mid Sussex 011,E02006614,6540,1943,777,1166,4597,3791,806
2021,Mid Sussex 012,E02006615,3921,1137,398,739,2784,2402,382
2021,Mid Sussex 013,E02006616,5130,1518,515,1003,3612,3080,532
2021,Mid Sussex 014,E02006617,4633,1378,474,904,3255,2834,421
2021,Mid Sussex 015,E02006618,3083,991,398,593,2092,1764,328
2021,Mid Sussex 016,E02006619,4345,1464,575,889,2881,2190,691
2021,Mid Sussex 017,E02006620,4617,1613,629,984,3004,2442,562
2021,Worthing 001,E02006621,3359,1218,456,762,2141,1820,321
2021,Worthing 002,E02006622,3628,1185,444,741,2443,2106,337
2021,Worthing 003,E02006623,3651,1265,420,845,2386,2078,308
2021,Worthing 004,E02006624,3711,1249,454,795,2462,2109,353
2021,Worthing 005,E02006625,4361,1416,470,946,2945,2573,372
2021,Worthing 006,E02006626,4920,1604,536,1068,3316,2874,442
2021,Worthing 007,E02006627,4773,1568,488,1080,3205,2828,377
2021,Worthing 008,E02006628,4659,1455,485,970,3204,2815,389
2021,Worthing 009,E02006629,3686,1254,419,835,2432,2150,282
2021,Worthing 010,E02006630,4104,1214,403,811,2890,2478,412
2021,Worthing 011,E02006631,5394,1546,569,977,3848,3384,464
2021,Worthing 012,E02006632,3871,1239,439,800,2632,2257,375
2021,Worthing 013,E02006633,3437,1253,467,786,2184,1866,318
2021,Wiltshire 012,E02006634,4230,1355,577,778,2875,2096,779
2021,Wiltshire 019,E02006635,3819,1261,478,783,2558,2030,528
2021,Wiltshire 024,E02006636,3430,1146,434,712,2284,1761,523
2021,Wiltshire 025,E02006637,5455,1583,518,1065,3872,3316,556
2021,Wiltshire 026,E02006638,2766,936,345,591,1830,1524,306
2021,Wiltshire 028,E02006639,3918,1270,480,790,2648,2051,597
2021,Wiltshire 029,E02006640,3644,1149,497,652,2495,1887,608
2021,Wiltshire 034,E02006641,3961,1203,454,749,2758,2189,569
2021,Wiltshire 038,E02006642,2869,818,319,499,2051,1610,441
2021,Wiltshire 001,E02006644,3228,1005,403,602,2223,1840,383
2021,Wiltshire 002,E02006645,3942,1226,451,775,2716,2267,449
2021,Wiltshire 003,E02006646,4199,1162,385,777,3037,2534,503
2021,Wiltshire 004,E02006647,2982,960,408,552,2022,1521,501
2021,Wiltshire 005,E02006648,3020,887,362,525,2133,1626,507
2021,Wiltshire 006,E02006649,3784,1037,346,691,2747,2400,347
2021,Wiltshire 007,E02006650,7525,1781,604,1177,5744,4569,1175
2021,Wiltshire 008,E02006651,3683,1183,502,681,2500,1903,597
2021,Wiltshire 009,E02006652,5145,1484,525,959,3661,3175,486
2021,Wiltshire 010,E02006653,5153,1532,494,1038,3621,3165,456
2021,Wiltshire 011,E02006654,4641,1291,408,883,3350,2926,424
2021,Wiltshire 013,E02006655,4133,1217,498,719,2916,2319,597
2021,Wiltshire 014,E02006656,3779,1093,361,732,2686,2334,352
2021,Wiltshire 015,E02006657,5425,1439,501,938,3986,3410,576
2021,Wiltshire 016,E02006658,3962,1159,389,770,2803,2406,397
2021,Wiltshire 017,E02006659,4173,1250,482,768,2923,2360,563
2021,Wiltshire 018,E02006660,6502,2031,705,1326,4471,3718,753
2021,Wiltshire 045,E02006661,5545,1237,420,817,4308,3310,998
2021,Wiltshire 046,E02006662,3763,941,309,632,2822,2436,386
2021,Wiltshire 048,E02006663,6898,1736,543,1193,5162,4484,678
2021,Wiltshire 049,E02006664,3105,949,362,587,2156,1746,410
2021,Wiltshire 050,E02006665,2959,1028,445,583,1931,1460,471
2021,Wiltshire 051,E02006666,3345,1028,328,700,2317,1988,329
2021,Wiltshire 052,E02006667,3734,1113,367,746,2621,2320,301
2021,Wiltshire 053,E02006668,2823,951,375,576,1872,1608,264
2021,Wiltshire 054,E02006669,5049,1653,656,997,3396,2697,699
2021,Wiltshire 055,E02006670,3778,1005,309,696,2773,2434,339
2021,Wiltshire 056,E02006671,3196,861,290,571,2335,1988,347
2021,Wiltshire 057,E02006672,4757,1395,469,926,3362,2800,562
2021,Wiltshire 058,E02006673,2313,734,288,446,1579,1295,284
2021,Wiltshire 059,E02006674,2873,910,312,598,1963,1692,271
2021,Wiltshire 060,E02006675,3858,1224,485,739,2634,2140,494
2021,Wiltshire 061,E02006676,2882,1072,436,636,1810,1331,479
2021,Wiltshire 062,E02006677,3694,1311,543,768,2383,1870,513
2021,Wiltshire 020,E02006678,3797,1082,332,750,2715,2365,350
2021,Wiltshire 021,E02006679,6129,1836,662,1174,4293,3529,764
2021,Wiltshire 022,E02006680,3657,1115,384,731,2542,2201,341
2021,Wiltshire 023,E02006681,2668,948,398,550,1720,1369,351
2021,Wiltshire 027,E02006682,4595,1578,578,1000,3017,2519,498
2021,Wiltshire 030,E02006683,4065,1272,427,845,2793,2366,427
2021,Wiltshire 031,E02006684,3528,995,346,649,2533,2241,292
2021,Wiltshire 032,E02006685,5007,1441,451,990,3566,3068,498
2021,Wiltshire 033,E02006686,2538,863,276,587,1675,1447,228
2021,Wiltshire 035,E02006687,4090,1247,412,835,2843,2527,316
2021,Wiltshire 036,E02006688,2909,827,268,559,2082,1830,252
2021,Wiltshire 037,E02006689,3280,1074,405,669,2206,1786,420
2021,Wiltshire 039,E02006690,3343,1087,410,677,2256,1842,414
2021,Wiltshire 042,E02006692,2643,702,213,489,1941,1583,358
2021,Wiltshire 043,E02006693,3283,1034,360,674,2249,1887,362
2021,Wiltshire 044,E02006694,2893,876,310,566,2017,1688,329
2021,Wiltshire 047,E02006695,3039,1081,442,639,1958,1488,470
2021,Bromsgrove 001,E02006696,3426,1047,383,664,2379,1915,464
2021,Bromsgrove 002,E02006697,3586,1164,455,709,2422,1854,568
2021,Bromsgrove 003,E02006698,3037,881,280,601,2156,1883,273
2021,Bromsgrove 004,E02006699,2573,781,243,538,1792,1507,285
2021,Bromsgrove 005,E02006700,2927,871,321,550,2056,1710,346
2021,Bromsgrove 006,E02006701,3670,1051,389,662,2619,2072,547
2021,Bromsgrove 007,E02006702,2841,836,273,563,2005,1724,281
2021,Bromsgrove 008,E02006703,3918,1118,398,720,2800,2260,540
2021,Bromsgrove 009,E02006704,3217,949,343,606,2268,1808,460
2021,Bromsgrove 010,E02006705,3619,1097,331,766,2522,2157,365
2021,Bromsgrove 011,E02006706,3034,951,293,658,2083,1743,340
2021,Bromsgrove 012,E02006707,3429,981,310,671,2448,2079,369
2021,Bromsgrove 013,E02006708,3948,1158,351,807,2790,2410,380
2021,Bromsgrove 014,E02006709,4064,1131,413,718,2933,2398,535
2021,Malvern Hills 001,E02006710,3837,1309,478,831,2528,1933,595
2021,Malvern Hills 002,E02006711,4013,1341,546,795,2672,2041,631
2021,Malvern Hills 003,E02006712,3629,1165,426,739,2464,1979,485
2021,Malvern Hills 004,E02006713,2755,937,336,601,1818,1549,269
2021,Malvern Hills 005,E02006714,2657,929,309,620,1728,1394,334
2021,Malvern Hills 006,E02006715,4268,1437,477,960,2831,2395,436
2021,Malvern Hills 007,E02006716,2650,958,288,670,1692,1475,217
2021,Malvern Hills 008,E02006717,3206,946,334,612,2260,1846,414
2021,Malvern Hills 009,E02006718,2382,844,293,551,1538,1322,216
2021,Malvern Hills 010,E02006719,3072,1122,487,635,1950,1623,327
2021,Malvern Hills 011,E02006720,3329,1163,420,743,2166,1661,505
2021,Redditch 001,E02006721,3233,904,288,616,2329,2032,297
2021,Redditch 002,E02006722,2540,701,206,495,1839,1630,209
2021,Redditch 003,E02006723,4575,1210,386,824,3365,2959,406
2021,Redditch 004,E02006724,3304,886,301,585,2418,2151,267
2021,Redditch 005,E02006725,2606,696,219,477,1910,1676,234
2021,Redditch 006,E02006726,3211,826,265,561,2385,2097,288
2021,Redditch 007,E02006727,2960,780,257,523,2180,1920,260
2021,Redditch 008,E02006728,3973,1104,331,773,2869,2473,396
2021,Redditch 009,E02006729,3796,1001,311,690,2795,2479,316
2021,Redditch 010,E02006730,3157,803,262,541,2354,2116,238
2021,Redditch 011,E02006731,2760,794,253,541,1966,1726,240
2021,Redditch 012,E02006732,3544,950,280,670,2594,2277,317
2021,Redditch 013,E02006733,3042,916,321,595,2126,1745,381
2021,Worcester 001,E02006734,3996,1177,398,779,2819,2373,446
2021,Worcester 002,E02006735,2236,734,204,530,1502,1336,166
2021,Worcester 003,E02006736,3763,907,253,654,2856,2482,374
2021,Worcester 004,E02006737,4316,1266,386,880,3050,2644,406
2021,Worcester 005,E02006738,4227,1278,367,911,2949,2629,320
2021,Worcester 006,E02006739,2501,1012,478,534,1489,1296,193
2021,Worcester 007,E02006740,4050,1124,431,693,2926,2517,409
2021,Worcester 008,E02006741,3380,898,293,605,2482,2160,322
2021,Worcester 009,E02006742,4106,1440,518,922,2666,2286,380
2021,Worcester 010,E02006743,3324,968,263,705,2356,2070,286
2021,Worcester 011,E02006744,3784,1150,372,778,2634,2263,371
2021,Worcester 012,E02006745,4176,1283,403,880,2893,2504,389
2021,Worcester 013,E02006746,4657,1322,452,870,3335,2827,508
2021,Worcester 014,E02006747,3112,900,286,614,2212,1917,295
2021,Wychavon 001,E02006748,4334,1232,455,777,3102,2468,634
2021,Wychavon 002,E02006749,2395,736,244,492,1659,1442,217
2021,Wychavon 003,E02006750,2450,682,214,468,1768,1471,297
2021,Wychavon 004,E02006751,2572,794,238,556,1778,1499,279
2021,Wychavon 005,E02006752,4134,1200,426,774,2934,2435,499
2021,Wychavon 006,E02006753,3577,1070,355,715,2507,1965,542
2021,Wychavon 007,E02006754,2891,865,348,517,2026,1525,501
2021,Wychavon 008,E02006755,2802,897,362,535,1905,1440,465
2021,Wychavon 009,E02006756,3516,1041,352,689,2475,2015,460
2021,Wychavon 010,E02006757,3329,1047,417,630,2282,1828,454
2021,Wychavon 011,E02006758,3035,968,368,600,2067,1659,408
2021,Wychavon 012,E02006759,3650,1121,389,732,2529,2132,397
2021,Wychavon 013,E02006760,4215,1335,486,849,2880,2330,550
2021,Wychavon 014,E02006761,3319,829,292,537,2490,2126,364
2021,Wychavon 015,E02006762,3615,996,345,651,2619,2195,424
2021,Wychavon 016,E02006763,4366,1253,441,812,3113,2629,484
2021,Wychavon 017,E02006764,3011,811,264,547,2200,1878,322
2021,Wychavon 018,E02006765,2813,979,402,577,1834,1446,388
2021,Wychavon 019,E02006766,3634,1188,491,697,2446,1902,544
2021,Wyre Forest 001,E02006767,4247,1344,468,876,2903,2336,567
2021,Wyre Forest 002,E02006768,3259,1046,295,751,2213,1875,338
2021,Wyre Forest 003,E02006769,3574,1035,279,756,2539,2168,371
2021,Wyre Forest 004,E02006770,3843,1171,338,833,2672,2333,339
2021,Wyre Forest 005,E02006771,2875,970,335,635,1905,1572,333
2021,Wyre Forest 006,E02006772,2977,925,276,649,2052,1769,283
2021,Wyre Forest 007,E02006773,3501,1090,320,770,2411,2076,335
2021,Wyre Forest 008,E02006774,3740,1163,355,808,2577,2191,386
2021,Wyre Forest 009,E02006775,2522,754,217,537,1768,1515,253
2021,Wyre Forest 010,E02006776,3042,956,315,641,2086,1793,293
2021,Wyre Forest 011,E02006777,3116,1048,378,670,2068,1642,426
2021,Wyre Forest 012,E02006778,3245,989,287,702,2256,1925,331
2021,Wyre Forest 013,E02006779,3496,1062,363,699,2434,2035,399
2021,Wyre Forest 014,E02006780,2355,748,242,506,1607,1378,229
2021,Isles of Scilly 001,E02006781,1114,346,134,212,768,597,171
2021,Bromley 040,E02006782,3875,1151,449,702,2724,2307,417
2021,Lewisham 037,E02006783,3459,1122,373,749,2337,2025,312
2021,Lewisham 038,E02006784,3637,1163,380,783,2474,2128,346
2021,Bexley 029,E02006785,3160,878,325,553,2282,2001,281
2021,Greenwich 033,E02006786,3484,1059,357,702,2425,2114,311
2021,Bromley 041,E02006787,3943,1086,390,696,2857,2374,483
2021,Croydon 045,E02006788,3688,1124,412,712,2564,2224,340
2021,Bromley 042,E02006789,3053,998,413,585,2055,1640,415
2021,Tandridge 012,E02006790,3571,1146,429,717,2425,1941,484
2021,Ealing 040,E02006791,4367,926,378,548,3441,2615,826
2021,Hounslow 029,E02006792,4896,1002,459,543,3894,3019,875
2021,Enfield 037,E02006793,3615,1475,438,1037,2140,1873,267
2021,Haringey 037,E02006794,3409,1428,510,918,1981,1705,276
2021,Harrow 032,E02006795,4060,1264,463,801,2796,2430,366
2021,Hillingdon 033,E02006796,4971,1208,429,779,3763,3236,527
2021,Lewisham 039,E02006798,4732,1482,581,901,3250,2742,508
2021,Barking and Dagenham 023,E02006799,5098,1705,605,1100,3393,2975,418
2021,Redbridge 034,E02006800,6419,2117,742,1375,4302,3713,589
2021,Lambeth 036,E02006801,4261,977,478,499,3284,2450,834
2021,Southwark 034,E02006802,4774,1165,513,652,3609,2680,929
2021,Sheffield 072,E02006803,4823,1376,415,961,3447,2964,483
2021,North East Derbyshire 014,E02006804,3916,1178,337,841,2738,2336,402
2021,Coventry 043,E02006805,4025,1157,344,813,2868,2591,277
2021,Nuneaton and Bedworth 018,E02006806,4034,1089,332,757,2945,2635,310
2021,Birmingham 132,E02006807,3723,1097,391,706,2626,2335,291
2021,Solihull 030,E02006808,3379,927,302,625,2452,2160,292
2021,Birmingham 133,E02006809,4621,1355,444,911,3266,2921,345
2021,Sandwell 039,E02006810,4688,1353,410,943,3335,2937,398
2021,Middlesbrough 020,E02006811,5305,1446,456,990,3859,3247,612
2021,Redcar and Cleveland 021,E02006812,3135,1028,278,750,2107,1773,334
2021,Kingston upon Hull 033,E02006813,3429,1072,251,821,2357,2059,298
2021,East Riding of Yorkshire 043,E02006814,3981,1201,332,869,2780,2435,345
2021,Leicester 037,E02006815,4821,1615,410,1205,3206,2923,283
2021,Harborough 011,E02006816,4334,1242,417,825,3092,2681,411
2021,Leicester 038,E02006817,3896,1348,485,863,2548,2259,289
2021,Oadby and Wigston 008,E02006818,3925,1287,376,911,2638,2335,303
2021,Leicester 039,E02006819,3339,1056,278,778,2283,2039,244
2021,Blaby 013,E02006820,5124,1447,439,1008,3677,3197,480
2021,Portsmouth 026,E02006821,3396,1037,336,701,2359,1970,389
2021,Havant 018,E02006822,4512,1352,473,879,3160,2686,474
2021,Buckinghamshire 039,E02006823,4068,1264,548,716,2804,2071,733
2021,Buckinghamshire 036,E02006824,4598,1436,544,892,3162,2595,567
2021,East Cambridgeshire 011,E02006825,3140,865,339,526,2275,1758,517
2021,West Suffolk 015,E02006826,5377,1355,467,888,4022,3328,694
2021,Amber Valley 017,E02006827,3545,1003,318,685,2542,2217,325
2021,Erewash 016,E02006828,3755,1077,318,759,2678,2345,333
2021,East Hampshire 016,E02006829,3511,1127,433,694,2384,1936,448
2021,Havant 019,E02006830,3045,954,304,650,2091,1815,276
2021,Havant 020,E02006831,2911,931,305,626,1980,1680,300
2021,Sevenoaks 016,E02006832,2928,921,346,575,2007,1633,374
2021,Tonbridge and Malling 014,E02006833,6128,1792,727,1065,4336,3338,998
2021,Nottingham 038,E02006834,3085,933,208,725,2152,1940,212
2021,Gedling 016,E02006835,2936,892,256,636,2044,1760,284
2021,Sutton 025,E02006836,4062,1096,438,658,2966,2377,589
2021,Epsom and Ewell 010,E02006837,5650,1570,638,932,4080,3216,864
2021,East Hampshire 017,E02006838,3143,969,383,586,2174,1681,493
2021,Waverley 018,E02006839,3999,1288,560,728,2711,1982,729
2021,Torbay 019,E02006840,5072,1860,601,1259,3212,2759,453
2021,Gateshead 027,E02006841,3854,981,375,606,2873,2555,318
2021,Gateshead 028,E02006842,2191,713,183,530,1478,1307,171
2021,Sheffield 073,E02006843,4501,1177,614,563,3324,2938,386
2021,Sheffield 074,E02006844,2569,1177,621,556,1392,1241,151
2021,North Somerset 026,E02006845,5015,1526,484,1042,3489,2968,521
2021,North Somerset 027,E02006846,5468,1470,418,1052,3998,3432,566
2021,Swindon 026,E02006847,5595,1361,397,964,4234,3691,543
2021,Swindon 027,E02006848,4897,1092,318,774,3805,3337,468
2021,Swindon 028,E02006849,5794,1403,411,992,4391,3844,547
2021,Leicester 040,E02006850,3170,1343,678,665,1827,1645,182
2021,Leicester 041,E02006851,3969,1519,767,752,2450,2180,270
2021,Leeds 109,E02006852,6206,1682,669,1013,4524,3889,635
2021,Tower Hamlets 032,E02006853,6194,1215,476,739,4979,3679,1300
2021,Tower Hamlets 033,E02006854,4488,676,282,394,3812,2588,1224
2021,Canterbury 019,E02006855,3044,958,372,586,2086,1788,298
2021,Canterbury 020,E02006856,4939,1638,723,915,3301,2763,538
2021,Eastbourne 013,E02006857,3858,1296,415,881,2562,2205,357
2021,Eastbourne 014,E02006858,2923,963,319,644,1960,1642,318
2021,Thurrock 019,E02006859,4298,1029,367,662,3269,2771,498
2021,Leeds 110,E02006861,4806,2148,1226,922,2658,2383,275
2021,North Northamptonshire 009,E02006862,3273,837,247,590,2436,2085,351
2021,North Northamptonshire 008,E02006863,6743,1530,480,1050,5213,4504,709
2021,Boston 008,E02006864,4240,1202,318,884,3038,2513,525
2021,Boston 009,E02006865,4138,1172,318,854,2966,2464,502
2021,North Kesteven 013,E02006866,4430,1150,361,789,3280,2827,453
2021,North Kesteven 014,E02006867,3853,1108,331,777,2745,2359,386
2021,Sheffield 075,E02006868,5013,1757,539,1218,3256,2952,304
2021,Sheffield 076,E02006869,5334,1646,402,1244,3688,3255,433
2021,Lancaster 020,E02006871,5565,1890,558,1332,3675,3165,510
2021,High Peak 013,E02006872,6261,1998,701,1297,4263,3453,810
2021,South Cambridgeshire 020,E02006873,5199,1386,466,920,3813,3266,547
2021,South Cambridgeshire 021,E02006874,5433,1391,501,890,4042,3384,658
2021,Leeds 111,E02006875,4313,925,543,382,3388,2845,543
2021,Leeds 112,E02006876,4438,835,276,559,3603,3183,420
2021,Peterborough 022,E02006877,5655,1339,421,918,4316,3681,635
2021,Peterborough 023,E02006878,6856,1604,529,1075,5252,4473,779
2021,Folkestone and Hythe 014,E02006879,2834,938,286,652,1896,1599,297
2021,Folkestone and Hythe 015,E02006880,3181,831,320,511,2350,1993,357
2021,Burnley 014,E02006881,4672,1320,377,943,3352,2989,363
2021,Harrow 033,E02006882,7096,2025,760,1265,5071,4274,797
2021,"Bournemouth, Christchurch and Poole 040",E02006883,3005,728,248,480,2277,1969,308
2021,Rossendale 010,E02006884,5604,1584,463,1121,4020,3462,558
2021,"Bournemouth, Christchurch and Poole 045",E02006885,3870,1039,433,606,2831,2396,435
2021,Vale of White Horse 016,E02006886,7045,1839,693,1146,5206,4133,1073
2021,Bristol 054,E02006887,5307,1203,488,715,4104,3666,438
2021,Bristol 055,E02006888,3363,1274,446,828,2089,1854,235
2021,Bristol 056,E02006889,3047,1242,441,801,1805,1614,191
2021,Bristol 057,E02006890,4906,1698,537,1161,3208,2874,334
2021,East Riding of Yorkshire 044,E02006891,3921,1239,415,824,2682,2162,520
2021,East Riding of Yorkshire 045,E02006892,2787,873,274,599,1914,1583,331
2021,Newcastle upon Tyne 031,E02006893,4788,1465,392,1073,3323,2960,363
2021,Wolverhampton 035,E02006894,5632,1627,531,1096,4005,3489,516
2021,Birmingham 134,E02006895,4164,1120,434,686,3044,2716,328
2021,Birmingham 135,E02006896,3140,801,330,471,2339,2030,309
2021,Birmingham 136,E02006897,3677,1015,407,608,2662,2335,327
2021,Birmingham 137,E02006898,4827,959,353,606,3868,3314,554
2021,Birmingham 138,E02006899,4013,643,298,345,3370,2802,568
2021,Birmingham 139,E02006900,4533,2220,700,1520,2313,2120,193
2021,Manchester 054,E02006902,5051,950,408,542,4101,3611,490
2021,Bassetlaw 016,E02006903,5113,1620,446,1174,3493,3045,448
2021,Nottingham 039,E02006904,4505,1183,593,590,3322,2923,399
2021,Nottingham 040,E02006905,3312,1056,330,726,2256,2021,235
2021,Broxtowe 016,E02006906,5985,1741,585,1156,4244,3666,578
2021,Norwich 014,E02006907,4070,1039,405,634,3031,2653,378
2021,Norwich 015,E02006908,3032,862,311,551,2170,1897,273
2021,Hartlepool 014,E02006909,6003,1712,558,1154,4291,3502,789
2021,Redcar and Cleveland 022,E02006910,4342,1361,366,995,2981,2582,399
2021,Manchester 055,E02006912,6070,1012,480,532,5058,4420,638
2021,Manchester 056,E02006913,3809,1077,348,729,2732,2447,285
2021,Manchester 057,E02006914,2628,873,488,385,1755,1551,204
2021,Manchester 058,E02006915,3251,1266,385,881,1985,1785,200
2021,Manchester 059,E02006916,4486,878,304,574,3608,3192,416
2021,Manchester 060,E02006917,4536,605,271,334,3931,3349,582
2021,Hackney 028,E02006918,3872,1348,470,878,2524,2173,351
2021,South Derbyshire 012,E02006919,5631,1432,437,995,4199,3570,629
2021,South Derbyshire 013,E02006920,4213,1089,357,732,3124,2591,533
2021,Hackney 029,E02006921,3112,1557,483,1074,1555,1352,203
2021,Colchester 022,E02006922,6486,2116,754,1362,4370,3681,689
2021,Redbridge 035,E02006924,6224,2052,798,1254,4172,3519,653
2021,Redbridge 036,E02006925,6689,2134,887,1247,4555,3814,741
2021,Thurrock 020,E02006926,4421,1101,401,700,3320,2761,559
2021,Greenwich 034,E02006927,6291,1445,544,901,4846,3962,884
2021,Greenwich 035,E02006928,6971,1356,579,777,5615,4430,1185
2021,Greenwich 037,E02006930,5948,1205,471,734,4743,3688,1055
2021,Greenwich 038,E02006931,5227,1187,501,686,4040,3057,983
2021,Liverpool 060,E02006932,4566,1964,1184,780,2602,2268,334
2021,Liverpool 061,E02006933,4409,1000,381,619,3409,2900,509
2021,Liverpool 062,E02006934,4007,878,406,472,3129,2698,431
2021,St. Helens 024,E02006935,3050,881,260,621,2169,1911,258
2021,St. Helens 025,E02006936,3832,888,265,623,2944,2542,402
2021,Luton 022,E02006937,4803,1328,442,886,3475,3037,438
2021,Luton 023,E02006938,2849,985,378,607,1864,1599,265
2021,Reading 019,E02006939,4386,730,285,445,3656,3250,406
2021,Reading 020,E02006940,4656,798,357,441,3858,3448,410
2021,Southwark 035,E02006941,3978,457,194,263,3521,2131,1390
2021,Southwark 036,E02006942,4294,733,292,441,3561,2448,1113
2021,Sandwell 040,E02006943,2649,958,314,644,1691,1541,150
2021,Sandwell 041,E02006944,2893,1114,323,791,1779,1595,184
2021,Bradford 062,E02006945,4392,1201,353,848,3191,2735,456
2021,Bradford 063,E02006946,2562,717,229,488,1845,1593,252
2021,Bradford 064,E02006947,3122,1254,351,903,1868,1720,148
2021,Bradford 065,E02006948,2462,779,207,572,1683,1543,140
2021,Bristol 058,E02006949,3844,1231,424,807,2613,2316,297
2021,Bristol 059,E02006950,4204,1218,473,745,2986,2656,330
2021,Bristol 060,E02006951,3478,1085,672,413,2393,2040,353
2021,Bristol 061,E02006952,3448,924,509,415,2524,2199,325
2021,Barnet 042,E02006953,4770,1188,491,697,3582,2990,592
2021,Barnet 043,E02006954,5138,1451,550,901,3687,3134,553
2021,Brent 035,E02006955,3842,893,378,515,2949,2489,460
2021,Brent 036,E02006956,4040,1204,456,748,2836,2488,348
2021,Salford 031,E02006957,2577,1534,344,1190,1043,929,114
2021,Salford 032,E02006958,3385,1210,367,843,2175,1947,228
2021,Salford 033,E02006959,5566,904,354,550,4662,4119,543
2021,Salford 034,E02006960,4788,1186,501,685,3602,3231,371
2021,Salford 035,E02006961,3482,929,309,620,2553,2299,254
2021,Salford 036,E02006962,3399,655,237,418,2744,2505,239
2021,Salford 037,E02006963,4500,699,281,418,3801,3320,481
2021,Leicester 042,E02006964,3258,1033,324,709,2225,2043,182
2021,Leicester 043,E02006965,3789,1262,386,876,2527,2291,236
2021,Oadby and Wigston 010,E02006966,3061,1067,423,644,1994,1673,321
2021,Oadby and Wigston 011,E02006967,3641,1091,373,718,2550,2246,304
2021,Ealing 041,E02006968,4193,992,420,572,3201,2434,767
2021,Ealing 042,E02006969,3701,732,303,429,2969,2389,580
2021,Ealing 043,E02006970,3023,984,306,678,2039,1822,217
2021,Ealing 044,E02006971,3308,1122,365,757,2186,1958,228
2021,Hounslow 030,E02006972,2634,675,274,401,1959,1582,377
2021,Hounslow 031,E02006973,4272,1191,494,697,3081,2586,495
2021,Stoke-on-Trent 035,E02006974,4868,1311,346,965,3557,3155,402
2021,Portsmouth 027,E02006975,2713,1226,602,624,1487,1293,194
2021,Portsmouth 028,E02006976,1809,726,222,504,1083,949,134
2021,Chelmsford 022,E02006978,3971,863,351,512,3108,2601,507
2021,Chelmsford 023,E02006979,3970,778,272,506,3192,2738,454
2021,Rochford 011,E02006980,3596,1135,471,664,2461,2001,460
2021,Rochford 012,E02006981,3750,1079,417,662,2671,2184,487
2021,South Staffordshire 015,E02006982,5871,1782,598,1184,4089,3477,612
2021,Manchester 061,E02006983,3809,830,250,580,2979,2673,306
2021,Manchester 062,E02006984,3884,615,243,372,3269,2915,354
2021,Manchester 063,E02006985,2869,1531,407,1124,1338,1225,113
2021,Manchester 064,E02006986,2419,965,287,678,1454,1336,118
2021,Croydon 046,E02006987,4721,943,385,558,3778,3229,549
2021,Croydon 047,E02006988,3716,979,365,614,2737,2363,374
2021,Plymouth 033,E02006989,2429,799,299,500,1630,1392,238
2021,Plymouth 034,E02006990,3128,919,332,587,2209,1840,369
2021,Greenwich 039,E02006991,4431,659,271,388,3772,3011,761
2021,Greenwich 040,E02006992,4882,887,317,570,3995,3066,929
2021,Greenwich 041,E02006993,5019,967,379,588,4052,3300,752
2021,Greenwich 042,E02006994,3902,1112,423,689,2790,2362,428
2021,Newham 038,E02006995,5440,789,301,488,4651,3668,983
2021,Newham 039,E02006996,4713,1019,391,628,3694,2959,735
2021,Newham 040,E02006997,4433,838,319,519,3595,3010,585
2021,Newham 041,E02006998,3485,1066,400,666,2419,2108,311
2021,Newham 042,E02006999,7317,1241,458,783,6076,4895,1181
2021,Oldham 036,E02007000,2316,1026,291,735,1290,1190,100
2021,Oldham 037,E02007001,2905,1218,384,834,1687,1552,135
2021,Rotherham 034,E02007002,5439,1564,499,1065,3875,3265,610
2021,Pendle 014,E02007003,4748,1439,394,1045,3309,2959,350
2021,Thurrock 021,E02007004,3482,814,263,551,2668,2251,417
2021,Thurrock 022,E02007005,4563,1087,351,736,3476,2953,523
2021,Dorset 031,E02007006,2413,746,251,495,1667,1438,229
2021,Dorset 032,E02007007,3053,1086,376,710,1967,1681,286
2021,Lewisham 040,E02007008,3570,685,258,427,2885,2463,422
2021,Lewisham 041,E02007009,4759,1388,504,884,3371,2828,543
2021,Bedford 021,E02007010,4452,1095,366,729,3357,2875,482
2021,Bedford 022,E02007011,3902,893,319,574,3009,2522,487
2021,Milton Keynes 033,E02007012,4252,976,325,651,3276,2807,469
2021,Milton Keynes 034,E02007013,5591,1125,368,757,4466,3924,542
2021,Milton Keynes 035,E02007014,3862,882,285,597,2980,2623,357
2021,Milton Keynes 036,E02007015,5377,1125,388,737,4252,3756,496
2021,Milton Keynes 037,E02007016,4600,1009,380,629,3591,3110,481
2021,Redbridge 037,E02007017,3841,1208,429,779,2633,2294,339
2021,Redbridge 038,E02007018,3231,1058,337,721,2173,1906,267
2021,Redbridge 039,E02007019,2980,1029,375,654,1951,1699,252
2021,Redbridge 040,E02007020,3912,1500,528,972,2412,2043,369
2021,Oxford 020,E02007021,4057,1127,414,713,2930,2600,330
2021,County Durham 067,E02007022,5210,1565,593,972,3645,2812,833
2021,Wiltshire 063,E02007023,3900,1154,389,765,2746,2335,411
2021,Wiltshire 064,E02007024,3589,1002,325,677,2587,2207,380
2021,Wiltshire 065,E02007025,4480,1015,315,700,3465,2818,647
2021,Wiltshire 066,E02007026,4960,964,270,694,3996,3201,795
2021,East Devon 021,E02007027,5764,1760,581,1179,4004,3272,732
2021,East Devon 022,E02007028,3490,852,206,646,2638,2316,322
2021,Derbyshire Dales 011,E02007029,5056,1882,720,1162,3174,2427,747
2021,Cheshire East 052,E02007030,3800,1020,399,621,2780,2171,609
2021,Cheshire East 053,E02007031,4529,1225,432,793,3304,2571,733
2021,North Norfolk 015,E02007032,2775,1016,336,680,1759,1484,275
2021,North Norfolk 016,E02007033,2706,913,307,606,1793,1507,286
2021,Tewkesbury 010,E02007034,4387,1180,362,818,3207,2807,400
2021,Tewkesbury 011,E02007035,3544,1153,354,799,2391,2093,298
2021,Birmingham 141,E02007038,5324,1715,499,1216,3609,3189,420
2021,Birmingham 142,E02007039,2461,1083,314,769,1378,1251,127
2021,Birmingham 143,E02007040,2217,1036,289,747,1181,1100,81
2021,Craven 009,E02007041,4706,1582,663,919,3124,2225,899
2021,Hambleton 012,E02007042,3205,1018,340,678,2187,1838,349
2021,Hambleton 013,E02007043,3013,949,300,649,2064,1769,295
2021,Ryedale 009,E02007044,3940,1125,333,792,2815,2356,459
2021,Ryedale 010,E02007045,3300,1042,340,702,2258,1856,402
2021,Ashford 015,E02007046,3086,887,278,609,2199,1847,352
2021,Ashford 016,E02007047,4805,1260,426,834,3545,2990,555
2021,Rugby 013,E02007048,3852,995,375,620,2857,2222,635
2021,Rugby 014,E02007049,4595,919,302,617,3676,3125,551
2021,Telford and Wrekin 024,E02007050,4403,1057,333,724,3346,2928,418
2021,Telford and Wrekin 025,E02007051,4581,1061,345,716,3520,2993,527
2021,Norwich 016,E02007052,3054,1031,378,653,2023,1797,226
2021,Norwich 017,E02007053,2628,881,422,459,1747,1509,238
2021,South Norfolk 016,E02007054,4711,1249,419,830,3462,2950,512
2021,South Norfolk 017,E02007055,3609,1168,394,774,2441,2070,371
2021,Colchester 023,E02007056,4673,1075,338,737,3598,3012,586
2021,Colchester 024,E02007057,4247,966,312,654,3281,2840,441
2021,Darlington 016,E02007058,5480,1478,472,1006,4002,3574,428
2021,Hartlepool 015,E02007059,4576,1397,427,970,3179,2738,441
2021,Stockton-on-Tees 025,E02007060,2162,672,218,454,1490,1259,231
2021,Stockton-on-Tees 026,E02007061,3514,1060,315,745,2454,2156,298
2021,Stockton-on-Tees 027,E02007062,4136,968,278,690,3168,2684,484
2021,Stockton-on-Tees 028,E02007063,5061,1320,415,905,3741,3112,629
2021,South Gloucestershire 033,E02007064,3986,1101,353,748,2885,2552,333
2021,South Gloucestershire 034,E02007065,4370,1031,310,721,3339,2995,344
2021,South Gloucestershire 035,E02007066,3638,1161,521,640,2477,2217,260
2021,South Gloucestershire 036,E02007067,3575,985,335,650,2590,2239,351
2021,Slough 015,E02007068,3324,933,332,601,2391,2125,266
2021,Slough 016,E02007069,3631,1046,407,639,2585,2271,314
2021,North Northamptonshire 020,E02007070,3262,886,317,569,2376,1922,454
2021,North Northamptonshire 023,E02007071,5325,1415,448,967,3910,3284,626
2021,West Northamptonshire 035,E02007072,4029,917,288,629,3112,2653,459
2021,West Northamptonshire 039,E02007073,4110,917,273,644,3193,2671,522
2021,Southampton 033,E02007074,3669,1358,582,776,2311,1994,317
2021,Southampton 034,E02007075,3614,586,199,387,3028,2558,470
2021,Test Valley 016,E02007076,4316,913,272,641,3403,2890,513
2021,Test Valley 017,E02007077,4090,886,287,599,3204,2740,464
2021,Test Valley 018,E02007078,2558,655,234,421,1903,1650,253
2021,Kingston upon Hull 034,E02007079,3772,1060,261,799,2712,2341,371
2021,Kingston upon Hull 035,E02007080,5239,1174,279,895,4065,3482,583
2021,North East Lincolnshire 024,E02007081,4663,1519,471,1048,3144,2592,552
2021,Nottingham 041,E02007082,5461,1867,822,1045,3594,3094,500
2021,Wandsworth 038,E02007083,4891,778,352,426,4113,2780,1333
2021,Wandsworth 039,E02007084,5405,1295,509,786,4110,3339,771
2021,South Cambridgeshire 022,E02007085,5775,1667,612,1055,4108,3411,697
2021,Cambridge 015,E02007086,5951,1323,477,846,4628,3805,823
2021,Cambridge 014,E02007087,2835,759,370,389,2076,1643,433
2021,North Hertfordshire 016,E02007088,3732,1188,487,701,2544,1933,611
2021,North Hertfordshire 017,E02007089,4148,979,376,603,3169,2679,490
2021,St Albans 021,E02007090,3017,923,363,560,2094,1669,425
2021,Stevenage 013,E02007091,3524,925,313,612,2599,2272,327
2021,Welwyn Hatfield 017,E02007092,2580,810,288,522,1770,1482,288
2021,East Hertfordshire 019,E02007093,3983,1215,515,700,2768,2139,629
2021,Gateshead 029,E02007094,2910,873,249,624,2037,1781,256
2021,Newcastle upon Tyne 032,E02007095,5273,1167,351,816,4106,3506,600
2021,Newcastle upon Tyne 033,E02007096,2856,846,242,604,2010,1764,246
2021,Newcastle upon Tyne 034,E02007097,3431,1560,864,696,1871,1671,200
2021,Newcastle upon Tyne 035,E02007098,2556,845,239,606,1711,1554,157
2021,Newcastle upon Tyne 036,E02007099,3320,1244,693,551,2076,1800,276
2021,Newcastle upon Tyne 037,E02007100,2732,1339,776,563,1393,1210,183
2021,Newcastle upon Tyne 038,E02007101,2825,1477,533,944,1348,1214,134
2021,Newcastle upon Tyne 039,E02007102,2209,985,423,562,1224,1113,111
2021,Newcastle upon Tyne 040,E02007103,2629,924,313,611,1705,1520,185
2021,Newcastle upon Tyne 041,E02007104,1695,799,278,521,896,817,79
2021,Northumberland 041,E02007105,5701,1714,473,1241,3987,3534,453
2021,Northumberland 042,E02007106,7231,1983,585,1398,5248,4632,616
2021,Northumberland 043,E02007107,3734,1286,490,796,2448,1854,594
2021,Hackney 030,E02007108,4090,688,249,439,3402,2613,789
2021,Hackney 031,E02007109,4241,933,380,553,3308,2582,726
2021,Hackney 032,E02007110,4100,906,369,537,3194,2425,769
2021,Hackney 033,E02007111,3880,685,274,411,3195,2188,1007
2021,Tower Hamlets 034,E02007112,3999,534,205,329,3465,2514,951
2021,Tower Hamlets 035,E02007113,4340,795,301,494,3545,2614,931
2021,Tower Hamlets 036,E02007114,3935,846,326,520,3089,2333,756
2021,Camden 029,E02007115,4165,1437,725,712,2728,2182,546
2021,Oxford 019,E02007116,4083,1185,487,698,2898,2572,326
2021,Isle of Anglesey 001,W02000001,3429,1039,289,750,2390,1944,446
2021,Isle of Anglesey 002,W02000002,2596,781,252,529,1815,1438,377
2021,Isle of Anglesey 003,W02000003,4204,1477,409,1068,2727,2347,380
2021,Isle of Anglesey 004,W02000004,3079,1032,324,708,2047,1676,371
2021,Isle of Anglesey 005,W02000005,3340,1146,370,776,2194,1764,430
2021,Isle of Anglesey 006,W02000006,3120,931,241,690,2189,1868,321
2021,Isle of Anglesey 007,W02000007,3143,914,275,639,2229,1834,395
2021,Isle of Anglesey 008,W02000008,2647,830,230,600,1817,1565,252
2021,Isle of Anglesey 009,W02000009,3642,1105,324,781,2537,2057,480
2021,Gwynedd 001,W02000010,2553,1314,673,641,1239,1068,171
2021,Gwynedd 002,W02000011,3688,1189,343,846,2499,2207,292
2021,Gwynedd 003,W02000012,3980,1276,344,932,2704,2311,393
2021,Gwynedd 004,W02000013,3187,888,229,659,2299,1982,317
2021,Gwynedd 005,W02000014,3350,1050,297,753,2300,1954,346
2021,Gwynedd 006,W02000015,3689,1097,291,806,2592,2284,308
2021,Gwynedd 007,W02000016,3020,857,251,606,2163,1843,320
2021,Gwynedd 008,W02000017,3413,1074,304,770,2339,1983,356
2021,Gwynedd 009,W02000018,2727,869,240,629,1858,1529,329
2021,Gwynedd 010,W02000019,2851,944,339,605,1907,1541,366
2021,Gwynedd 011,W02000020,2913,908,267,641,2005,1562,443
2021,Gwynedd 012,W02000021,3457,1115,326,789,2342,1941,401
2021,Gwynedd 013,W02000022,2313,822,293,529,1491,1199,292
2021,Gwynedd 014,W02000023,2388,819,308,511,1569,1135,434
2021,Gwynedd 015,W02000024,2791,880,319,561,1911,1395,516
2021,Gwynedd 016,W02000025,2709,948,306,642,1761,1395,366
2021,Gwynedd 017,W02000026,2785,971,330,641,1814,1424,390
2021,Conwy 001,W02000027,3433,1318,464,854,2115,1735,380
2021,Conwy 002,W02000028,2516,885,247,638,1631,1392,239
2021,Conwy 003,W02000029,2535,819,234,585,1716,1472,244
2021,Conwy 004,W02000030,2151,736,227,509,1415,1199,216
2021,Conwy 005,W02000031,3159,1012,251,761,2147,1843,304
2021,Conwy 006,W02000032,3604,1223,371,852,2381,2028,353
2021,Conwy 007,W02000033,2818,992,289,703,1826,1581,245
2021,Conwy 008,W02000034,3424,1071,347,724,2353,1965,388
2021,Conwy 009,W02000035,3826,1179,345,834,2647,2262,385
2021,Conwy 010,W02000036,4223,1372,398,974,2851,2478,373
2021,Conwy 011,W02000037,3356,1007,205,802,2349,2008,341
2021,Conwy 012,W02000038,2754,974,330,644,1780,1464,316
2021,Conwy 013,W02000039,3473,1211,379,832,2262,1948,314
2021,Conwy 014,W02000040,3341,929,299,630,2412,1685,727
2021,Conwy 015,W02000041,4109,1318,451,867,2791,2113,678
2021,Denbighshire 001,W02000042,2306,739,196,543,1567,1375,192
2021,Denbighshire 002,W02000043,2103,678,192,486,1425,1228,197
2021,Denbighshire 003,W02000044,2174,687,198,489,1487,1294,193
2021,Denbighshire 004,W02000045,3133,1102,307,795,2031,1736,295
2021,Denbighshire 006,W02000047,2019,720,171,549,1299,1157,142
2021,Denbighshire 008,W02000049,3028,860,252,608,2168,1793,375
2021,Denbighshire 009,W02000050,2927,819,201,618,2108,1840,268
2021,Denbighshire 010,W02000051,2341,674,217,457,1667,1399,268
2021,Denbighshire 011,W02000052,2056,628,179,449,1428,1215,213
2021,Denbighshire 012,W02000053,3075,888,269,619,2187,1768,419
2021,Denbighshire 013,W02000054,2909,917,321,596,1992,1520,472
2021,Denbighshire 014,W02000055,2539,767,251,516,1772,1445,327
2021,Denbighshire 015,W02000056,2490,763,214,549,1727,1255,472
2021,Denbighshire 016,W02000057,2844,974,318,656,1870,1459,411
2021,Flintshire 001,W02000058,2178,625,171,454,1553,1280,273
2021,Flintshire 002,W02000059,3024,893,285,608,2131,1802,329
2021,Flintshire 003,W02000060,4705,1333,361,972,3372,2904,468
2021,Flintshire 004,W02000061,3488,900,273,627,2588,2292,296
2021,Flintshire 005,W02000062,3062,819,241,578,2243,1994,249
2021,Flintshire 006,W02000063,3921,1091,372,719,2830,2257,573
2021,Flintshire 007,W02000064,2822,769,204,565,2053,1871,182
2021,Flintshire 008,W02000065,3765,963,278,685,2802,2472,330
2021,Flintshire 009,W02000066,4596,1247,345,902,3349,3018,331
2021,Flintshire 010,W02000067,3381,848,273,575,2533,2199,334
2021,Flintshire 011,W02000068,2554,638,185,453,1916,1697,219
2021,Flintshire 012,W02000069,3022,806,262,544,2216,1936,280
2021,Flintshire 013,W02000070,5259,1416,468,948,3843,3369,474
2021,Flintshire 014,W02000071,3330,860,266,594,2470,2168,302
2021,Flintshire 015,W02000072,5953,1498,396,1102,4455,3954,501
2021,Flintshire 016,W02000073,4495,1284,362,922,3211,2827,384
2021,Flintshire 017,W02000074,4721,1185,299,886,3536,3129,407
2021,Flintshire 018,W02000075,3249,912,292,620,2337,1995,342
2021,Flintshire 019,W02000076,3405,968,313,655,2437,2011,426
2021,Flintshire 020,W02000077,2886,762,218,544,2124,1817,307
2021,Wrexham 003,W02000080,3702,989,277,712,2713,2388,325
2021,Wrexham 004,W02000081,2624,732,188,544,1892,1670,222
2021,Wrexham 005,W02000082,3730,997,241,756,2733,2413,320
2021,Wrexham 006,W02000083,4263,1107,307,800,3156,2786,370
2021,Wrexham 008,W02000085,4118,1127,342,785,2991,2653,338
2021,Wrexham 010,W02000087,2458,837,210,627,1621,1448,173
2021,Wrexham 011,W02000088,4453,1100,310,790,3353,2917,436
2021,Wrexham 012,W02000089,3972,982,253,729,2990,2669,321
2021,Wrexham 013,W02000090,2527,696,190,506,1831,1582,249
2021,Wrexham 014,W02000091,2951,807,206,601,2144,1883,261
2021,Wrexham 015,W02000092,2964,852,213,639,2112,1848,264
2021,Wrexham 016,W02000093,3215,834,254,580,2381,1979,402
2021,Wrexham 017,W02000094,3756,1120,284,836,2636,2295,341
2021,Wrexham 018,W02000095,3058,959,312,647,2099,1568,531
2021,Wrexham 019,W02000096,3014,988,300,688,2026,1656,370
2021,Powys 001,W02000097,4406,1461,536,925,2945,2030,915
2021,Powys 002,W02000098,3111,916,283,633,2195,1668,527
2021,Powys 003,W02000099,3030,974,291,683,2056,1764,292
2021,Powys 004,W02000100,2966,1012,321,691,1954,1485,469
2021,Powys 005,W02000101,2717,845,310,535,1872,1407,465
2021,Powys 006,W02000102,3012,973,332,641,2039,1457,582
2021,Powys 007,W02000103,2877,891,283,608,1986,1410,576
2021,Powys 008,W02000104,2858,882,230,652,1976,1677,299
2021,Powys 009,W02000105,2207,706,189,517,1501,1274,227
2021,Powys 010,W02000106,3086,1046,324,722,2040,1502,538
2021,Powys 011,W02000107,4475,1481,491,990,2994,2122,872
2021,Powys 012,W02000108,3131,1034,331,703,2097,1495,602
2021,Powys 013,W02000109,2238,777,248,529,1461,1246,215
2021,Powys 014,W02000110,3243,1035,342,693,2208,1609,599
2021,Powys 015,W02000111,4082,1441,546,895,2641,1956,685
2021,Powys 017,W02000113,3786,1077,303,774,2709,2170,539
2021,Powys 018,W02000114,3073,1073,405,668,2000,1526,474
2021,Ceredigion 001,W02000116,3447,1088,337,751,2359,1987,372
2021,Ceredigion 002,W02000117,2982,1487,736,751,1495,1284,211
2021,Ceredigion 003,W02000118,2739,922,299,623,1817,1598,219
2021,Ceredigion 005,W02000120,3172,998,334,664,2174,1703,471
2021,Ceredigion 007,W02000122,2721,907,357,550,1814,1313,501
2021,Ceredigion 008,W02000123,3262,1034,351,683,2228,1656,572
2021,Ceredigion 009,W02000124,3383,1285,421,864,2098,1632,466
2021,Ceredigion 010,W02000125,3151,1049,343,706,2102,1534,568
2021,Pembrokeshire 001,W02000126,3782,1350,481,869,2432,1712,720
2021,Pembrokeshire 002,W02000127,3935,1500,507,993,2435,1852,583
2021,Pembrokeshire 003,W02000128,3385,1221,461,760,2164,1546,618
2021,Pembrokeshire 004,W02000129,3331,1086,345,741,2245,1653,592
2021,Pembrokeshire 005,W02000130,2906,1030,354,676,1876,1584,292
2021,Pembrokeshire 006,W02000131,3134,1012,272,740,2122,1781,341
2021,Pembrokeshire 007,W02000132,3177,1101,408,693,2076,1553,523
2021,Pembrokeshire 008,W02000133,3664,1258,419,839,2406,1816,590
2021,Pembrokeshire 009,W02000134,3611,1160,334,826,2451,1997,454
2021,Pembrokeshire 010,W02000135,2919,1010,279,731,1909,1543,366
2021,Pembrokeshire 011,W02000136,3382,1143,380,763,2239,1759,480
2021,Pembrokeshire 012,W02000137,3094,991,277,714,2103,1755,348
2021,Pembrokeshire 013,W02000138,3963,1319,384,935,2644,2177,467
2021,Pembrokeshire 014,W02000139,3234,1138,407,731,2096,1653,443
2021,Pembrokeshire 015,W02000140,2863,1013,317,696,1850,1447,403
2021,Pembrokeshire 016,W02000141,2387,941,329,612,1446,1128,318
2021,Carmarthenshire 001,W02000142,2507,731,191,540,1776,1338,438
2021,Carmarthenshire 002,W02000143,2484,835,276,559,1649,1126,523
2021,Carmarthenshire 003,W02000144,3361,1026,312,714,2335,1682,653
2021,Carmarthenshire 004,W02000145,3168,968,323,645,2200,1615,585
2021,Carmarthenshire 005,W02000146,3080,940,341,599,2140,1568,572
2021,Carmarthenshire 006,W02000147,4009,1198,365,833,2811,2279,532
2021,Carmarthenshire 007,W02000148,2311,754,204,550,1557,1319,238
2021,Carmarthenshire 008,W02000149,2752,839,255,584,1913,1616,297
2021,Carmarthenshire 010,W02000151,2960,904,244,660,2056,1744,312
2021,Carmarthenshire 011,W02000152,3554,996,299,697,2558,2155,403
2021,Carmarthenshire 012,W02000153,3872,1099,323,776,2773,2123,650
2021,Carmarthenshire 013,W02000154,3269,959,255,704,2310,1949,361
2021,Carmarthenshire 015,W02000156,3814,1133,311,822,2681,2232,449
2021,Carmarthenshire 016,W02000157,4668,1279,376,903,3389,2853,536
2021,Carmarthenshire 017,W02000158,2809,789,206,583,2020,1716,304
2021,Carmarthenshire 018,W02000159,2415,772,205,567,1643,1377,266
2021,Carmarthenshire 019,W02000160,3300,1003,290,713,2297,1957,340
2021,Carmarthenshire 020,W02000161,2125,643,179,464,1482,1323,159
2021,Carmarthenshire 021,W02000162,3266,1037,295,742,2229,1924,305
2021,Carmarthenshire 022,W02000163,2295,712,177,535,1583,1417,166
2021,Carmarthenshire 023,W02000164,3358,964,274,690,2394,2062,332
2021,Carmarthenshire 024,W02000165,2853,910,226,684,1943,1727,216
2021,Carmarthenshire 025,W02000166,3975,1172,291,881,2803,2436,367
2021,Carmarthenshire 026,W02000167,4141,1312,357,955,2829,2461,368
2021,Swansea 001,W02000168,2956,889,251,638,2067,1814,253
2021,Swansea 002,W02000169,3926,1253,389,864,2673,2315,358
2021,Swansea 003,W02000170,3899,1175,281,894,2724,2441,283
2021,Swansea 004,W02000171,4296,1135,323,812,3161,2768,393
2021,Swansea 005,W02000172,4693,1481,409,1072,3212,2790,422
2021,Swansea 006,W02000173,4042,1068,310,758,2974,2592,382
2021,Swansea 007,W02000174,4456,1319,360,959,3137,2763,374
2021,Swansea 008,W02000175,3219,1012,291,721,2207,1970,237
2021,Swansea 009,W02000176,3603,1137,264,873,2466,2200,266
2021,Swansea 010,W02000177,3383,979,224,755,2404,2098,306
2021,Swansea 011,W02000178,3098,1086,306,780,2012,1759,253
2021,Swansea 012,W02000179,2996,946,281,665,2050,1814,236
2021,Swansea 013,W02000180,3196,1132,328,804,2064,1855,209
2021,Swansea 014,W02000181,3274,984,246,738,2290,2005,285
2021,Swansea 015,W02000182,3495,1133,332,801,2362,2145,217
2021,Swansea 016,W02000183,4263,1427,400,1027,2836,2526,310
2021,Swansea 017,W02000184,2983,942,227,715,2041,1810,231
2021,Swansea 018,W02000185,2198,667,215,452,1531,1275,256
2021,Swansea 019,W02000186,2875,1095,271,824,1780,1603,177
2021,Swansea 021,W02000188,3431,1098,348,750,2333,2034,299
2021,Swansea 022,W02000189,3333,1047,342,705,2286,2018,268
2021,Swansea 024,W02000191,3621,1308,527,781,2313,2009,304
2021,Swansea 025,W02000192,3437,1191,465,726,2246,1951,295
2021,Swansea 026,W02000193,2827,1289,650,639,1538,1380,158
2021,Swansea 027,W02000194,2372,776,300,476,1596,1372,224
2021,Swansea 028,W02000195,2337,764,278,486,1573,1282,291
2021,Swansea 029,W02000196,2326,790,248,542,1536,1297,239
2021,Swansea 030,W02000197,2515,878,358,520,1637,1287,350
2021,Swansea 031,W02000198,2985,999,382,617,1986,1618,368
2021,Neath Port Talbot 002,W02000200,2083,592,161,431,1491,1285,206
2021,Neath Port Talbot 003,W02000201,2182,582,134,448,1600,1368,232
2021,Neath Port Talbot 004,W02000202,5611,1668,514,1154,3943,3423,520
2021,Neath Port Talbot 006,W02000204,2989,811,250,561,2178,1867,311
2021,Neath Port Talbot 007,W02000205,2338,720,189,531,1618,1439,179
2021,Neath Port Talbot 008,W02000206,2449,808,215,593,1641,1464,177
2021,Neath Port Talbot 009,W02000207,2342,642,164,478,1700,1504,196
2021,Neath Port Talbot 010,W02000208,5176,1491,450,1041,3685,3251,434
2021,Neath Port Talbot 012,W02000210,2515,719,194,525,1796,1602,194
2021,Neath Port Talbot 013,W02000211,3143,916,247,669,2227,1979,248
2021,Neath Port Talbot 014,W02000212,3361,908,269,639,2453,2131,322
2021,Neath Port Talbot 015,W02000213,3075,784,197,587,2291,2037,254
2021,Neath Port Talbot 016,W02000214,3547,1098,285,813,2449,2157,292
2021,Neath Port Talbot 017,W02000215,3676,1102,302,800,2574,2282,292
2021,Neath Port Talbot 018,W02000216,3101,928,242,686,2173,1923,250
2021,Neath Port Talbot 019,W02000217,2805,748,214,534,2057,1763,294
2021,Bridgend 001,W02000218,2445,755,192,563,1690,1499,191
2021,Bridgend 002,W02000219,3071,948,248,700,2123,1900,223
2021,Bridgend 003,W02000220,3377,943,229,714,2434,2131,303
2021,Bridgend 004,W02000221,3309,927,257,670,2382,2117,265
2021,Bridgend 005,W02000222,2582,699,182,517,1883,1653,230
2021,Bridgend 006,W02000223,2823,794,237,557,2029,1776,253
2021,Bridgend 007,W02000224,2982,817,246,571,2165,1886,279
2021,Bridgend 008,W02000225,3805,1165,308,857,2640,2298,342
2021,Bridgend 009,W02000226,4672,1272,392,880,3400,2969,431
2021,Bridgend 010,W02000227,3142,976,260,716,2166,1874,292
2021,Bridgend 011,W02000228,5899,1263,323,940,4636,3994,642
2021,Bridgend 012,W02000229,2591,745,198,547,1846,1615,231
2021,Bridgend 013,W02000230,2584,674,224,450,1910,1665,245
2021,Bridgend 014,W02000231,3583,1073,314,759,2510,2231,279
2021,Bridgend 015,W02000232,2898,781,229,552,2117,1842,275
2021,Bridgend 016,W02000233,2649,797,229,568,1852,1642,210
2021,Bridgend 017,W02000234,5160,1343,408,935,3817,3282,535
2021,Bridgend 018,W02000235,3603,1022,322,700,2581,2153,428
2021,Bridgend 019,W02000236,2811,849,258,591,1962,1660,302
2021,Vale of Glamorgan 001,W02000237,2848,824,318,506,2024,1609,415
2021,Vale of Glamorgan 002,W02000238,2704,862,326,536,1842,1433,409
2021,Vale of Glamorgan 003,W02000239,3832,1123,404,719,2709,2117,592
2021,Vale of Glamorgan 004,W02000240,4282,1301,382,919,2981,2610,371
2021,Vale of Glamorgan 005,W02000241,4815,1428,506,922,3387,2818,569
2021,Vale of Glamorgan 006,W02000242,3700,1130,348,782,2570,2168,402
2021,Vale of Glamorgan 007,W02000243,3786,1286,331,955,2500,2236,264
2021,Vale of Glamorgan 008,W02000244,4426,1413,470,943,3013,2520,493
2021,Vale of Glamorgan 009,W02000245,3860,1229,346,883,2631,2311,320
2021,Vale of Glamorgan 010,W02000246,2388,706,192,514,1682,1462,220
2021,Vale of Glamorgan 011,W02000247,3724,1088,353,735,2636,2234,402
2021,Vale of Glamorgan 012,W02000248,4819,1604,419,1185,3215,2849,366
2021,Vale of Glamorgan 013,W02000249,3949,1247,325,922,2702,2371,331
2021,Vale of Glamorgan 014,W02000250,5497,1482,471,1011,4015,3409,606
2021,Vale of Glamorgan 015,W02000251,5282,1513,453,1060,3769,3288,481
2021,Rhondda Cynon Taf 001,W02000252,3425,980,271,709,2445,2035,410
2021,Rhondda Cynon Taf 002,W02000253,2964,809,206,603,2155,1868,287
2021,Rhondda Cynon Taf 003,W02000254,3341,921,259,662,2420,2102,318
2021,Rhondda Cynon Taf 004,W02000255,2933,821,262,559,2112,1851,261
2021,Rhondda Cynon Taf 005,W02000256,4234,1207,296,911,3027,2668,359
2021,Rhondda Cynon Taf 006,W02000257,2998,793,207,586,2205,1979,226
2021,Rhondda Cynon Taf 007,W02000258,2192,626,164,462,1566,1402,164
2021,Rhondda Cynon Taf 008,W02000259,2204,649,176,473,1555,1422,133
2021,Rhondda Cynon Taf 009,W02000260,2122,607,142,465,1515,1377,138
2021,Rhondda Cynon Taf 010,W02000261,3202,882,191,691,2320,2068,252
2021,Rhondda Cynon Taf 011,W02000262,2286,641,153,488,1645,1470,175
2021,Rhondda Cynon Taf 012,W02000263,2758,755,187,568,2003,1766,237
2021,Rhondda Cynon Taf 013,W02000264,2230,658,155,503,1572,1399,173
2021,Rhondda Cynon Taf 014,W02000265,3835,1079,259,820,2756,2433,323
2021,Rhondda Cynon Taf 015,W02000266,3178,865,212,653,2313,2021,292
2021,Rhondda Cynon Taf 016,W02000267,2710,820,179,641,1890,1693,197
2021,Rhondda Cynon Taf 017,W02000268,3932,1139,288,851,2793,2478,315
2021,Rhondda Cynon Taf 018,W02000269,3457,985,228,757,2472,2211,261
2021,Rhondda Cynon Taf 019,W02000270,3142,868,219,649,2274,2037,237
2021,Rhondda Cynon Taf 020,W02000271,2190,575,150,425,1615,1412,203
2021,Rhondda Cynon Taf 021,W02000272,4585,1286,380,906,3299,2921,378
2021,Rhondda Cynon Taf 022,W02000273,3914,1421,582,839,2493,2201,292
2021,Rhondda Cynon Taf 023,W02000274,4754,1220,285,935,3534,3065,469
2021,Rhondda Cynon Taf 024,W02000275,2711,716,172,544,1995,1745,250
2021,Rhondda Cynon Taf 025,W02000276,2710,683,180,503,2027,1785,242
2021,Rhondda Cynon Taf 026,W02000277,3283,925,248,677,2358,2095,263
2021,Rhondda Cynon Taf 027,W02000278,4569,1172,348,824,3397,2962,435
2021,Rhondda Cynon Taf 028,W02000279,3697,1049,298,751,2648,2318,330
2021,Rhondda Cynon Taf 029,W02000280,4764,1237,362,875,3527,3058,469
2021,Rhondda Cynon Taf 030,W02000281,3470,957,325,632,2513,2208,305
2021,Rhondda Cynon Taf 031,W02000282,5603,1492,460,1032,4111,3517,594
2021,Merthyr Tydfil 002,W02000284,4235,1146,305,841,3089,2716,373
2021,Merthyr Tydfil 003,W02000285,3837,1015,262,753,2822,2456,366
2021,Merthyr Tydfil 004,W02000286,2715,788,224,564,1927,1691,236
2021,Merthyr Tydfil 005,W02000287,3988,1068,278,790,2920,2554,366
2021,Merthyr Tydfil 006,W02000288,3415,931,226,705,2484,2169,315
2021,Merthyr Tydfil 007,W02000289,3991,1027,267,760,2964,2601,363
2021,Caerphilly 001,W02000290,3331,906,243,663,2425,2140,285
2021,Caerphilly 002,W02000291,2931,792,181,611,2139,1874,265
2021,Caerphilly 003,W02000292,2352,649,196,453,1703,1513,190
2021,Caerphilly 004,W02000293,2397,703,184,519,1694,1490,204
2021,Caerphilly 005,W02000294,2392,632,183,449,1760,1537,223
2021,Caerphilly 006,W02000295,4409,1076,268,808,3333,2911,422
2021,Caerphilly 007,W02000296,3081,812,189,623,2269,2022,247
2021,Caerphilly 008,W02000297,3305,838,217,621,2467,2157,310
2021,Caerphilly 009,W02000298,3296,794,227,567,2502,2222,280
2021,Caerphilly 010,W02000299,2631,724,206,518,1907,1681,226
2021,Caerphilly 011,W02000300,3586,917,239,678,2669,2342,327
2021,Caerphilly 012,W02000301,3681,909,228,681,2772,2459,313
2021,Caerphilly 013,W02000302,4528,1129,303,826,3399,2969,430
2021,Caerphilly 014,W02000303,3446,874,249,625,2572,2307,265
2021,Caerphilly 015,W02000304,2571,690,191,499,1881,1650,231
2021,Caerphilly 016,W02000305,2790,753,209,544,2037,1817,220
2021,Caerphilly 017,W02000306,2295,615,146,469,1680,1494,186
2021,Caerphilly 018,W02000307,2805,820,188,632,1985,1756,229
2021,Caerphilly 019,W02000308,3797,1043,268,775,2754,2457,297
2021,Caerphilly 020,W02000309,2985,820,219,601,2165,1928,237
2021,Caerphilly 021,W02000310,2256,662,208,454,1594,1391,203
2021,Caerphilly 022,W02000311,4131,1209,362,847,2922,2617,305
2021,Caerphilly 023,W02000312,3193,902,248,654,2291,2061,230
2021,Caerphilly 024,W02000313,5254,1383,388,995,3871,3384,487
2021,Blaenau Gwent 001,W02000314,2716,669,176,493,2047,1805,242
2021,Blaenau Gwent 002,W02000315,2301,614,123,491,1687,1491,196
2021,Blaenau Gwent 003,W02000316,2779,743,200,543,2036,1799,237
2021,Blaenau Gwent 004,W02000317,3435,927,227,700,2508,2254,254
2021,Blaenau Gwent 005,W02000318,3811,1000,238,762,2811,2470,341
2021,Blaenau Gwent 006,W02000319,3515,925,238,687,2590,2286,304
2021,Blaenau Gwent 007,W02000320,3703,1032,274,758,2671,2348,323
2021,Blaenau Gwent 008,W02000321,3700,977,276,701,2723,2460,263
2021,Blaenau Gwent 009,W02000322,2835,698,195,503,2137,1904,233
2021,Torfaen 001,W02000323,2526,666,179,487,1860,1682,178
2021,Torfaen 002,W02000324,2972,809,216,593,2163,1892,271
2021,Torfaen 003,W02000325,2930,895,257,638,2035,1791,244
2021,Torfaen 004,W02000326,3908,1058,264,794,2850,2534,316
2021,Torfaen 005,W02000327,2526,651,167,484,1875,1644,231
2021,Torfaen 006,W02000328,3609,885,227,658,2724,2438,286
2021,Torfaen 007,W02000329,3770,1031,321,710,2739,2419,320
2021,Torfaen 008,W02000330,3095,832,226,606,2263,1987,276
2021,Torfaen 009,W02000331,2577,806,219,587,1771,1591,180
2021,Torfaen 010,W02000332,3213,872,216,656,2341,2058,283
2021,Torfaen 011,W02000333,2888,815,202,613,2073,1849,224
2021,Torfaen 012,W02000334,3084,859,270,589,2225,1943,282
2021,Torfaen 013,W02000335,3556,902,273,629,2654,2299,355
2021,Monmouthshire 001,W02000336,3883,1264,445,819,2619,2085,534
2021,Monmouthshire 002,W02000337,3126,1028,339,689,2098,1766,332
2021,Monmouthshire 003,W02000338,3718,1170,360,810,2548,2135,413
2021,Monmouthshire 004,W02000339,4770,1483,494,989,3287,2707,580
2021,Monmouthshire 005,W02000340,3382,1085,399,686,2297,1655,642
2021,Monmouthshire 006,W02000341,3800,1177,462,715,2623,2007,616
2021,Monmouthshire 007,W02000342,4403,1388,494,894,3015,2378,637
2021,Monmouthshire 008,W02000343,4014,1112,370,742,2902,2504,398
2021,Monmouthshire 009,W02000344,4153,1183,406,777,2970,2415,555
2021,Monmouthshire 010,W02000345,3505,1055,289,766,2450,2112,338
2021,Monmouthshire 011,W02000346,4078,1102,385,717,2976,2547,429
2021,Newport 001,W02000347,3647,1006,314,692,2641,2240,401
2021,Newport 002,W02000348,3370,1006,256,750,2364,2074,290
2021,Newport 003,W02000349,3306,998,219,779,2308,2051,257
2021,Newport 004,W02000350,5035,1294,410,884,3741,3136,605
2021,Newport 005,W02000351,2627,791,219,572,1836,1602,234
2021,Newport 006,W02000352,3018,909,238,671,2109,1868,241
2021,Newport 007,W02000353,3637,1043,273,770,2594,2331,263
2021,Newport 008,W02000354,2568,759,204,555,1809,1572,237
2021,Newport 009,W02000355,4942,1234,356,878,3708,3263,445
2021,Newport 010,W02000356,1950,689,181,508,1261,1116,145
2021,Newport 011,W02000357,3910,1206,326,880,2704,2437,267
2021,Newport 012,W02000358,3107,768,250,518,2339,1969,370
2021,Newport 013,W02000359,5557,1617,433,1184,3940,3526,414
2021,Newport 014,W02000360,3081,863,287,576,2218,1929,289
2021,Newport 015,W02000361,5167,1586,413,1173,3581,3159,422
2021,Newport 016,W02000362,3482,870,245,625,2612,2238,374
2021,Newport 017,W02000363,2554,776,196,580,1778,1589,189
2021,Newport 018,W02000364,3648,1117,329,788,2531,2252,279
2021,Newport 019,W02000365,3745,1017,258,759,2728,2407,321
2021,Newport 020,W02000366,4441,1105,356,749,3336,2803,533
2021,Cardiff 001,W02000367,2861,811,267,544,2050,1733,317
2021,Cardiff 002,W02000368,2965,868,256,612,2097,1857,240
2021,Cardiff 003,W02000369,5575,1368,440,928,4207,3707,500
2021,Cardiff 004,W02000370,2925,920,274,646,2005,1699,306
2021,Cardiff 005,W02000371,4146,1142,344,798,3004,2659,345
2021,Cardiff 006,W02000372,4003,1056,343,713,2947,2466,481
2021,Cardiff 007,W02000373,2825,989,277,712,1836,1627,209
2021,Cardiff 008,W02000374,2539,834,260,574,1705,1429,276
2021,Cardiff 009,W02000375,3063,937,274,663,2126,1916,210
2021,Cardiff 010,W02000376,3099,880,227,653,2219,1935,284
2021,Cardiff 011,W02000377,3792,967,263,704,2825,2532,293
2021,Cardiff 012,W02000378,3491,993,283,710,2498,2206,292
2021,Cardiff 013,W02000379,2197,725,184,541,1472,1297,175
2021,Cardiff 014,W02000380,3786,1065,361,704,2721,2309,412
2021,Cardiff 015,W02000381,2834,856,218,638,1978,1783,195
2021,Cardiff 016,W02000382,2134,681,198,483,1453,1282,171
2021,Cardiff 017,W02000383,3034,1055,289,766,1979,1818,161
2021,Cardiff 018,W02000384,2801,774,245,529,2027,1775,252
2021,Cardiff 019,W02000385,2763,886,326,560,1877,1549,328
2021,Cardiff 020,W02000386,3444,1034,298,736,2410,2097,313
2021,Cardiff 021,W02000387,2752,799,244,555,1953,1733,220
2021,Cardiff 022,W02000388,2718,859,251,608,1859,1638,221
2021,Cardiff 023,W02000389,3820,1222,345,877,2598,2324,274
2021,Cardiff 024,W02000390,2548,797,265,532,1751,1480,271
2021,Cardiff 025,W02000391,3543,1216,585,631,2327,2105,222
2021,Cardiff 026,W02000392,4107,1221,459,762,2886,2474,412
2021,Cardiff 027,W02000393,2972,918,248,670,2054,1844,210
2021,Cardiff 028,W02000394,3392,1578,889,689,1814,1639,175
2021,Cardiff 029,W02000395,3312,935,306,629,2377,2006,371
2021,Cardiff 030,W02000396,3876,1235,559,676,2641,2382,259
2021,Cardiff 031,W02000397,2884,855,242,613,2029,1810,219
2021,Cardiff 032,W02000398,3117,1540,978,562,1577,1377,200
2021,Cardiff 033,W02000399,4908,1637,719,918,3271,2970,301
2021,Cardiff 034,W02000400,3794,903,342,561,2891,2398,493
2021,Cardiff 035,W02000401,3088,792,245,547,2296,1983,313
2021,Cardiff 036,W02000402,4445,1554,611,943,2891,2613,278
2021,Cardiff 037,W02000403,3393,1048,296,752,2345,2078,267
2021,Cardiff 038,W02000404,2903,807,271,536,2096,1870,226
2021,Cardiff 039,W02000405,2388,958,276,682,1430,1260,170
2021,Cardiff 040,W02000406,5271,1439,473,966,3832,3372,460
2021,Cardiff 041,W02000407,2413,880,275,605,1533,1360,173
2021,Cardiff 042,W02000408,3107,1191,378,813,1916,1709,207
2021,Cardiff 043,W02000409,2387,806,232,574,1581,1409,172
2021,Cardiff 044,W02000410,3683,1403,477,926,2280,2047,233
2021,Cardiff 045,W02000411,2616,904,253,651,1712,1519,193
2021,Cardiff 046,W02000412,2947,948,336,612,1999,1773,226
2021,Powys 020,W02000414,3010,924,321,603,2086,1372,714
2021,Merthyr Tydfil 008,W02000415,3453,1067,271,796,2386,2092,294
2021,Powys 021,W02000416,4418,1358,359,999,3060,2585,475
2021,Neath Port Talbot 020,W02000417,4327,1331,352,979,2996,2591,405
2021,Carmarthenshire 027,W02000418,5615,1810,627,1183,3805,2873,932
2021,Denbighshire 017,W02000419,4902,1545,378,1167,3357,2933,424
2021,Ceredigion 011,W02000421,5262,1685,543,1142,3577,2747,830
2021,Cardiff 048,W02000422,5025,832,322,510,4193,3713,480
2021,Cardiff 049,W02000423,4747,1255,524,731,3492,3072,420
2021,Wrexham 021,W02000424,3098,885,313,572,2213,1869,344
2021,Wrexham 022,W02000425,3484,963,318,645,2521,2025,496
2021,Wrexham 023,W02000426,4416,1293,319,974,3123,2803,320
2021,Neath Port Talbot 021,W02000427,4467,1264,348,916,3203,2797,406
2021,Swansea 032,W02000428,4574,1517,448,1069,3057,2702,355
